frame cameraID trackID left right top bottom number_pixels truncation_ratio occupancy_ratio isMoving
25 0 0 124 167 198 223 797 0 0.7413954 True
25 1 0 116 159 198 223 801 0 0.7451163 True
26 0 0 113 162 199 225 948 0 0.744113 True
26 1 0 104 153 199 225 959 0 0.7527472 True
27 0 0 102 155 199 227 1114 0 0.7506738 True
27 1 0 92 146 199 227 1129 0 0.7466931 True
28 0 0 89 146 199 230 1293 0 0.7317487 True
28 1 0 78 137 199 230 1306 0 0.7140514 True
29 0 0 73 137 199 233 1563 0 0.7182904 True
29 1 0 61 126 199 233 1586 0 0.7176471 True
30 0 0 54 125 199 236 1917 0 0.7297297 True
30 1 0 41 114 199 236 1948 0 0.7212144 True
31 0 0 31 111 199 241 2412 0 0.7178571 True
31 1 0 16 99 199 241 2449 0 0.7025244 True
32 0 0 4 97 199 247 3107 0 0.6960126 True
32 1 0 0 83 199 246 2885 0.03308451 0.739554 True
33 0 0 0 79 201 254 3203 0.1247833 0.7649869 True
33 1 0 0 63 201 253 2482 0.3498026 0.7576312 True
34 0 0 0 56 203 263 2473 0.54807 0.7360119 True
34 1 0 0 38 203 262 1500 0.7705267 0.6690455 True
35 0 0 0 25 207 271 878 0.9285599 0.54875 True
35 1 0 0 4 207 264 16 0.9992471 0.07017544 True
54 0 1 158 196 196 222 657 0 0.6649798 True
54 0 3 220 251 192 215 475 0 0.6661991 True
54 1 1 149 187 196 222 669 0 0.6771255 True
54 1 3 213 243 192 215 486 0 0.7043478 True
55 0 1 156 195 194 221 702 0 0.6666667 True
55 0 3 221 251 191 214 471 0 0.6826087 True
55 1 1 147 186 194 221 712 0 0.6761633 True
55 1 3 213 244 191 214 478 0 0.6704068 True
56 0 1 154 194 192 220 738 0 0.6589286 True
56 0 3 221 252 189 212 484 0 0.6788219 True
56 1 1 144 186 192 220 745 0 0.6335034 True
56 1 3 213 244 189 212 491 0 0.6886395 True
57 0 1 153 194 191 220 757 0 0.6366695 True
57 0 3 221 252 188 212 495 0 0.6653226 True
57 1 1 143 185 191 220 772 0 0.633826 True
57 1 3 213 245 188 212 501 0 0.6523438 True
58 0 1 151 193 192 221 794 0 0.6518884 True
58 0 3 222 253 188 212 510 0 0.6854839 True
58 1 1 141 184 192 221 811 0 0.6503609 True
58 1 3 213 245 188 212 522 0 0.6796875 True
59 0 1 148 191 194 223 843 0 0.6760225 True
59 0 3 221 253 190 215 524 0 0.655 True
59 1 1 138 182 194 223 859 0 0.6731975 True
59 1 3 213 245 190 215 536 0 0.67 True
60 0 1 145 190 195 225 893 0 0.6614815 True
60 0 3 221 253 191 216 535 0 0.66875 True
60 1 1 135 181 195 225 912 0 0.6608695 True
60 1 3 213 245 191 216 547 0 0.68375 True
61 0 1 143 189 196 227 942 0 0.660589 True
61 0 3 221 253 192 217 551 0 0.68875 True
61 1 1 132 180 196 227 954 0 0.641129 True
61 1 3 212 245 192 217 556 0 0.6739394 True
62 0 1 140 188 197 229 997 0 0.6490886 True
62 0 3 220 253 194 219 568 0 0.6884848 True
62 1 1 129 179 197 229 1013 0 0.633125 True
62 1 3 212 245 194 219 579 0 0.7018182 True
63 0 1 138 187 199 231 1049 0 0.6690051 True
63 0 3 220 253 195 221 582 0 0.6783217 True
63 1 1 126 177 199 231 1068 0 0.6544118 True
63 1 3 211 245 195 221 588 0 0.6651584 True
64 0 1 135 186 199 233 1117 0 0.6441753 True
64 0 3 219 253 195 222 605 0 0.6590414 True
64 1 1 123 176 199 233 1140 0 0.6326304 True
64 1 3 210 245 195 222 621 0 0.6571429 True
65 0 1 133 186 199 233 1158 0 0.6426193 True
65 0 3 219 253 195 221 622 0 0.7036199 True
65 1 1 121 175 199 233 1185 0 0.6454248 True
65 1 3 210 245 195 221 634 0 0.6967033 True
66 0 1 131 185 197 233 1225 0 0.6301441 True
66 0 3 218 253 193 220 640 0 0.6772487 True
66 1 1 119 174 197 233 1253 0 0.6328283 True
66 1 3 209 245 193 220 658 0 0.6769547 True
67 0 1 127 183 197 233 1289 0 0.6393849 True
67 0 3 217 253 192 220 668 0 0.6626984 True
67 1 1 115 172 197 233 1312 0 0.6393762 True
67 1 3 208 245 192 220 685 0 0.6611969 True
68 0 1 123 180 196 234 1365 0 0.6301939 True
68 0 3 217 253 192 220 692 0 0.6865079 True
68 0 6 187 216 192 216 537 0 0.7715517 True
68 1 1 111 169 196 234 1400 0 0.6352087 True
68 1 3 207 245 192 220 703 0 0.6607143 True
68 1 6 179 209 192 216 547 0 0.7597222 True
69 0 1 119 178 198 236 1445 0 0.6445138 True
69 0 3 216 253 193 221 716 0 0.6911197 True
69 0 6 186 215 193 217 559 0 0.8031609 True
69 1 1 106 166 198 236 1483 0 0.6504386 True
69 1 3 207 245 193 221 729 0 0.6851504 True
69 1 6 178 208 193 217 562 0 0.7805555 True
70 0 4 91 136 199 227 744 0 0.5904762 True
70 0 1 117 177 198 238 1526 0 0.6358333 True
70 0 3 216 254 193 222 737 0 0.668784 True
70 0 6 184 215 193 218 574 0 0.7406452 True
70 1 4 81 127 199 227 671 0 0.5209627 True
70 1 1 103 165 198 238 1557 0 0.6278226 True
70 1 3 207 245 193 222 750 0 0.6805807 True
70 1 6 176 207 193 218 583 0 0.7522581 True
71 0 4 77 128 200 231 1025 0 0.6483238 True
71 0 1 114 176 198 239 1600 0 0.6294256 True
71 0 3 216 254 193 223 752 0 0.6596491 True
71 0 6 183 214 194 218 586 0 0.7876344 True
71 1 4 66 118 200 231 963 0 0.5973945 True
71 1 1 100 164 198 239 1649 0 0.6284299 True
71 1 3 206 245 193 223 766 0 0.6547009 True
71 1 6 175 206 194 218 598 0 0.8037634 True
72 0 4 61 118 200 234 1414 0 0.7296182 True
72 0 1 111 175 198 240 1704 0 0.6339286 True
72 0 3 216 255 193 223 783 0 0.6692308 True
72 0 6 182 213 193 218 611 0 0.7883871 True
72 1 4 49 107 200 234 1388 0 0.703854 True
72 1 1 96 162 198 240 1744 0 0.6291486 True
72 1 3 206 246 193 223 800 0 0.6666667 True
72 1 6 174 206 193 218 621 0 0.77625 True
73 0 4 40 105 200 239 1819 0 0.7175542 True
73 0 1 108 173 198 241 1808 0 0.6468694 True
73 0 3 216 255 192 223 798 0 0.6600496 True
73 0 6 181 212 193 218 631 0 0.8141935 True
73 1 4 27 93 200 239 1856 0 0.7210567 True
73 1 1 93 160 198 241 1859 0 0.6452621 True
73 1 3 206 246 192 223 818 0 0.6596774 True
73 1 6 173 205 193 218 638 0 0.7975 True
74 0 4 15 90 201 245 2361 0 0.7154545 True
74 0 1 104 172 198 242 1909 0 0.6380348 True
74 0 3 215 255 192 223 830 0 0.6693549 True
74 0 6 180 212 193 219 655 0 0.7872596 True
74 1 4 0 77 201 245 2406 0 0.7101535 True
74 1 1 89 159 198 242 1956 0 0.635065 True
74 1 3 205 246 192 223 848 0 0.6671912 True
74 1 6 171 204 193 219 661 0 0.7703963 True
75 0 4 0 72 201 251 2705 0.06574327 0.7513889 True
75 0 1 100 170 197 243 2026 0 0.6291925 True
75 0 3 214 255 192 223 862 0 0.6782061 True
75 0 2 142 187 196 227 566 0 0.4057348 True
75 0 6 178 211 192 218 588 0 0.6853147 True
75 1 4 0 57 201 250 2110 0.2773545 0.7554601 True
75 1 1 84 157 197 243 2081 0 0.6197141 True
75 1 3 204 245 192 223 874 0 0.6876475 True
75 1 2 131 177 196 227 651 0 0.4565217 True
75 1 6 169 203 192 218 620 0 0.7013575 True
76 0 4 0 48 202 258 1979 0.5456614 0.7362351 True
76 0 1 96 168 196 243 2160 0 0.6382979 True
76 0 3 213 254 191 223 890 0 0.6783537 True
76 0 2 140 186 195 227 595 0 0.404212 True
76 0 6 177 210 191 217 624 0 0.7272727 True
76 1 4 0 31 202 256 1105 0.7936611 0.6600956 True
76 1 1 80 154 196 243 2212 0 0.6359977 True
76 1 3 203 245 191 223 911 0 0.6778274 True
76 1 2 128 175 195 227 685 0 0.4554521 True
76 1 6 168 202 191 217 658 0 0.7443439 True
77 0 4 0 16 203 262 475 0.959563 0.5031779 True
77 0 1 92 166 195 244 2280 0 0.628792 True
77 0 3 212 254 189 222 912 0 0.6580086 True
77 0 2 137 184 194 227 636 0 0.410058 True
77 0 6 175 209 190 217 645 0 0.7026144 True
77 1 1 75 152 195 244 2348 0 0.6223165 True
77 1 3 201 244 189 222 937 0 0.6603242 True
77 1 2 125 173 194 227 719 0 0.4539141 True
77 1 6 166 201 190 217 687 0 0.7269841 True
78 0 1 87 164 195 245 2422 0 0.6290909 True
78 0 3 211 254 189 222 956 0 0.6737139 True
78 0 2 134 182 194 227 665 0 0.4198232 True
78 0 6 173 209 189 217 675 0 0.6696429 True
78 1 1 70 150 195 245 2499 0 0.62475 True
78 1 3 200 244 189 222 986 0 0.6790634 True
78 1 2 122 171 194 227 764 0 0.4724799 True
78 1 6 164 200 189 217 720 0 0.7142857 True
79 0 1 82 162 197 249 2580 0 0.6201923 True
79 0 3 211 254 191 225 979 0 0.6696306 True
79 0 2 131 180 196 230 689 0 0.4135654 True
79 0 6 172 208 191 219 704 0 0.6984127 True
79 1 1 64 147 197 249 2662 0 0.6167748 True
79 1 3 199 244 191 225 1010 0 0.6601307 True
79 1 2 119 169 196 230 794 0 0.4670588 True
79 1 6 163 200 191 219 749 0 0.722973 True
80 0 1 78 160 199 253 2736 0 0.6178862 True
80 0 3 210 254 192 227 1012 0 0.6571429 True
80 0 2 128 179 198 233 724 0 0.4056022 True
80 0 6 171 207 193 221 740 0 0.734127 True
80 1 1 60 145 199 253 2823 0 0.6150327 True
80 1 3 198 244 192 227 1037 0 0.6440994 True
80 1 2 116 167 198 233 833 0 0.4666667 True
80 1 6 161 199 193 221 785 0 0.7377819 True
81 0 1 73 158 200 255 2900 0 0.6203209 True
81 0 3 209 254 193 228 1037 0 0.6584127 True
81 0 2 126 177 199 234 758 0 0.4246499 True
81 0 6 169 206 194 222 774 0 0.7471042 True
81 1 1 54 142 200 255 2994 0 0.6185951 True
81 1 3 198 243 193 228 1064 0 0.6755555 True
81 1 2 113 166 199 234 868 0 0.4679245 True
81 1 6 160 198 194 222 812 0 0.7631579 True
82 0 1 69 156 200 257 3080 0 0.621093 True
82 0 3 209 254 193 229 1078 0 0.6654321 True
82 0 2 123 175 199 235 793 0 0.4236111 True
82 0 6 167 206 194 223 794 0 0.7020336 True
82 1 1 49 140 200 257 3189 0 0.6148062 True
82 1 3 197 243 193 229 1105 0 0.6672705 True
82 1 2 110 164 199 235 910 0 0.468107 True
82 1 6 158 197 194 223 848 0 0.749779 True
83 0 1 63 154 201 259 3295 0 0.6242895 True
83 0 3 208 254 194 230 1128 0 0.6811594 True
83 0 2 121 174 199 237 816 0 0.4051639 True
83 0 6 166 205 194 223 825 0 0.729443 True
83 1 1 43 137 201 259 3406 0 0.6247249 True
83 1 3 196 243 194 230 1151 0 0.6802601 True
83 1 2 107 162 199 237 949 0 0.454067 True
83 1 6 156 196 194 223 878 0 0.7568966 True
84 0 1 58 152 201 262 3517 0 0.6133589 True
84 0 3 208 254 194 231 1139 0 0.6692127 True
84 0 2 118 172 200 238 877 0 0.4273879 True
84 0 6 165 204 194 224 853 0 0.7290598 True
84 1 1 37 135 201 262 3631 0 0.6073938 True
84 1 3 195 243 194 231 1170 0 0.6587838 True
84 1 2 104 160 200 238 1010 0 0.4746241 True
84 1 6 155 195 194 224 903 0 0.7525 True
85 0 1 53 150 201 264 3755 0 0.6144657 True
85 0 3 207 255 194 231 1164 0 0.6554054 True
85 0 2 115 170 200 239 911 0 0.4247086 True
85 0 6 164 204 194 224 886 0 0.7383333 True
85 1 1 31 133 201 264 3891 0 0.6055089 True
85 1 3 194 243 194 231 1202 0 0.6629895 True
85 1 2 101 158 200 239 1054 0 0.4741341 True
85 1 6 154 195 194 224 927 0 0.7536585 True
86 0 5 48 115 191 234 951 0 0.3300937 True
86 0 1 47 149 202 267 4008 0 0.6045249 True
86 0 3 207 255 194 232 1222 0 0.6699561 True
86 0 2 112 169 200 240 957 0 0.4197368 True
86 0 6 163 203 195 225 905 0 0.7541667 True
86 1 5 36 105 191 234 803 0 0.2706437 True
86 1 1 25 131 202 267 4144 0 0.6014514 True
86 1 3 194 243 194 232 1243 0 0.6675618 True
86 1 2 98 157 200 240 1105 0 0.4682204 True
86 1 6 153 194 195 225 950 0 0.7723577 True
87 0 5 30 106 192 239 1376 0 0.3852184 True
87 0 1 41 147 202 269 4291 0 0.604196 True
87 0 3 206 255 195 233 1250 0 0.6713212 True
87 0 2 109 168 201 241 1017 0 0.4309322 True
87 0 6 162 202 195 226 941 0 0.758871 True
87 1 5 17 95 192 239 1128 0 0.3076923 True
87 1 1 18 128 202 269 4444 0 0.6029851 True
87 1 3 193 243 195 233 1281 0 0.6742105 True
87 1 2 95 155 201 241 1180 0 0.4916667 True
87 1 6 152 193 195 226 972 0 0.7647521 True
88 0 5 9 94 191 243 1944 0 0.439819 True
88 0 1 34 145 202 271 4602 0 0.6008617 True
88 0 3 206 255 194 233 1288 0 0.6739927 True
88 0 2 107 167 201 242 1080 0 0.4390244 True
88 0 6 161 202 195 226 959 0 0.754524 True
88 1 5 0 81 191 243 1709 0.0006517768 0.4057455 True
88 1 1 11 126 202 271 4780 0 0.6023945 True
88 1 3 193 243 194 233 1317 0 0.6753846 True
88 1 2 92 154 201 242 1240 0 0.4878049 True
88 1 6 151 193 195 226 995 0 0.7642089 True
89 0 5 0 79 190 247 2559 0.05268633 0.5682878 True
89 0 1 27 143 201 273 4958 0 0.5936303 True
89 0 3 205 255 193 233 1317 0 0.6585 True
89 0 2 104 165 200 242 1139 0 0.4445746 True
89 0 6 158 199 194 225 971 0 0.7639654 True
89 1 5 0 66 190 246 1623 0.2023059 0.4391234 True
89 1 1 3 124 201 273 5148 0 0.5909091 True
89 1 3 192 243 193 233 1350 0 0.6617647 True
89 1 2 88 152 200 242 1320 0 0.4910714 True
89 1 6 147 190 194 225 1020 0 0.7651913 True
90 0 5 0 61 189 252 2202 0.3631818 0.5729899 True
90 0 1 20 140 201 275 5324 0 0.5995495 True
90 0 3 204 255 192 233 1354 0 0.6475371 True
90 0 2 100 164 199 242 1226 0 0.4454942 True
90 0 6 154 197 193 225 962 0 0.6991279 True
90 1 5 0 46 189 251 1094 0.56558 0.3835905 True
90 1 1 0 121 201 275 5522 0 0.6167076 True
90 1 3 191 242 192 233 1375 0 0.6575801 True
90 1 2 85 151 199 242 1407 0 0.4957717 True
90 1 6 144 187 193 225 1035 0 0.7521802 True
91 0 5 0 39 189 258 1550 0.7169219 0.5759941 True
91 0 1 11 138 201 277 5734 0 0.5940738 True
91 0 3 204 255 192 233 1384 0 0.6618842 True
91 0 2 98 163 199 243 1318 0 0.4608392 True
91 0 6 155 198 193 225 1011 0 0.7347383 True
91 1 5 0 22 189 255 335 0.90613 0.2307163 True
91 1 1 0 117 201 276 5748 0.01641059 0.6550427 True
91 1 3 190 242 192 233 1413 0 0.662758 True
91 1 2 83 149 199 243 1507 0 0.5189394 True
91 1 6 144 188 193 225 1070 0 0.7599432 True
92 0 5 0 15 189 260 174 0.9715812 0.1633803 True
92 0 1 6 136 201 280 6059 0 0.5899708 True
92 0 3 203 255 192 233 1420 0 0.6660413 True
92 0 2 96 162 199 244 1380 0 0.4646465 True
92 0 6 155 199 193 225 1056 0 0.75 True
92 1 1 0 115 201 279 5835 0.03537822 0.6505017 True
92 1 3 189 242 192 233 1441 0 0.6631385 True
92 1 2 80 148 199 244 1576 0 0.5150327 True
92 1 6 145 189 193 225 1092 0 0.7755682 True
93 0 1 1 134 202 284 6439 0 0.5904089 True
93 0 3 202 255 193 235 1450 0 0.6513926 True
93 0 2 94 161 200 246 1440 0 0.4672291 True
93 0 6 156 200 194 227 1092 0 0.7520661 True
93 1 1 0 113 202 283 5878 0.04056776 0.6421938 True
93 1 3 188 241 193 235 1473 0 0.661725 True
93 1 2 78 147 200 246 1653 0 0.520794 True
93 1 6 145 190 194 227 1120 0 0.7542087 True
94 0 1 0 132 204 289 6839 0.003463566 0.6095365 True
94 0 3 202 255 194 236 1470 0 0.6603774 True
94 0 2 92 159 202 248 1506 0 0.4886437 True
94 0 6 155 199 195 228 1102 0 0.7589532 True
94 1 1 0 110 204 287 5888 0.07683825 0.6449069 True
94 1 3 188 241 194 236 1493 0 0.6707098 True
94 1 2 75 145 202 248 1725 0 0.5357143 True
94 1 6 144 189 195 228 1128 0 0.7595959 True
95 0 1 0 130 204 292 7210 0 0.6302447 True
95 0 3 201 255 195 237 1496 0 0.659612 True
95 0 2 89 157 202 250 1576 0 0.4828431 True
95 0 6 154 199 195 229 1136 0 0.7424837 True
95 1 1 0 107 204 289 5867 0.1119372 0.6450797 True
95 1 3 187 241 195 237 1522 0 0.6710758 True
95 1 2 71 143 202 250 1819 0 0.526331 True
95 1 6 143 189 195 229 1156 0 0.7391304 True
96 0 1 0 127 205 295 7387 0.02337784 0.6462817 True
96 0 3 201 255 195 238 1522 0 0.6554694 True
96 0 2 86 157 202 251 1667 0 0.4791607 True
96 0 6 153 198 195 229 1142 0 0.7464052 True
96 1 1 0 104 205 292 5837 0.1512594 0.645115 True
96 1 3 187 241 195 238 1549 0 0.6670973 True
96 1 2 69 142 202 251 1925 0 0.5381604 True
96 1 6 142 188 195 229 1166 0 0.7455243 True
97 0 1 0 124 206 298 7460 0.0438813 0.6539271 True
97 0 3 201 255 195 238 1548 0 0.6666667 True
97 0 2 83 155 203 253 1784 0 0.4955555 True
97 0 6 152 198 196 230 1179 0 0.7538363 True
97 1 1 0 101 206 295 5785 0.2040343 0.6435643 True
97 1 3 186 241 195 238 1581 0 0.6684989 True
97 1 2 65 140 203 253 2039 0 0.5437334 True
97 1 6 141 188 196 230 1198 0 0.7496871 True
98 0 1 0 121 207 302 7466 0.07016039 0.6494998 True
98 0 3 200 255 196 239 1583 0 0.6693446 True
98 0 2 80 155 204 255 1919 0 0.5016993 True
98 0 6 151 197 196 231 1185 0 0.7360249 True
98 1 1 0 97 207 299 5718 0.2599988 0.6407441 True
98 1 3 186 241 196 239 1604 0 0.6782241 True
98 1 2 62 139 204 255 2185 0 0.5564044 True
98 1 6 140 187 196 231 1211 0 0.7361702 True
99 0 1 0 118 208 306 7517 0.1039694 0.6500346 True
99 0 3 200 256 196 240 1591 0 0.6456981 True
99 0 2 78 154 205 257 2048 0 0.5182186 True
99 0 6 151 197 197 232 1216 0 0.7552795 True
99 1 1 0 93 208 303 5634 0.3327246 0.637691 True
99 1 3 185 241 196 240 1619 0 0.6570617 True
99 1 2 59 138 205 257 2333 0 0.5679163 True
99 1 6 140 187 197 232 1241 0 0.7544073 True
100 0 1 0 117 208 310 7652 0.1436884 0.6411932 True
100 0 3 200 256 197 241 1628 0 0.6607143 True
100 0 2 75 153 205 259 2141 0 0.5083096 True
100 0 6 151 197 197 232 1228 0 0.7627329 True
100 1 1 0 91 208 307 5637 0.3749252 0.6257076 True
100 1 3 185 242 197 241 1650 0 0.6578947 True
100 1 2 55 136 205 259 2444 0 0.5587563 True
100 1 6 139 187 197 232 1257 0 0.7482143 True
101 0 1 0 116 209 314 7759 0.1718625 0.6370279 True
101 0 3 200 256 197 242 1658 0 0.6579365 True
101 0 2 71 152 206 261 2273 0 0.5102133 True
101 0 6 150 197 198 233 1256 0 0.7635258 True
101 1 1 0 89 209 310 5623 0.4225144 0.6255423 True
101 1 3 185 242 197 242 1676 0 0.6534113 True
101 1 2 52 135 206 261 2578 0 0.5647317 True
101 1 6 138 186 198 233 1276 0 0.7595238 True
102 0 1 0 114 209 318 7887 0.2198055 0.6347175 True
102 0 3 200 257 197 242 1674 0 0.6526316 True
102 0 2 68 151 206 263 2382 0 0.5034876 True
102 0 6 150 197 198 233 1276 0 0.7756839 True
102 1 1 0 87 209 314 5585 0.4703469 0.6113848 True
102 1 3 185 242 197 242 1717 0 0.6693957 True
102 1 2 48 134 206 263 2716 0 0.5540596 True
102 1 6 138 186 198 233 1296 0 0.7714286 True
103 0 1 0 113 210 322 8015 0.2633424 0.6332965 True
103 0 3 200 257 197 243 1705 0 0.6502669 True
103 0 2 64 150 206 264 2514 0 0.5040096 True
103 0 6 149 196 198 234 1310 0 0.7742317 True
103 1 1 0 85 210 319 5529 0.5222527 0.596762 True
103 1 3 184 242 197 243 1738 0 0.6514243 True
103 1 2 43 133 206 264 2878 0 0.551341 True
103 1 6 137 186 198 234 1328 0 0.7528344 True
104 0 1 0 111 210 327 8117 0.3117176 0.6250096 True
104 0 3 200 258 198 243 1740 0 0.6666667 True
104 0 2 59 149 206 266 2665 0 0.4935185 True
104 0 6 149 196 198 235 1333 0 0.7665325 True
104 1 1 0 82 210 323 5463 0.5668581 0.5895748 True
104 1 3 184 243 198 243 1767 0 0.6655367 True
104 1 2 38 132 206 266 3051 0 0.5409575 True
104 1 6 137 186 198 235 1353 0 0.7462769 True
105 0 1 0 108 210 330 8102 0.367636 0.6251543 True
105 0 3 199 258 197 243 1765 0 0.6503316 True
105 0 2 55 148 206 266 2840 0 0.5089605 True
105 0 6 148 196 197 234 1354 0 0.7623874 True
105 1 1 0 79 210 326 5288 0.6173476 0.5770406 True
105 1 3 183 242 197 243 1791 0 0.6599116 True
105 1 2 34 130 206 266 3238 0 0.5621528 True
105 1 6 136 185 197 234 1391 0 0.7672366 True
106 0 1 0 106 208 332 8087 0.4157498 0.6152617 True
106 0 3 199 258 195 241 1795 0 0.6613854 True
106 0 2 51 147 204 266 2995 0 0.5031922 True
106 0 6 147 196 195 232 1376 0 0.758963 True
106 1 1 0 75 208 328 5021 0.6627246 0.5578889 True
106 1 3 183 242 195 241 1818 0 0.66986 True
106 1 2 30 129 204 266 3420 0 0.5571848 True
106 1 6 135 185 195 232 1409 0 0.7616216 True
107 0 1 0 103 207 335 8044 0.4565362 0.6101335 True
107 0 3 198 257 194 241 1820 0 0.6563289 True
107 0 2 47 146 203 266 3161 0 0.5068142 True
107 0 6 146 196 194 232 1406 0 0.74 True
107 1 1 0 72 207 331 4676 0.7056355 0.5237455 True
107 1 3 182 242 194 241 1843 0 0.6535461 True
107 1 2 25 127 203 266 3611 0 0.5619359 True
107 1 6 134 185 194 232 1432 0 0.7389061 True
108 0 1 0 100 208 340 7952 0.5028557 0.6024243 True
108 0 3 198 257 193 241 1836 0 0.6483051 True
108 0 2 44 144 203 267 3366 0 0.5259375 True
108 0 6 146 195 194 232 1440 0 0.773362 True
108 1 1 0 68 208 335 4255 0.7486901 0.492705 True
108 1 3 182 242 193 241 1859 0 0.6454861 True
108 1 2 21 125 203 267 3813 0 0.5728666 True
108 1 6 133 184 194 232 1457 0 0.751806 True
109 0 1 0 97 208 346 7838 0.5437621 0.5855371 True
109 0 3 197 257 193 241 1858 0 0.6451389 True
109 0 2 41 143 203 269 3541 0 0.5259953 True
109 0 6 145 195 194 232 1468 0 0.7726316 True
109 1 1 0 63 208 336 3768 0.7926974 0.4672619 True
109 1 3 181 242 193 241 1889 0 0.6451502 True
109 1 2 17 124 203 269 4011 0 0.5679694 True
109 1 6 132 184 194 232 1500 0 0.7591093 True
110 0 1 0 93 209 351 7699 0.5899122 0.5829926 True
110 0 3 197 257 193 241 1885 0 0.6545139 True
110 0 2 37 142 203 271 3756 0 0.5260504 True
110 0 6 143 194 194 233 1492 0 0.7501257 True
110 1 1 0 59 209 337 3265 0.8333237 0.4323358 True
110 1 3 180 242 193 241 1905 0 0.640121 True
110 1 2 13 122 203 271 4232 0 0.570966 True
110 1 6 131 183 194 233 1523 0 0.7509862 True
111 0 1 0 90 210 358 7514 0.6358554 0.5641141 True
111 0 3 196 257 194 242 1921 0 0.6560792 True
111 0 2 33 140 204 273 3965 0 0.5370446 True
111 0 6 142 194 195 234 1521 0 0.75 True
111 1 1 0 55 210 339 2915 0.8644844 0.4108527 True
111 1 3 180 242 194 242 1953 0 0.65625 True
111 1 2 9 120 204 273 4437 0 0.5793185 True
111 1 6 129 182 195 234 1549 0 0.7493953 True
112 0 1 0 86 211 364 7172 0.6724432 0.5450677 True
112 0 3 195 257 194 243 1934 0 0.6366031 True
112 0 2 29 139 205 275 4198 0 0.5451948 True
112 0 6 141 193 195 235 1564 0 0.7519231 True
112 1 1 0 50 211 340 2552 0.8935215 0.3956589 True
112 1 3 179 241 194 243 1972 0 0.6491113 True
112 1 2 5 118 205 275 4663 0 0.5895069 True
112 1 6 128 181 195 235 1595 0 0.7523585 True
113 0 1 0 82 212 371 6737 0.7194252 0.5167204 True
113 0 3 195 257 194 243 1976 0 0.6504279 True
113 0 2 26 137 205 277 4394 0 0.5497998 True
113 0 6 140 192 195 235 1592 0 0.7653846 True
113 1 1 0 45 212 341 2196 0.9204701 0.3782946 True
113 1 3 178 241 194 243 2007 0 0.6501458 True
113 1 2 0 116 205 277 4863 0 0.5822557 True
113 1 6 127 181 195 235 1627 0 0.7532408 True
114 0 1 0 78 212 374 6208 0.7554981 0.4912947 True
114 0 3 194 257 194 244 2001 0 0.6352381 True
114 0 2 22 135 205 279 4629 0 0.5535757 True
114 0 6 139 192 195 236 1625 0 0.7478141 True
114 1 1 0 40 212 341 1841 0.9394799 0.3567829 True
114 1 3 178 241 194 244 2024 0 0.6425397 True
114 1 2 0 114 205 279 5093 0.001080453 0.6037222 True
114 1 6 126 180 195 236 1648 0 0.7443541 True
115 0 1 0 74 213 374 5597 0.8005387 0.4697835 True
115 0 3 194 257 194 244 2035 0 0.6460317 True
115 0 2 18 133 205 280 4862 0 0.5637102 True
115 0 6 138 192 195 236 1653 0 0.7466125 True
115 1 1 0 35 213 341 1415 0.9595321 0.3158482 True
115 1 3 177 241 194 244 2062 0 0.644375 True
115 1 2 0 112 205 280 5351 0 0.6370238 True
115 1 6 125 180 195 236 1690 0 0.7494457 True
116 0 1 0 70 213 374 5040 0.8266835 0.447205 True
116 0 3 194 257 194 244 2066 0 0.655873 True
116 0 2 14 131 205 282 5071 0 0.5628816 True
116 0 6 137 191 195 236 1690 0 0.7633243 True
116 1 1 0 30 213 341 1021 0.9693573 0.2658854 True
116 1 3 177 241 194 244 2085 0 0.6515625 True
116 1 2 0 109 205 281 5538 0.007605135 0.6685176 True
116 1 6 124 180 195 236 1723 0 0.7504355 True
117 0 1 0 66 214 374 4519 0.8564249 0.4279356 True
117 0 3 193 258 194 245 2084 0 0.6286576 True
117 0 2 10 129 206 284 5291 0 0.570028 True
117 0 6 137 191 195 237 1727 0 0.7614638 True
117 1 1 0 25 214 342 611 0.9814307 0.1909375 True
117 1 3 176 241 194 245 2119 0 0.6392157 True
117 1 2 0 107 206 283 5655 0.02870965 0.6863697 True
117 1 6 123 179 195 237 1758 0 0.747449 True
118 0 1 0 62 214 374 4094 0.8782505 0.4127016 True
118 0 3 193 258 194 245 2118 0 0.638914 True
118 0 2 7 131 206 285 5631 0 0.5748265 True
118 0 6 136 191 195 237 1755 0 0.7597402 True
118 1 1 0 19 214 341 229 0.9907572 0.09490261 True
118 1 3 176 241 194 245 2145 0 0.6470588 True
118 1 2 0 109 206 284 5862 0.03245252 0.6894848 True
118 1 6 122 179 195 237 1800 0 0.7518797 True
119 0 1 0 57 215 374 3653 0.900509 0.4030674 True
119 0 3 193 258 194 245 2151 0 0.6488688 True
119 0 2 4 130 206 286 5848 0 0.5801587 True
119 0 6 135 191 195 237 1782 0 0.7576531 True
119 1 3 176 241 194 245 2173 0 0.6555053 True
119 1 2 0 107 206 285 5852 0.05187929 0.6922986 True
119 1 6 121 178 195 237 1818 0 0.7593985 True
120 0 1 0 52 215 374 3198 0.9225365 0.3867925 True
120 0 3 192 258 194 246 2188 0 0.6375291 True
120 0 2 0 128 206 287 6078 0 0.5862269 True
120 0 6 134 190 195 237 1811 0 0.769983 True
120 1 3 175 241 194 246 2214 0 0.6451049 True
120 1 2 0 106 206 285 5791 0.05654746 0.6915452 True
120 1 6 120 178 195 237 1839 0 0.7549261 True
121 0 1 0 50 215 374 3006 0.9315334 0.3781132 True
121 0 3 191 257 194 246 2223 0 0.6477273 True
121 0 2 0 127 206 289 6267 0 0.5945356 True
121 0 6 133 190 195 238 1842 0 0.75153 True
121 1 3 174 241 194 246 2248 0 0.6452354 True
121 1 2 0 104 206 286 5767 0.08634025 0.693149 True
121 1 6 119 178 195 238 1867 0 0.7359086 True
122 0 1 0 48 215 374 2778 0.9411174 0.3639937 True
122 0 3 190 257 194 246 2258 0 0.6481056 True
122 0 2 0 125 206 290 6465 0 0.6157143 True
122 0 6 133 190 194 238 1868 0 0.7448166 True
122 1 3 173 240 194 246 2283 0 0.6552813 True
122 1 2 0 102 206 287 5714 0.1053354 0.6916001 True
122 1 6 118 178 194 238 1886 0 0.7143939 True
123 0 1 0 45 215 374 2581 0.9505175 0.3607268 True
123 0 3 189 257 193 247 2302 0 0.6269063 True
123 0 2 0 124 206 290 6585 0.006516635 0.6322005 True
123 0 6 132 190 194 238 1893 0 0.7417712 True
123 1 3 172 240 193 247 2329 0 0.6342593 True
123 1 2 0 100 206 288 5656 0.1371405 0.6897561 True
123 1 6 118 177 194 238 1901 0 0.7322804 True
124 0 1 0 43 215 374 2322 0.9567901 0.3396226 True
124 0 3 189 256 193 246 2321 0 0.6536187 True
124 0 2 0 122 205 291 6699 0.02270293 0.6384864 True
124 0 6 131 189 194 238 1921 0 0.7527429 True
124 1 3 171 239 193 246 2354 0 0.6531631 True
124 1 2 0 99 205 288 5597 0.1529438 0.6811488 True
124 1 6 116 177 194 238 1931 0 0.7194486 True
125 0 1 0 40 215 374 2016 0.9631143 0.3169811 True
125 0 3 188 256 193 247 2362 0 0.6432462 True
125 0 2 0 121 205 291 6793 0.01302999 0.6527964 True
125 0 6 129 189 193 238 1955 0 0.7240741 True
125 1 3 170 239 193 247 2381 0 0.6390231 True
125 1 2 0 97 205 289 5529 0.1749194 0.6785714 True
125 1 6 115 176 193 238 1950 0 0.7103825 True
126 0 1 0 37 216 374 1712 0.9684217 0.2928498 True
126 0 3 187 256 193 247 2378 0 0.6382179 True
126 0 2 0 119 205 292 6853 0.03126609 0.6619337 True
126 0 6 128 188 193 238 1976 0 0.7318519 True
126 1 3 169 238 193 247 2405 0 0.6454643 True
126 1 2 0 95 205 290 5448 0.210121 0.6746749 True
126 1 6 113 175 193 238 1972 0 0.7068101 True
127 0 1 0 34 216 374 1383 0.9741873 0.257446 True
127 0 3 186 255 193 247 2415 0 0.6481481 True
127 0 2 0 117 206 293 6897 0.03686714 0.6775715 True
127 0 6 127 187 193 238 2000 0 0.7407407 True
127 1 3 168 238 193 247 2443 0 0.6462963 True
127 1 2 0 93 206 290 5359 0.2310892 0.6859959 True
127 1 6 112 174 193 238 2008 0 0.7197133 True
128 0 1 0 31 216 374 1082 0.9800656 0.2209065 True
128 0 3 185 255 193 248 2444 0 0.6348052 True
128 0 2 0 116 206 294 6912 0.04438728 0.677116 True
128 0 6 125 186 194 238 2045 0 0.7619225 True
128 1 3 167 237 193 248 2475 0 0.6428571 True
128 1 2 0 91 206 291 5276 0.2631994 0.6820944 True
128 1 6 111 173 194 238 2037 0 0.7467009 True
129 0 1 0 27 218 374 756 0.9840361 0.1794872 True
129 0 3 185 255 194 249 2486 0 0.6457143 True
129 0 2 0 114 207 295 6895 0.05402404 0.6873006 True
129 0 6 124 185 195 240 2057 0 0.7493625 True
129 1 3 166 237 194 249 2524 0 0.6463509 True
129 1 2 0 90 207 293 5187 0.2784164 0.670155 True
129 1 6 109 172 195 240 2055 0 0.7248677 True
130 0 1 0 24 220 374 463 0.9891191 0.1252706 True
130 0 3 183 254 196 251 2516 0 0.6443022 True
130 0 2 0 113 209 298 6879 0.08076757 0.6840012 True
130 0 6 123 184 196 242 2062 0 0.7348539 True
130 1 3 165 236 196 251 2547 0 0.6522407 True
130 1 2 0 88 209 295 5101 0.3066221 0.6740222 True
130 1 6 108 171 196 242 2071 0 0.7146308 True
131 0 1 0 20 221 374 181 0.9928924 0.05915033 True
131 0 3 182 253 196 252 2562 0 0.6443662 True
131 0 2 0 111 210 299 6848 0.08830923 0.6931876 True
131 0 6 122 183 197 243 2075 0 0.7394868 True
131 1 3 163 235 196 252 2582 0 0.640377 True
131 1 2 0 87 210 296 5027 0.3261937 0.6718792 True
131 1 6 107 170 197 243 2077 0 0.7167011 True
132 0 3 181 253 197 253 2563 0 0.6356647 True
132 0 2 0 110 210 300 6806 0.09931463 0.6874747 True
132 0 6 120 182 197 243 2098 0 0.7356241 True
132 1 3 162 234 197 253 2602 0 0.6453373 True
132 1 2 0 85 210 297 4929 0.3497255 0.6665314 True
132 1 6 105 169 197 243 2089 0 0.7095788 True
133 0 3 180 252 197 254 2617 0 0.6376706 True
133 0 2 0 108 210 300 6755 0.113104 0.6949589 True
133 0 6 119 181 197 243 2127 0 0.7457924 True
133 1 3 161 233 197 254 2660 0 0.6481481 True
133 1 2 0 83 210 298 4832 0.3692073 0.6615553 True
133 1 6 104 168 197 243 2103 0 0.7143342 True
134 0 3 179 251 197 254 2649 0 0.6454678 True
134 0 2 0 107 210 301 6679 0.1345149 0.6859402 True
134 0 6 118 180 198 244 2144 0 0.7517532 True
134 1 3 160 233 197 254 2692 0 0.6469598 True
134 1 2 0 81 210 298 4729 0.3895866 0.6634399 True
134 1 6 103 167 198 244 2124 0 0.7214674 True
135 0 3 178 251 197 254 2687 0 0.6457582 True
135 0 2 0 105 210 302 6615 0.1486951 0.6847826 True
135 0 6 117 180 197 244 2163 0 0.7304965 True
135 1 3 159 232 197 254 2720 0 0.653689 True
135 1 2 0 79 210 299 4628 0.4127457 0.6582279 True
135 1 6 102 166 197 244 2133 0 0.7091091 True
136 0 3 177 251 197 255 2713 0 0.6321062 True
136 0 2 0 103 211 303 6519 0.1756371 0.6879485 True
136 0 6 116 179 198 244 2169 0 0.7484472 True
136 1 3 158 232 197 255 2760 0 0.6430569 True
136 1 2 0 78 211 300 4507 0.4424575 0.6492366 True
136 1 6 101 166 198 244 2164 0 0.7237458 True
137 0 3 177 250 197 256 2729 0 0.6336197 True
137 0 2 0 102 211 304 6444 0.1888223 0.6793169 True
137 0 6 115 178 198 245 2191 0 0.7399527 True
137 1 3 157 232 197 256 2787 0 0.6298305 True
137 1 2 0 76 211 301 4401 0.4640481 0.6434211 True
137 1 6 100 165 198 245 2179 0 0.713257 True
138 0 3 176 250 197 256 2777 0 0.6360513 True
138 0 2 0 100 211 304 6335 0.225929 0.6811828 True
138 0 6 114 177 198 244 2207 0 0.7615597 True
138 1 3 156 231 197 256 2816 0 0.6363842 True
138 1 2 0 74 211 301 4273 0.4850688 0.6415916 True
138 1 6 99 164 198 244 2197 0 0.7347826 True
139 0 3 175 250 197 256 2808 0 0.6345763 True
139 0 2 0 98 211 305 6243 0.246372 0.677703 True
139 0 6 113 177 198 245 2229 0 0.741024 True
139 1 3 155 231 197 256 2859 0 0.6376004 True
139 1 2 0 72 211 302 4161 0.5100659 0.6350732 True
139 1 6 98 163 198 245 2206 0 0.722095 True
140 0 3 175 250 198 257 2835 0 0.640678 True
140 0 2 0 96 212 306 6149 0.2657596 0.6814051 True
140 0 6 112 176 199 246 2242 0 0.7453458 True
140 1 3 155 231 198 257 2882 0 0.6427297 True
140 1 2 0 70 212 303 4033 0.5282502 0.633124 True
140 1 6 97 163 199 246 2231 0 0.7192134 True
141 0 3 174 249 199 258 2875 0 0.6497175 True
141 0 2 0 94 213 308 6043 0.2927186 0.6767077 True
141 0 6 111 175 199 247 2272 0 0.7395833 True
141 1 3 154 230 199 258 2925 0 0.6523194 True
141 1 2 0 68 213 305 3896 0.5466087 0.6227621 True
141 1 6 96 162 199 247 2250 0 0.7102273 True
142 0 3 173 249 199 259 2910 0 0.6381579 True
142 0 2 0 93 213 309 5944 0.3204961 0.6657706 True
142 0 6 110 175 199 247 2290 0 0.7339743 True
142 1 3 153 230 199 259 2950 0 0.6385282 True
142 1 2 0 66 213 305 3765 0.5817106 0.6200593 True
142 1 6 95 161 199 247 2270 0 0.7165404 True
143 0 3 173 249 198 259 2939 0 0.6339517 True
143 0 2 0 91 213 309 5848 0.3420337 0.6694139 True
143 0 6 109 174 199 247 2314 0 0.7416667 True
143 1 3 152 230 198 259 2982 0 0.6267339 True
143 1 2 0 64 213 306 3633 0.5920485 0.6103831 True
143 1 6 94 161 199 247 2299 0 0.7148632 True
144 0 3 172 249 198 259 2980 0 0.6344475 True
144 0 2 0 90 212 309 5804 0.3539854 0.6648339 True
144 0 6 109 174 199 247 2333 0 0.7477564 True
144 1 3 152 230 198 259 3016 0 0.6338798 True
144 1 2 0 63 212 306 3571 0.6158605 0.6030058 True
144 1 6 93 160 199 247 2324 0 0.7226368 True
145 0 3 172 249 198 259 2987 0 0.6359378 True
145 0 2 0 89 213 310 5748 0.3720095 0.6658172 True
145 0 6 108 173 199 247 2352 0 0.7538462 True
145 1 3 151 229 198 259 3032 0 0.6372426 True
145 1 2 0 62 213 307 3495 0.6243151 0.5996912 True
145 1 6 92 159 199 247 2352 0 0.7313433 True
146 0 7 56 109 205 232 1036 0 0.7239693 True
146 0 3 172 249 199 260 3020 0 0.6429636 True
146 0 2 0 88 214 312 5695 0.3832691 0.6603664 True
146 0 6 107 173 200 248 2376 0 0.75 True
146 1 7 46 100 205 232 1005 0 0.6893004 True
146 1 3 151 229 199 260 3071 0 0.6454393 True
146 1 2 0 61 214 308 3411 0.643598 0.5948727 True
146 1 6 91 159 200 248 2368 0 0.7254902 True
147 0 7 47 104 205 234 1064 0 0.6436782 True
147 0 3 171 249 199 261 3045 0 0.6296526 True
147 0 2 0 87 214 313 5648 0.3945682 0.655753 True
147 0 6 106 172 200 249 2390 0 0.7390229 True
147 1 7 37 94 205 234 1182 0 0.7150635 True
147 1 3 151 229 199 261 3084 0 0.6377171 True
147 1 2 0 60 214 309 3331 0.6566473 0.584386 True
147 1 6 90 158 200 249 2389 0 0.7169868 True
148 0 7 38 98 206 236 1054 0 0.5855556 True
148 0 3 171 249 199 261 3072 0 0.6352357 True
148 0 2 0 87 214 313 5632 0.400003 0.6538953 True
148 0 6 105 172 200 249 2412 0 0.7346939 True
148 1 7 27 88 206 236 1313 0 0.7174863 True
148 1 3 150 229 199 261 3118 0 0.6365864 True
148 1 2 0 59 214 310 3297 0.6583186 0.5820975 True
148 1 6 89 158 200 249 2409 0 0.7125111 True
149 0 7 28 91 206 238 1002 0 0.4970238 True
149 0 3 171 249 199 261 3087 0 0.6383375 True
149 0 2 0 86 214 313 5606 0.4057207 0.6584449 True
149 0 6 105 172 200 249 2428 0 0.7395675 True
149 1 7 16 81 206 238 1335 0 0.6418269 True
149 1 3 150 229 199 261 3140 0 0.641078 True
149 1 2 0 58 214 310 3264 0.6683217 0.5862069 True
149 1 6 89 158 200 249 2428 0 0.7181307 True
150 0 7 17 84 207 242 894 0 0.3812367 True
150 0 3 170 249 199 261 3084 0 0.6296448 True
150 0 2 0 86 215 314 5589 0.4126437 0.6564482 True
150 0 6 105 172 200 249 2443 0 0.7441365 True
150 1 7 4 73 207 242 1294 0 0.5358178 True
150 1 3 150 229 199 261 3146 0 0.642303 True
150 1 2 0 58 215 311 3208 0.6718779 0.5761494 True
150 1 6 89 158 200 249 2435 0 0.7202011 True
151 0 7 4 77 208 245 707 0 0.2617549 True
151 0 3 170 249 199 262 3086 0 0.6200522 True
151 0 2 0 86 215 315 5618 0.4141275 0.6532558 True
151 0 6 104 171 200 250 2455 0 0.7328358 True
151 1 7 0 65 208 244 1168 0.01506919 0.4991453 True
151 1 3 149 229 199 262 3145 0 0.6240079 True
151 1 2 0 58 215 312 3227 0.6790419 0.5735869 True
151 1 6 88 157 200 250 2453 0 0.7110145 True
152 0 7 0 69 208 247 536 0.0261299 0.1991825 True
152 0 3 170 249 199 261 3104 0 0.633728 True
152 0 2 0 85 214 315 5595 0.4276621 0.6517181 True
152 0 6 104 171 200 250 2486 0 0.7420896 True
152 1 7 0 56 208 246 955 0.1693497 0.4487782 True
152 1 3 149 229 199 261 3165 0 0.6381049 True
152 1 2 0 57 214 312 3208 0.6808321 0.5742929 True
152 1 6 88 157 200 250 2483 0 0.7197102 True
153 0 7 0 60 209 250 291 0.1644705 0.1182927 True
153 0 3 170 249 199 261 3107 0 0.6343405 True
153 0 2 0 86 215 316 5647 0.4167387 0.6501266 True
153 0 6 104 171 200 250 2492 0 0.7438806 True
153 1 7 0 47 209 249 626 0.39489 0.3329787 True
153 1 3 149 229 199 261 3171 0 0.6393145 True
153 1 2 0 58 215 312 3223 0.6847053 0.5728759 True
153 1 6 87 157 200 250 2488 0 0.7108572 True
154 0 7 0 50 211 253 117 0.3825757 0.05571429 True
154 0 3 170 249 199 262 3133 0 0.6294957 True
154 0 2 0 86 215 317 5683 0.4286427 0.6478568 True
154 0 6 104 172 200 250 2526 0 0.7429412 True
154 1 7 0 36 211 252 277 0.6041558 0.1876694 True
154 1 3 149 229 199 262 3170 0 0.6289682 True
154 1 2 0 58 215 313 3244 0.6889876 0.5707248 True
154 1 6 87 157 200 250 2523 0 0.7208571 True
155 0 7 0 39 212 257 61 0.6002588 0.03475783 True
155 0 3 171 250 199 262 3128 0 0.628491 True
155 0 2 0 86 215 317 5706 0.4299725 0.6504788 True
155 0 6 103 172 200 251 2541 0 0.7220801 True
155 1 7 0 24 212 256 19 0.8273792 0.01799242 True
155 1 3 150 230 199 262 3194 0 0.6337302 True
155 1 2 0 58 215 314 3254 0.6825123 0.5667015 True
155 1 6 87 158 200 251 2553 0 0.7050539 True
156 0 7 0 26 213 261 7 0.81793 0.005608974 True
156 0 3 171 250 200 262 3143 0 0.6416905 True
156 0 2 0 86 215 318 5764 0.4218204 0.6507112 True
156 0 6 103 172 201 251 2576 0 0.7466667 True
156 1 3 150 230 200 262 3196 0 0.6443548 True
156 1 2 0 58 215 314 3270 0.6869862 0.569488 True
156 1 6 87 158 201 251 2583 0 0.7276056 True
157 0 3 171 251 201 263 3138 0 0.6326613 True
157 0 2 0 86 217 319 5788 0.4247847 0.6598267 True
157 0 6 103 173 202 253 2608 0 0.7305322 True
157 1 3 150 231 201 263 3202 0 0.6375946 True
157 1 2 0 58 217 316 3284 0.68534 0.5719262 True
157 1 6 87 158 202 253 2613 0 0.7216238 True
158 0 3 172 251 202 264 3146 0 0.642303 True
158 0 2 0 87 218 321 5843 0.4293653 0.6520478 True
158 0 6 103 173 203 254 2630 0 0.7366947 True
158 1 3 151 231 202 264 3203 0 0.6457661 True
158 1 2 0 58 218 317 3306 0.684158 0.5757576 True
158 1 6 86 159 203 254 2638 0 0.7085683 True
159 0 3 172 252 202 264 3147 0 0.6344758 True
159 0 2 0 87 218 321 5868 0.4254015 0.6548376 True
159 0 6 103 173 203 254 2643 0 0.7403361 True
159 1 3 151 232 202 264 3199 0 0.6369972 True
159 1 2 0 58 218 318 3313 0.6813957 0.5712069 True
159 1 6 87 159 203 254 2653 0 0.7224945 True
160 0 8 65 118 202 235 1104 0 0.6312178 True
160 0 3 173 252 202 264 3154 0 0.6439363 True
160 0 2 0 87 218 322 5904 0.4256515 0.6525199 True
160 0 6 104 174 203 254 2655 0 0.7436975 True
160 1 8 55 109 202 235 965 0 0.5415264 True
160 1 3 152 232 202 264 3212 0 0.6475806 True
160 1 2 0 58 218 318 3343 0.6889075 0.5763793 True
160 1 6 87 159 203 254 2664 0 0.7254902 True
161 0 8 56 113 202 237 1330 0 0.6666667 True
161 0 3 173 253 202 265 3151 0 0.6251984 True
161 0 2 0 87 218 322 5941 0.4265116 0.6566092 True
161 0 6 104 174 203 254 2666 0 0.7467787 True
161 1 8 46 103 202 237 1220 0 0.6115288 True
161 1 3 152 232 202 265 3197 0 0.6343254 True
161 1 2 0 58 218 319 3367 0.6851324 0.5747696 True
161 1 6 87 160 203 254 2677 0 0.7190438 True
162 0 8 47 107 203 240 1477 0 0.6653153 True
162 0 3 174 253 203 265 3161 0 0.6453655 True
162 0 2 0 87 219 324 5986 0.4297757 0.6552819 True
162 0 6 105 174 204 255 2685 0 0.7630008 True
162 1 8 36 97 203 240 1515 0 0.671245 True
162 1 3 153 233 203 265 3218 0 0.6487903 True
162 1 2 0 59 219 320 3385 0.691487 0.5680484 True
162 1 6 88 160 204 255 2698 0 0.7347494 True
163 0 8 36 101 204 243 1492 0 0.5885602 True
163 0 3 174 254 203 266 3156 0 0.6261905 True
163 0 2 0 88 219 325 6028 0.4301603 0.6462264 True
163 0 6 105 175 204 256 2687 0 0.7381868 True
163 1 8 25 90 204 243 1780 0 0.7021696 True
163 1 3 153 233 203 266 3196 0 0.634127 True
163 1 2 0 59 219 321 3415 0.6855696 0.5674643 True
163 1 6 88 160 204 256 2704 0 0.7222222 True
164 0 8 25 94 205 246 1485 0 0.5249205 True
164 0 3 175 254 203 267 3180 0 0.6289557 True
164 0 2 0 89 220 326 6086 0.4314268 0.6451134 True
164 0 6 104 175 204 257 2739 0 0.7278767 True
164 1 8 12 83 205 246 1868 0 0.6417039 True
164 1 3 154 234 203 267 3224 0 0.6296875 True
164 1 2 0 59 220 322 3434 0.6861196 0.5706215 True
164 1 6 87 160 204 257 2769 0 0.7156888 True
165 0 8 11 86 205 249 1394 0 0.4224243 True
165 0 3 175 255 203 267 3182 0 0.6214844 True
165 0 2 0 89 220 326 6147 0.4279475 0.6515794 True
165 0 6 104 175 204 257 2779 0 0.7385065 True
165 1 8 0 75 205 249 1836 0 0.5563636 True
165 1 3 154 235 203 267 3238 0 0.6246142 True
165 1 2 0 60 220 322 3484 0.6882832 0.569281 True
165 1 6 86 161 204 257 2818 0 0.7089308 True
166 0 8 0 78 206 253 1249 0 0.3406983 True
166 0 3 176 256 204 267 3208 0 0.6365079 True
166 0 2 0 90 220 327 6192 0.4246775 0.6429906 True
166 0 6 103 175 205 258 2831 0 0.7418763 True
166 1 8 0 66 206 252 1735 0.05794275 0.5714756 True
166 1 3 155 235 204 267 3247 0 0.644246 True
166 1 2 0 60 220 323 3507 0.6858977 0.5674757 True
166 1 6 86 161 205 258 2870 0 0.7220126 True
167 0 8 0 69 207 256 1060 0.06883478 0.3135167 True
167 0 3 177 257 204 268 3224 0 0.6296875 True
167 0 2 0 90 221 328 6248 0.4208792 0.6488058 True
167 0 6 102 176 205 259 2872 0 0.7187187 True
167 1 8 0 56 207 255 1381 0.2529787 0.5137649 True
167 1 3 155 236 204 268 3266 0 0.6300154 True
167 1 2 0 61 221 324 3533 0.6796147 0.562311 True
167 1 6 85 161 205 259 2931 0 0.7141813 True
168 0 9 48 104 209 241 1149 0 0.641183 True
168 0 8 0 59 207 259 721 0.2609223 0.2350065 True
168 0 3 177 257 204 268 3244 0 0.6335937 True
168 0 2 0 90 220 328 6266 0.4352352 0.6446502 True
168 0 6 102 176 205 259 2918 0 0.7302302 True
168 1 9 37 94 209 241 1153 0 0.6321272 True
168 1 8 0 45 207 258 909 0.5004715 0.3960784 True
168 1 3 156 237 204 268 3298 0 0.6361883 True
168 1 2 0 60 220 324 3540 0.687003 0.5673077 True
168 1 6 84 161 205 259 2978 0 0.7162097 True
169 0 9 38 98 210 244 1200 0 0.5882353 True
169 0 8 0 48 207 263 466 0.5070952 0.1733631 True
169 0 3 178 258 204 268 3265 0 0.6376953 True
169 0 2 0 90 220 329 6294 0.4361061 0.6415902 True
169 0 6 101 176 205 259 2944 0 0.7269136 True
169 1 9 26 87 210 244 1438 0 0.6933462 True
169 1 8 0 33 207 262 432 0.7408528 0.2380165 True
169 1 3 156 238 204 268 3298 0 0.6284299 True
169 1 2 0 60 220 325 3532 0.6885273 0.5606349 True
169 1 6 84 161 205 259 3026 0 0.7277537 True
170 0 9 26 91 210 247 1133 0 0.4711019 True
170 0 8 0 34 208 268 254 0.7477675 0.1245098 True
170 0 3 178 259 204 268 3283 0 0.6332948 True
170 0 2 0 89 221 330 6319 0.440244 0.6513761 True
170 0 6 101 176 205 260 2996 0 0.726303 True
170 1 9 14 80 210 247 1541 0 0.6310402 True
170 1 8 0 18 208 263 51 0.9352741 0.05151515 True
170 1 3 157 239 204 268 3317 0 0.6320503 True
170 1 2 0 60 221 326 3499 0.7001232 0.5553969 True
170 1 6 83 161 205 260 3080 0 0.7179487 True
171 0 9 13 83 210 249 1010 0 0.3699634 True
171 0 8 0 18 208 268 34 0.941937 0.03148148 True
171 0 3 179 260 203 268 3301 0 0.6269706 True
171 0 2 0 89 220 330 6340 0.438852 0.6475996 True
171 0 6 101 176 205 259 3032 0 0.748642 True
171 1 9 0 71 210 249 1484 0.002667367 0.5359336 True
171 1 3 157 239 203 268 3343 0 0.6272045 True
171 1 2 0 59 220 326 3506 0.699068 0.5606012 True
171 1 6 83 161 205 259 3121 0 0.7409782 True
172 0 9 0 75 210 252 816 0 0.2590476 True
172 0 3 180 261 203 267 3327 0 0.6417824 True
172 0 2 0 89 219 330 6363 0.4412495 0.6440935 True
172 0 6 100 176 204 259 3046 0 0.7287081 True
172 1 9 0 62 210 252 1324 0.07464218 0.5084485 True
172 1 3 158 240 203 267 3376 0 0.6432927 True
172 1 2 0 59 219 326 3484 0.704828 0.5518771 True
172 1 6 82 161 204 259 3145 0 0.7238205 True
173 0 9 0 65 210 255 608 0.08040202 0.2078632 True
173 0 3 180 262 202 267 3351 0 0.6287054 True
173 0 2 0 89 219 330 6354 0.4562553 0.6431825 True
173 0 6 100 176 203 259 3106 0 0.7297933 True
173 1 9 0 52 210 254 1010 0.292244 0.4414336 True
173 1 3 159 241 202 267 3393 0 0.6365854 True
173 1 2 0 58 219 326 3436 0.711571 0.5536578 True
173 1 6 82 161 203 259 3197 0 0.7226492 True
174 0 9 0 54 211 258 307 0.309151 0.1209614 True
174 0 3 181 263 202 267 3367 0 0.6317073 True
174 0 2 0 89 219 331 6375 0.4618494 0.6395466 True
174 0 6 99 176 203 259 3132 0 0.7263451 True
174 1 9 0 40 211 257 586 0.552114 0.3184783 True
174 1 3 159 242 202 267 3401 0 0.6303985 True
174 1 2 0 58 219 327 3371 0.718692 0.5381545 True
174 1 6 81 160 203 259 3213 0 0.7262658 True
175 0 9 0 42 211 261 166 0.5778099 0.07904762 True
175 0 3 182 264 201 267 3387 0 0.6258315 True
175 0 2 0 89 218 331 6387 0.4689727 0.63508 True
175 0 6 99 175 203 259 3157 0 0.7417763 True
175 1 9 0 27 211 259 151 0.8167373 0.1165123 True
175 1 3 160 243 201 267 3424 0 0.6250457 True
175 1 2 0 58 218 327 3336 0.7285474 0.5276811 True
175 1 6 81 160 203 259 3247 0 0.7339512 True
176 0 9 0 28 212 264 48 0.8292951 0.03296703 True
176 0 3 183 265 201 267 3405 0 0.6291574 True
176 0 2 0 88 218 332 6373 0.4814891 0.6352671 True
176 0 6 99 175 202 259 3178 0 0.7336103 True
176 1 3 161 244 201 267 3437 0 0.6274188 True
176 1 2 0 57 218 328 3275 0.7356343 0.5223286 True
176 1 6 80 159 202 259 3279 0 0.7281812 True
177 0 3 183 265 200 266 3417 0 0.6313747 True
177 0 2 0 88 217 332 6389 0.4835737 0.6313241 True
177 0 6 98 175 202 259 3200 0 0.7290955 True
177 1 3 161 244 200 266 3442 0 0.6283315 True
177 1 2 0 57 217 328 3227 0.745629 0.5100363 True
177 1 6 80 159 202 259 3304 0 0.7337331 True
178 0 3 182 265 200 266 3418 0 0.6239504 True
178 0 2 0 86 217 332 6247 0.4991162 0.6316481 True
178 0 6 98 174 201 259 3231 0 0.7329855 True
178 1 3 161 244 200 266 3448 0 0.6294268 True
178 1 2 0 55 217 328 3017 0.7614211 0.4941851 True
178 1 6 79 159 201 259 3328 0 0.7172414 True
179 0 3 182 264 201 266 3418 0 0.6412758 True
179 0 10 56 112 199 236 1254 0 0.6052123 True
179 0 2 0 84 218 333 6111 0.5209592 0.6326087 True
179 0 6 96 173 202 259 3254 0 0.7413989 True
179 1 3 160 244 201 266 3443 0 0.6305861 True
179 1 10 46 102 199 236 1079 0 0.5207529 True
179 1 2 0 53 218 329 2787 0.7754362 0.4737379 True
179 1 6 78 158 202 259 3359 0 0.7366228 True
180 0 3 182 264 201 266 3414 0 0.6405253 True
180 0 10 46 105 199 238 1500 0 0.6518905 True
180 0 2 0 82 218 334 5935 0.5379964 0.6239487 True
180 0 6 95 172 202 260 3290 0 0.7366771 True
180 1 3 160 243 201 266 3449 0 0.6392956 True
180 1 10 34 95 199 238 1401 0 0.5889029 True
180 1 2 0 50 218 330 2574 0.7977629 0.4596429 True
180 1 6 76 156 202 260 3384 0 0.7293103 True
181 0 3 182 264 201 267 3410 0 0.6300813 True
181 0 10 33 97 199 241 1697 0 0.6313244 True
181 0 2 0 80 219 335 5775 0.5520874 0.622306 True
181 0 6 94 171 202 260 3328 0 0.7451859 True
181 1 3 160 243 201 267 3451 0 0.6299744 True
181 1 10 21 87 199 241 1741 0 0.6280664 True
181 1 2 0 48 219 331 2350 0.8140581 0.437128 True
181 1 6 75 155 202 260 3426 0 0.7383621 True
182 0 3 182 264 202 267 3388 0 0.6356473 True
182 0 10 20 89 201 246 1797 0 0.5787439 True
182 0 2 0 78 220 337 5597 0.5842685 0.6133026 True
182 0 6 92 170 204 262 3363 0 0.7433687 True
182 1 3 160 243 202 267 3426 0 0.6350324 True
182 1 10 7 78 201 246 2055 0 0.6431925 True
182 1 2 0 46 220 332 2111 0.833481 0.4097438 True
182 1 6 73 154 204 262 3458 0 0.7360579 True
183 0 3 181 264 203 270 3511 0 0.6313612 True
183 0 10 4 79 202 250 1799 0 0.4997222 True
183 0 2 0 76 221 339 5452 0.5956545 0.6079394 True
183 0 6 91 169 205 263 3401 0 0.7517684 True
183 1 3 159 243 203 270 3550 0 0.6307747 True
183 1 10 0 67 202 249 2256 0.01702863 0.7164179 True
183 1 2 0 44 221 332 1940 0.8498241 0.3972154 True
183 1 6 72 153 205 263 3500 0 0.7449979 True
184 0 3 182 263 204 268 3343 0 0.6448689 True
184 0 10 0 69 202 253 1726 0.04468393 0.4904802 True
184 0 2 0 74 221 340 5333 0.6134169 0.6056098 True
184 0 6 90 168 205 264 3403 0 0.7394611 True
184 1 3 160 242 204 268 3388 0 0.6455793 True
184 1 10 0 56 202 252 1998 0.2033932 0.7135714 True
184 1 2 0 42 221 332 1791 0.8657818 0.3841699 True
184 1 6 70 152 205 264 3500 0 0.7234395 True
185 0 3 182 263 203 268 3316 0 0.6298196 True
185 0 10 0 57 202 256 1352 0.2422484 0.4392463 True
185 0 2 0 73 221 341 5194 0.6237358 0.5929224 True
185 0 6 88 167 205 264 3432 0 0.7363227 True
185 1 3 160 242 203 268 3368 0 0.6318949 True
185 1 10 0 44 202 255 1517 0.4831061 0.6505146 True
185 1 2 0 40 221 331 1645 0.8786955 0.3738636 True
185 1 6 69 151 205 264 3528 0 0.7292269 True
186 0 3 182 262 203 267 3294 0 0.6433594 True
186 0 10 0 44 202 259 840 0.5223575 0.3349282 True
186 0 2 0 71 221 342 5052 0.6437688 0.5880573 True
186 0 6 87 167 204 263 3464 0 0.7338983 True
186 1 3 160 242 203 267 3328 0 0.6341463 True
186 1 10 0 30 202 258 900 0.7593062 0.5357143 True
186 1 2 0 38 221 330 1505 0.8910131 0.363351 True
186 1 6 67 150 204 263 3572 0 0.7294262 True
187 0 3 182 262 202 266 3255 0 0.6357422 True
187 0 10 0 29 201 262 366 0.7965252 0.2068966 True
187 0 2 0 69 220 342 4903 0.6607949 0.5824424 True
187 0 6 85 166 203 262 3498 0 0.7319523 True
187 1 3 160 241 202 266 3297 0 0.6359954 True
187 1 10 0 14 201 257 198 0.9585136 0.252551 True
187 1 2 0 36 220 329 1370 0.9045292 0.3491336 True
187 1 6 66 150 203 262 3605 0 0.7274011 True
188 0 3 182 261 201 264 3241 0 0.6511955 True
188 0 10 0 12 201 260 14 0.9728374 0.01977401 True
188 0 2 0 68 220 342 4771 0.674054 0.5750964 True
188 0 6 84 165 202 262 3524 0 0.7251029 True
188 1 3 160 241 201 264 3280 0 0.6427591 True
188 1 2 0 35 220 328 1254 0.914644 0.331746 True
188 1 6 64 149 202 262 3633 0 0.7123529 True
189 0 3 181 261 199 262 3195 0 0.6339286 True
189 0 2 0 67 218 342 4629 0.6964353 0.5571738 True
189 0 6 83 164 201 260 3494 0 0.7311153 True
189 1 3 160 241 199 262 3229 0 0.6327651 True
189 1 2 0 33 218 326 1128 0.9255784 0.3164983 True
189 1 6 64 148 201 260 3604 0 0.7271994 True
190 0 3 181 261 198 261 3175 0 0.6299603 True
190 0 2 0 65 217 342 4458 0.7013366 0.5486769 True
190 0 6 82 164 200 259 3501 0 0.7236462 True
190 1 3 160 240 198 261 3206 0 0.6361111 True
190 1 2 0 31 217 325 1021 0.9313534 0.3049582 True
190 1 6 63 148 200 259 3612 0 0.7202393 True
191 0 3 181 260 198 260 3132 0 0.6394446 True
191 0 2 0 63 217 342 4286 0.7135033 0.5442539 True
191 0 6 82 164 200 259 3505 0 0.7244729 True
191 1 3 160 240 198 260 3172 0 0.6395161 True
191 1 2 0 30 217 324 900 0.9388267 0.2803738 True
191 1 6 63 147 200 259 3603 0 0.7269976 True
192 0 3 181 259 198 260 3097 0 0.6404053 True
192 0 2 0 62 218 344 4091 0.7281133 0.5236815 True
192 0 6 81 163 200 259 3503 0 0.7240595 True
192 1 3 160 239 198 260 3124 0 0.6378114 True
192 1 2 0 28 218 324 771 0.9496784 0.2597709 True
192 1 6 62 147 200 259 3617 0 0.7212363 True
193 0 11 26 93 205 242 1623 0 0.6546995 True
193 0 3 181 259 199 261 3059 0 0.6325476 True
193 0 2 0 61 219 345 3936 0.7444372 0.5120999 True
193 0 6 81 163 201 260 3505 0 0.7244729 True
193 1 11 13 81 205 242 1489 0 0.5918124 True
193 1 3 160 239 199 261 3105 0 0.6339322 True
193 1 2 0 26 219 324 658 0.9542212 0.2410256 True
193 1 6 62 146 201 260 3609 0 0.7282082 True
194 0 11 11 84 206 246 1905 0 0.6523973 True
194 0 3 181 258 199 260 3020 0 0.6429636 True
194 0 2 0 59 219 346 3771 0.7582414 0.5032697 True
194 0 6 81 162 201 260 3455 0 0.7229546 True
194 1 11 0 72 206 246 1951 0 0.6774306 True
194 1 3 160 239 199 260 3065 0 0.6360241 True
194 1 2 0 25 219 324 562 0.9619606 0.2140952 True
194 1 6 62 146 201 260 3544 0 0.7150928 True
195 0 11 0 73 207 250 1933 0.005742252 0.6158012 True
195 0 3 181 258 199 260 2976 0 0.6335959 True
195 0 2 0 58 219 347 3603 0.7682161 0.4853179 True
195 0 6 82 162 201 259 3397 0 0.7321121 True
195 1 11 0 60 207 249 1912 0.1228461 0.7587302 True
195 1 3 160 238 199 260 3023 0 0.635351 True
195 1 2 0 23 219 324 444 0.9643401 0.1838509 True
195 1 6 63 146 201 259 3498 0 0.7266307 True
196 0 11 0 63 208 253 1791 0.135467 0.6317461 True
196 0 3 181 257 198 259 2949 0 0.6361087 True
196 0 2 0 57 219 347 3434 0.7794122 0.4706689 True
196 0 6 82 162 201 258 3361 0 0.7370614 True
196 1 11 0 49 208 252 1617 0.3679311 0.75 True
196 1 3 160 238 198 259 2982 0 0.6267339 True
196 1 2 0 22 219 323 335 0.9702229 0.1464161 True
196 1 6 63 146 201 258 3453 0 0.7298669 True
197 0 11 0 51 207 255 1369 0.3937004 0.559232 True
197 0 3 181 257 197 258 2922 0 0.6302847 True
197 0 2 0 56 218 347 3274 0.7830122 0.4532115 True
197 0 6 83 162 200 257 3307 0 0.7343993 True
197 1 11 0 36 207 254 1205 0.6506549 0.712175 True
197 1 3 161 238 197 258 2949 0 0.6278476 True
197 1 2 0 21 218 321 242 0.9739944 0.1118816 True
197 1 6 64 146 200 257 3407 0 0.728926 True
198 0 11 0 37 208 259 780 0.6786184 0.4133545 True
198 0 3 182 257 197 257 2868 0 0.6373333 True
198 0 2 0 55 218 346 3221 0.7939354 0.4575284 True
198 0 6 83 162 199 256 3250 0 0.7217411 True
198 1 11 0 21 208 256 574 0.8957315 0.5694444 True
198 1 3 162 238 197 257 2903 0 0.6366228 True
198 1 2 0 20 218 321 220 0.9744138 0.1067961 True
198 1 6 65 146 199 256 3348 0 0.7251462 True
199 0 11 0 21 210 261 142 0.9113812 0.1325864 True
199 0 3 182 257 197 257 2835 0 0.63 True
199 0 2 0 55 218 346 3157 0.7907782 0.4484375 True
199 0 6 85 162 200 256 3198 0 0.7416512 True
199 1 11 0 4 210 256 17 0.9981577 0.0923913 True
199 1 3 162 237 197 257 2857 0 0.6348889 True
199 1 2 0 20 218 321 189 0.9772355 0.09174757 True
199 1 6 66 147 200 256 3290 0 0.7253087 True
200 0 3 181 256 198 257 2802 0 0.6332203 True
200 0 2 0 54 219 346 3115 0.8004311 0.4542141 True
200 0 6 86 163 200 256 3128 0 0.7254174 True
200 1 3 162 237 198 257 2831 0 0.639774 True
200 1 2 0 19 219 321 173 0.9768003 0.08926728 True
200 1 6 68 148 200 256 3220 0 0.71875 True
201 0 3 181 255 198 257 2765 0 0.6333028 True
201 0 2 0 53 219 346 3031 0.8026592 0.4503046 True
201 0 6 87 164 200 255 3068 0 0.7244392 True
201 1 3 162 237 198 257 2785 0 0.6293786 True
201 1 2 0 19 219 320 136 0.977261 0.07087024 True
201 1 6 69 148 200 255 3153 0 0.7256617 True
202 0 3 181 255 199 257 2739 0 0.638164 True
202 0 2 0 53 220 347 2965 0.8016492 0.4404992 True
202 0 6 88 164 201 256 3010 0 0.7200957 True
202 1 3 162 236 199 257 2761 0 0.6432899 True
202 1 2 0 18 220 321 117 0.9794425 0.06435644 True
202 1 6 70 149 201 256 3093 0 0.7118527 True
203 0 3 181 254 200 258 2702 0 0.6381672 True
203 0 2 0 53 221 347 2983 0.8058495 0.4466906 True
203 0 6 89 165 202 256 2958 0 0.7207602 True
203 1 3 162 236 200 258 2732 0 0.6365331 True
203 1 2 0 18 221 322 133 0.9793501 0.07315732 True
203 1 6 72 150 202 256 3042 0 0.7222222 True
204 0 3 181 254 200 257 2654 0 0.6378275 True
204 0 2 0 53 221 346 2988 0.8016696 0.4510189 True
204 0 6 91 165 202 255 2867 0 0.7310046 True
204 1 3 162 235 200 257 2682 0 0.6445566 True
204 1 2 0 19 221 321 138 0.9788202 0.07263158 True
204 1 6 74 151 202 255 2947 0 0.7221269 True
205 0 3 181 253 200 257 2613 0 0.6366959 True
205 0 2 0 53 221 346 3007 0.7948834 0.4538868 True
205 0 6 92 166 202 254 2790 0 0.725052 True
205 1 3 162 235 200 257 2646 0 0.6359048 True
205 1 2 0 19 221 321 169 0.9778668 0.08894737 True
205 1 6 75 151 202 254 2859 0 0.7234312 True
206 0 3 182 253 200 256 2570 0 0.6463783 True
206 0 2 0 53 221 345 3017 0.7999009 0.4590688 True
206 0 6 94 166 202 253 2689 0 0.7322985 True
206 1 3 163 235 200 256 2605 0 0.6460813 True
206 1 2 0 19 221 321 185 0.9760159 0.09736842 True
206 1 6 77 152 202 253 2773 0 0.7249673 True
207 0 3 182 253 200 256 2524 0 0.6348088 True
207 0 2 0 53 221 344 3025 0.7927977 0.4640282 True
207 0 6 95 167 202 252 2631 0 0.7308334 True
207 1 3 163 235 200 256 2563 0 0.6356647 True
207 1 2 0 20 221 320 190 0.9762322 0.0959596 True
207 1 6 79 153 202 252 2700 0 0.7297297 True
208 0 3 182 252 199 255 2494 0 0.6362245 True
208 0 12 39 98 206 239 1144 0 0.5875706 True
208 0 2 0 54 220 342 3126 0.7752028 0.4744991 True
208 0 6 97 167 201 251 2540 0 0.7257143 True
208 1 3 163 234 199 255 2521 0 0.6340543 True
208 1 12 28 87 206 239 1140 0 0.5855162 True
208 1 2 0 21 220 319 284 0.9702968 0.1366041 True
208 1 6 81 153 201 251 2612 0 0.7255555 True
209 0 3 182 251 199 254 2448 0 0.6450593 True
209 0 12 28 89 206 240 1259 0 0.6070395 True
209 0 2 0 55 219 340 3233 0.7684857 0.4858001 True
209 0 6 99 168 201 249 2464 0 0.7439613 True
209 1 3 163 234 199 254 2478 0 0.6345711 True
209 1 12 16 78 206 240 1280 0 0.6072106 True
209 1 2 0 22 219 318 369 0.968776 0.1694215 True
209 1 6 83 154 201 249 2531 0 0.7426643 True
210 0 3 181 250 199 254 2405 0 0.6337286 True
210 0 12 14 80 207 243 1420 0 0.5976431 True
210 0 2 0 56 219 338 3331 0.7578105 0.4998499 True
210 0 6 100 168 201 249 2371 0 0.7264093 True
210 1 3 163 233 199 254 2439 0 0.6335065 True
210 1 12 2 68 207 243 1453 0 0.611532 True
210 1 2 0 23 219 318 455 0.9625762 0.1998243 True
210 1 6 85 155 201 249 2435 0 0.7247024 True
211 0 3 181 250 199 254 2375 0 0.6258234 True
211 0 12 0 69 208 247 1413 0 0.5250836 True
211 0 2 0 57 220 337 3410 0.7525381 0.511321 True
211 0 6 102 169 201 248 2290 0 0.727215 True
211 1 3 163 232 199 254 2415 0 0.6363636 True
211 1 12 0 58 208 246 1476 0.07352477 0.6696914 True
211 1 2 0 24 220 319 534 0.9576821 0.2247475 True
211 1 6 87 155 201 248 2344 0 0.7334168 True
212 0 3 181 249 201 255 2337 0 0.6364379 True
212 0 12 0 58 211 251 1190 0.0983699 0.512931 True
212 0 2 0 57 221 338 3480 0.7397968 0.5218174 True
212 0 6 104 169 203 249 2209 0 0.738796 True
212 1 3 163 232 201 255 2365 0 0.6347289 True
212 1 12 0 45 211 250 1215 0.3233646 0.6923077 True
212 1 2 0 25 221 320 606 0.954145 0.2448485 True
212 1 6 89 156 203 249 2274 0 0.7378326 True
213 0 3 181 248 203 256 2298 0 0.6471416 True
213 0 12 0 45 214 257 714 0.4058956 0.3689922 True
213 0 2 0 58 223 338 3571 0.7236688 0.5353823 True
213 0 6 106 170 204 250 2139 0 0.7265625 True
213 1 3 163 231 203 256 2323 0 0.6445616 True
213 1 12 0 31 214 256 793 0.668774 0.609063 True
213 1 2 0 26 223 321 682 0.9472354 0.2676609 True
213 1 6 91 157 204 250 2194 0 0.7226614 True
214 0 3 180 247 203 256 2271 0 0.6395382 True
214 0 12 0 31 216 261 224 0.7071402 0.1605735 True
214 0 2 0 59 223 337 3641 0.7239244 0.5413321 True
214 0 6 107 170 205 250 2085 0 0.7354497 True
214 1 3 162 230 203 256 2301 0 0.6384573 True
214 1 12 0 17 216 257 274 0.9231333 0.3931133 True
214 1 2 0 27 223 321 746 0.9413496 0.281935 True
214 1 6 92 157 205 250 2134 0 0.7295727 True
215 0 3 179 246 203 256 2244 0 0.6319346 True
215 0 2 0 59 223 335 3718 0.7032083 0.5626513 True
215 0 6 108 170 205 249 2039 0 0.747434 True
215 1 3 162 229 203 256 2281 0 0.6423542 True
215 1 2 0 28 223 321 815 0.93571 0.2970117 True
215 1 6 93 157 205 249 2087 0 0.7411222 True
216 0 3 179 245 203 256 2231 0 0.637793 True
216 0 2 0 60 223 334 3784 0.6950885 0.5681682 True
216 0 6 109 170 205 249 1986 0 0.7399404 True
216 1 3 161 228 203 256 2267 0 0.6384117 True
216 1 2 0 29 223 321 893 0.9291135 0.3142153 True
216 1 6 94 158 205 249 2037 0 0.7233665 True
217 0 3 178 244 204 256 2195 0 0.6395687 True
217 0 2 0 61 223 333 3821 0.6826771 0.5694486 True
217 0 6 110 171 205 248 1939 0 0.7392299 True
217 1 3 161 227 204 256 2236 0 0.6515151 True
217 1 2 0 30 223 321 957 0.9218125 0.3255102 True
217 1 6 96 158 205 248 1980 0 0.7426857 True
218 0 3 178 243 204 256 2169 0 0.641716 True
218 0 2 0 61 223 332 3854 0.6701365 0.579636 True
218 0 6 111 171 205 248 1895 0 0.7344961 True
218 1 3 160 227 204 256 2213 0 0.6351894 True
218 1 2 0 31 223 321 1014 0.9172395 0.3337722 True
218 1 6 97 159 205 248 1936 0 0.7261816 True
219 0 3 177 242 204 256 2159 0 0.6387574 True
219 0 2 0 62 223 331 3892 0.6633127 0.5812426 True
219 0 6 112 171 205 248 1861 0 0.7335436 True
219 1 3 160 226 204 256 2209 0 0.643648 True
219 1 2 0 32 223 320 1068 0.9046938 0.3440722 True
219 1 6 98 159 205 248 1910 0 0.7281739 True
220 0 3 176 241 204 256 2152 0 0.6366864 True
220 0 2 0 63 223 330 3935 0.6588917 0.5837413 True
220 0 6 112 171 206 248 1824 0 0.7360775 True
220 1 3 159 225 204 256 2197 0 0.6401515 True
220 1 2 0 33 223 320 1127 0.8991383 0.3520775 True
220 1 6 99 159 206 248 1865 0 0.7400793 True
221 0 3 175 240 205 256 2138 0 0.6449472 True
221 0 2 0 63 223 329 3966 0.6401874 0.5938904 True
221 0 6 113 171 206 248 1786 0 0.7331691 True
221 1 3 158 224 205 256 2172 0 0.6452763 True
221 1 2 0 34 223 320 1182 0.8915673 0.358399 True
221 1 6 100 159 206 248 1826 0 0.7368846 True
222 0 13 73 119 209 237 916 0 0.7111802 True
222 0 3 174 239 205 256 2132 0 0.6431373 True
222 0 2 0 64 223 328 3992 0.6347803 0.5940476 True
222 0 6 114 171 206 248 1744 0 0.7284879 True
222 1 13 64 111 209 237 861 0 0.6542553 True
222 1 3 157 223 205 256 2162 0 0.6423054 True
222 1 2 0 34 223 320 1237 0.8822326 0.3750758 True
222 1 6 100 159 206 248 1789 0 0.7219532 True
223 0 13 67 114 210 239 1029 0 0.7549523 True
223 0 3 174 238 205 256 2135 0 0.6541054 True
223 0 2 0 64 224 328 4012 0.6352922 0.6027644 True
223 0 6 115 171 206 248 1712 0 0.7278911 True
223 1 13 57 104 210 239 1028 0 0.7542186 True
223 1 3 156 222 205 256 2177 0 0.6467617 True
223 1 2 0 35 224 320 1265 0.8811216 0.3764881 True
223 1 6 101 159 206 248 1752 0 0.7192118 True
224 0 13 58 107 211 242 1147 0 0.755102 True
224 0 3 173 238 206 257 2119 0 0.6392157 True
224 0 2 0 65 224 329 4015 0.6223785 0.5882784 True
224 0 6 115 172 207 248 1709 0 0.7312794 True
224 1 13 47 98 211 242 1160 0 0.7337129 True
224 1 3 156 221 206 257 2171 0 0.654902 True
224 1 2 0 35 224 321 1283 0.8815975 0.3779087 True
224 1 6 102 160 207 248 1742 0 0.7325484 True
225 0 13 48 101 211 244 1273 0 0.7278445 True
225 0 3 172 237 206 257 2125 0 0.6410257 True
225 0 2 0 65 224 328 4032 0.6233097 0.5964497 True
225 0 6 115 172 207 248 1708 0 0.7308515 True
225 1 13 37 90 211 244 1288 0 0.7364208 True
225 1 3 155 221 206 257 2158 0 0.641117 True
225 1 2 0 36 224 321 1299 0.8784075 0.3719931 True
225 1 6 102 160 207 248 1726 0 0.72582 True
226 0 13 37 93 211 246 1439 0 0.7341837 True
226 0 3 172 237 205 256 2136 0 0.6443439 True
226 0 2 0 65 223 327 4046 0.6235121 0.5985207 True
226 0 6 116 172 206 247 1698 0 0.739547 True
226 1 13 25 82 211 246 1464 0 0.7338346 True
226 1 3 155 220 205 256 2180 0 0.6576169 True
226 1 2 0 36 223 320 1338 0.8713458 0.3831615 True
226 1 6 102 161 206 247 1703 0 0.70401 True
227 0 13 24 84 211 248 1492 0 0.6720721 True
227 0 3 171 236 204 256 2137 0 0.6322485 True
227 0 2 0 66 222 325 4058 0.6222732 0.5969403 True
227 0 6 116 173 205 246 1697 0 0.7261446 True
227 1 13 12 73 211 248 1635 0 0.7244129 True
227 1 3 154 220 204 256 2184 0 0.6363636 True
227 1 2 0 37 222 318 1351 0.8700004 0.3803491 True
227 1 6 103 161 205 246 1681 0 0.7068965 True
228 0 13 10 75 211 251 1405 0 0.5403846 True
228 0 3 170 236 204 256 2147 0 0.6255828 True
228 0 2 0 66 222 325 4073 0.6152853 0.5991468 True
228 0 6 116 173 205 246 1680 0 0.7188703 True
228 1 13 0 63 211 251 1744 0.001905203 0.6920635 True
228 1 3 153 219 204 256 2191 0 0.6384032 True
228 1 2 0 37 222 318 1388 0.8674738 0.3907658 True
228 1 6 103 162 205 246 1649 0 0.6816866 True
229 0 13 0 66 213 256 1221 0.006029367 0.4302326 True
229 0 3 170 235 205 257 2151 0 0.6363905 True
229 0 2 0 67 223 326 4077 0.6198403 0.590784 True
229 0 6 117 173 206 247 1664 0 0.7247387 True
229 1 13 0 53 213 255 1574 0.1460181 0.7070979 True
229 1 3 153 219 205 257 2192 0 0.6386946 True
229 1 2 0 38 223 319 1400 0.8626738 0.3837719 True
229 1 6 103 161 206 247 1628 0 0.6846089 True
230 0 13 0 55 214 259 870 0.1767263 0.3515151 True
230 0 3 169 234 205 257 2149 0 0.6357988 True
230 0 2 0 67 223 325 4085 0.6074363 0.5977466 True
230 0 6 117 172 206 247 1642 0 0.7281597 True
230 1 13 0 41 214 258 1206 0.4323089 0.6685144 True
230 1 3 152 218 205 257 2180 0 0.6351981 True
230 1 2 0 38 223 319 1424 0.8658556 0.3903509 True
230 1 6 104 161 206 247 1594 0 0.682071 True
231 0 13 0 42 214 261 419 0.459942 0.2122594 True
231 0 3 168 234 205 256 2148 0 0.6381462 True
231 0 2 0 67 223 324 4093 0.6039484 0.6048471 True
231 0 6 117 172 206 246 1629 0 0.7404546 True
231 1 13 0 28 214 260 650 0.7122413 0.5046584 True
231 1 3 151 217 205 256 2177 0 0.6467617 True
231 1 2 0 38 223 318 1442 0.8599917 0.399446 True
231 1 6 104 160 206 246 1584 0 0.7071428 True
232 0 13 0 28 214 264 101 0.7401941 0.07214285 True
232 0 3 168 233 204 255 2162 0 0.652187 True
232 0 2 0 67 222 323 4070 0.6130898 0.6014482 True
232 0 6 117 171 205 245 1605 0 0.7430556 True
232 1 13 0 12 214 261 110 0.9516148 0.1950355 True
232 1 3 151 217 204 255 2191 0 0.650921 True
232 1 2 0 38 222 317 1429 0.8648387 0.3958449 True
232 1 6 104 159 205 245 1554 0 0.7063636 True
233 0 3 167 233 204 256 2165 0 0.6308275 True
233 0 2 0 67 222 323 4054 0.6063423 0.5990838 True
233 0 6 117 170 205 245 1588 0 0.7490566 True
233 1 3 150 216 204 256 2189 0 0.6378205 True
233 1 2 0 38 222 316 1389 0.8627425 0.3888578 True
233 1 6 104 159 205 245 1529 0 0.695 True
234 0 3 166 232 205 256 2183 0 0.6485443 True
234 0 2 0 67 222 324 4032 0.6152377 0.5899912 True
234 0 6 117 171 205 245 1560 0 0.7222222 True
234 1 3 149 215 205 256 2203 0 0.6544861 True
234 1 2 0 38 222 317 1377 0.8712794 0.3814404 True
234 1 6 104 159 205 245 1498 0 0.6809091 True
235 0 3 165 231 205 257 2204 0 0.6421912 True
235 0 2 0 66 222 324 4004 0.6249634 0.5947713 True
235 0 6 118 171 206 246 1534 0 0.7235849 True
235 1 3 147 214 205 257 2224 0 0.6383467 True
235 1 2 0 38 222 317 1366 0.8702917 0.3783934 True
235 1 6 105 159 206 246 1463 0 0.6773148 True
236 0 3 163 230 205 257 2219 0 0.6369116 True
236 0 2 0 66 222 324 3983 0.6246604 0.5916518 True
236 0 6 118 171 205 246 1505 0 0.6925909 True
236 1 3 146 213 205 257 2243 0 0.6438003 True
236 1 2 0 37 222 316 1342 0.8730967 0.3858539 True
236 1 6 105 160 205 246 1422 0 0.6305987 True
237 0 3 162 229 205 258 2247 0 0.6327795 True
237 0 2 0 66 222 324 3950 0.6280956 0.5867499 True
237 0 6 118 171 206 246 1474 0 0.695283 True
237 1 3 145 212 205 258 2279 0 0.641791 True
237 1 2 0 37 222 316 1315 0.8760485 0.3780909 True
237 1 6 105 160 206 246 1384 0 0.6290909 True
238 0 3 161 228 206 259 2259 0 0.6361588 True
238 0 16 201 238 205 237 385 0 0.3251689 True
238 0 2 0 64 224 326 3845 0.644078 0.5890012 True
238 0 6 119 172 207 247 1448 0 0.6830189 True
238 1 3 143 211 206 259 2301 0 0.6384573 True
238 1 16 190 227 205 237 498 0 0.4206081 True
238 1 2 0 35 224 317 1226 0.8860154 0.3766513 True
238 1 6 105 160 207 247 1357 0 0.6168182 True
239 0 3 159 227 207 260 2311 0 0.641232 True
239 0 16 200 237 206 238 406 0 0.3429054 True
239 0 2 0 63 224 328 3755 0.6636764 0.5731074 True
239 0 6 118 171 207 248 1423 0 0.654855 True
239 1 3 141 210 207 260 2346 0 0.6415094 True
239 1 16 189 226 206 238 520 0 0.4391892 True
239 1 2 0 34 224 317 1128 0.9009593 0.3567362 True
239 1 6 105 159 207 248 1338 0 0.604336 True
240 0 3 157 226 207 261 2341 0 0.6282877 True
240 0 16 200 237 206 238 423 0 0.3572635 True
240 0 2 0 60 225 329 3537 0.6876143 0.5668269 True
240 0 6 117 170 207 248 1421 0 0.6539347 True
240 1 3 139 208 207 261 2377 0 0.6379495 True
240 1 16 188 226 206 238 546 0 0.4490131 True
240 1 2 0 31 225 317 967 0.917907 0.3390603 True
240 1 6 104 159 207 248 1327 0 0.58847 True
241 0 3 155 224 207 262 2382 0 0.627668 True
241 0 16 199 236 206 238 439 0 0.370777 True
241 0 2 0 58 225 330 3330 0.7147635 0.5467981 True
241 0 6 116 170 208 248 1395 0 0.6458333 True
241 1 3 137 207 207 262 2420 0 0.6285715 True
241 1 16 188 225 206 238 559 0 0.4721284 True
241 1 2 0 28 225 317 808 0.9326599 0.3136646 True
241 1 6 103 158 208 248 1300 0 0.5909091 True
242 0 3 153 223 208 263 2430 0 0.6311688 True
242 0 16 198 236 207 239 474 0 0.3898026 True
242 0 2 0 55 226 333 3060 0.7371447 0.519966 True
242 0 6 115 169 208 249 1373 0 0.6201445 True
242 1 3 135 206 208 263 2470 0 0.6325224 True
242 1 16 187 225 207 239 597 0 0.490954 True
242 1 2 0 25 226 317 621 0.946386 0.272967 True
242 1 6 102 157 208 249 1277 0 0.5662971 True
243 0 3 151 222 208 263 2471 0 0.6327785 True
243 0 16 197 235 207 240 493 0 0.393142 True
243 0 2 0 53 226 334 2805 0.7629333 0.4900419 True
243 0 6 115 169 208 249 1361 0 0.6147245 True
243 1 3 133 204 208 263 2513 0 0.6435339 True
243 1 16 186 224 207 240 615 0 0.4904306 True
243 1 2 0 23 226 317 436 0.9585625 0.2083134 True
243 1 6 101 157 208 249 1253 0 0.5457317 True
244 0 3 149 220 207 263 2515 0 0.6325453 True
244 0 16 196 235 206 239 517 0 0.4017094 True
244 0 2 0 50 226 335 2528 0.7857109 0.4638532 True
244 0 6 113 168 208 249 1366 0 0.605765 True
244 1 3 131 203 207 263 2562 0 0.6354167 True
244 1 16 185 224 206 239 641 0 0.4980575 True
244 1 2 0 20 226 316 248 0.9710228 0.1377778 True
244 1 6 100 156 208 249 1251 0 0.5448606 True
245 0 3 147 219 206 263 2580 0 0.628655 True
245 0 16 195 235 205 238 550 0 0.4166667 True
245 0 2 0 47 225 335 2213 0.8210135 0.4280464 True
245 0 6 112 168 206 248 1366 0 0.5807823 True
245 1 3 128 201 206 263 2618 0 0.6291757 True
245 1 16 184 223 205 238 667 0 0.5182595 True
245 1 2 0 16 225 314 63 0.9808863 0.04424157 True
245 1 6 98 156 206 248 1249 0 0.5127258 True
246 0 3 144 217 205 262 2640 0 0.6344629 True
246 0 16 194 234 203 237 589 0 0.4330882 True
246 0 2 0 44 224 333 1939 0.8524559 0.4042952 True
246 0 6 110 168 205 247 1358 0 0.5574713 True
246 1 3 125 199 205 262 2684 0 0.6363205 True
246 1 16 183 223 203 237 699 0 0.5139706 True
246 1 6 97 156 205 247 1229 0 0.4959645 True
247 0 3 142 216 204 261 2706 0 0.6415363 True
247 0 16 193 234 202 236 622 0 0.446198 True
247 0 2 0 41 223 332 1672 0.8760966 0.3741329 True
247 0 6 109 168 204 246 1346 0 0.54318 True
247 1 3 123 198 204 261 2745 0 0.6421053 True
247 1 16 182 223 202 236 738 0 0.5294118 True
247 1 6 95 155 204 246 1223 0 0.4853175 True
248 0 3 139 214 203 261 2779 0 0.6388506 True
248 0 16 192 234 202 235 657 0 0.474026 True
248 0 2 0 38 223 331 1416 0.897268 0.3450292 True
248 0 6 107 167 203 246 1334 0 0.5170543 True
248 1 3 120 196 203 261 2826 0 0.6411071 True
248 1 16 181 222 202 235 772 0 0.5705839 True
248 1 6 93 155 203 246 1202 0 0.4508627 True
249 0 3 136 213 202 262 2840 0 0.6147186 True
249 0 16 192 233 201 235 686 0 0.492109 True
249 0 2 0 34 222 330 1178 0.9195739 0.3208061 True
249 0 6 105 166 202 246 1339 0 0.4988823 True
249 1 3 117 194 202 262 2905 0 0.6287879 True
249 1 16 181 222 201 235 790 0 0.5667145 True
249 1 6 91 154 202 246 1194 0 0.4307359 True
250 0 14 67 109 206 231 626 0 0.5961905 True
250 0 3 134 211 202 262 2925 0 0.6331169 True
250 0 16 191 233 201 235 716 0 0.5014006 True
250 0 2 0 30 223 329 853 0.9417581 0.268239 True
250 0 6 103 165 202 246 1343 0 0.4923021 True
250 1 14 58 101 206 231 561 0 0.5218605 True
250 1 3 114 192 202 262 2984 0 0.6376069 True
250 1 16 180 221 201 235 822 0 0.58967 True
250 1 6 89 152 202 246 1208 0 0.4357864 True
251 0 14 59 103 207 233 700 0 0.6118881 True
251 0 3 131 209 203 264 3005 0 0.6315679 True
251 0 16 191 232 201 236 753 0 0.5247387 True
251 0 2 0 25 224 328 499 0.963777 0.1919231 True
251 0 6 101 163 203 247 1355 0 0.4967009 True
251 1 14 50 94 207 233 671 0 0.5865384 True
251 1 3 110 190 203 264 3073 0 0.6297131 True
251 1 16 179 220 201 236 855 0 0.5958188 True
251 1 6 86 151 203 247 1208 0 0.4223776 True
252 0 14 49 96 207 234 777 0 0.6122931 True
252 0 3 128 207 203 265 3084 0 0.6296448 True
252 0 16 190 231 201 236 779 0 0.5428572 True
252 0 2 0 19 224 327 138 0.9800313 0.07051609 True
252 0 6 99 162 203 248 1356 0 0.4783069 True
252 1 14 40 87 207 234 791 0 0.6233255 True
252 1 3 107 188 203 265 3147 0 0.6266428 True
252 1 16 178 219 201 236 879 0 0.6125436 True
252 1 6 84 149 203 248 1206 0 0.4123077 True
253 0 14 39 89 207 236 870 0 0.6 True
253 0 3 125 205 203 265 3186 0 0.6423387 True
253 0 16 189 231 201 236 806 0 0.5482993 True
253 0 6 96 160 202 248 1350 0 0.4585598 True
253 1 14 29 79 207 236 882 0 0.6082759 True
253 1 3 104 186 203 265 3254 0 0.6400472 True
253 1 16 177 218 201 236 917 0 0.6390244 True
253 1 6 82 148 202 248 1194 0 0.3932806 True
254 0 14 28 80 208 238 982 0 0.6294872 True
254 0 3 122 204 202 266 3268 0 0.6227134 True
254 0 16 188 230 201 236 850 0 0.5782313 True
254 0 6 94 159 202 248 1358 0 0.4541806 True
254 1 14 17 70 208 238 1003 0 0.6308176 True
254 1 3 101 184 202 266 3339 0 0.6285768 True
254 1 16 176 218 201 236 954 0 0.6489796 True
254 1 6 79 146 202 248 1202 0 0.3900065 True
255 0 14 15 71 209 241 1106 0 0.6171875 True
255 0 3 119 202 203 267 3357 0 0.6319653 True
255 0 16 188 230 201 237 887 0 0.5866402 True
255 0 6 92 158 202 249 1385 0 0.4464861 True
255 1 14 4 61 209 241 1127 0 0.6178728 True
255 1 3 98 182 203 267 3435 0 0.6389509 True
255 1 16 175 218 201 237 986 0 0.6369509 True
255 1 6 77 145 202 249 1218 0 0.3811014 True
256 0 14 1 61 209 243 1260 0 0.6176471 True
256 0 3 116 201 202 268 3457 0 0.616221 True
256 0 16 187 230 200 237 929 0 0.5839095 True
256 0 6 89 157 202 250 1390 0 0.4258578 True
256 1 14 0 50 209 242 1151 0.05934858 0.6975757 True
256 1 3 94 180 202 268 3539 0 0.6235025 True
256 1 16 174 217 200 237 1022 0 0.6423633 True
256 1 6 74 143 202 250 1220 0 0.3683575 True
257 0 14 0 50 209 245 1230 0.1017677 0.6833333 True
257 0 3 113 199 202 268 3555 0 0.6263214 True
257 0 16 186 230 200 237 960 0 0.5896806 True
257 0 6 87 155 201 250 1403 0 0.4210684 True
257 1 14 0 38 209 244 913 0.3690677 0.6864662 True
257 1 3 91 178 202 268 3643 0 0.6344479 True
257 1 16 173 217 200 237 1057 0 0.6492629 True
257 1 6 71 142 201 250 1237 0 0.3555619 True
258 0 14 0 38 210 247 971 0.4053605 0.6906117 True
258 0 3 110 197 202 269 3669 0 0.629439 True
258 0 16 186 229 199 237 997 0 0.6101591 True
258 0 6 84 154 201 250 1417 0 0.4131195 True
258 1 14 0 26 210 246 606 0.6864378 0.6474359 True
258 1 3 88 176 202 269 3760 0 0.6377205 True
258 1 16 173 217 199 237 1081 0 0.6465311 True
258 1 6 68 140 201 250 1236 0 0.3503401 True
259 0 14 0 25 211 250 613 0.7354855 0.628718 True
259 0 3 107 196 202 270 3788 0 0.6259088 True
259 0 16 185 229 199 237 1030 0 0.6160287 True
259 0 6 82 153 201 251 1428 0 0.4022535 True
259 1 14 0 12 211 247 190 0.9437286 0.4398148 True
259 1 3 84 174 202 270 3879 0 0.6338235 True
259 1 16 172 217 199 237 1107 0 0.6473684 True
259 1 6 66 139 201 251 1240 0 0.339726 True
260 0 14 0 10 212 250 141 0.967464 0.3710526 True
260 0 3 104 195 201 271 3887 0 0.6102041 True
260 0 16 185 229 199 237 1069 0 0.6393541 True
260 0 6 80 151 201 252 1453 0 0.4012704 True
260 1 3 81 173 201 271 3989 0 0.6194099 True
260 1 16 171 216 199 237 1133 0 0.6625731 True
260 1 6 63 137 201 252 1257 0 0.3330684 True
261 0 3 101 193 202 273 4011 0 0.6140539 True
261 0 16 184 229 200 238 1103 0 0.6450292 True
261 0 6 77 150 202 254 1473 0 0.38804 True
261 1 3 78 171 202 273 4121 0 0.6241103 True
261 1 16 171 216 200 238 1153 0 0.674269 True
261 1 6 60 136 202 254 1266 0 0.3203441 True
262 0 3 98 192 203 275 4151 0 0.6133274 True
262 0 16 184 229 200 239 1144 0 0.6518518 True
262 0 6 75 149 202 255 1491 0 0.3801632 True
262 1 3 75 169 203 275 4263 0 0.6298759 True
262 1 16 170 216 200 239 1185 0 0.6605351 True
262 1 6 58 134 202 255 1279 0 0.3175273 True
263 0 3 95 190 203 276 4275 0 0.6164383 True
263 0 16 183 229 201 240 1171 0 0.6527313 True
263 0 6 72 148 203 256 1508 0 0.3743793 True
263 1 3 71 168 203 276 4395 0 0.620675 True
263 1 16 170 216 201 240 1213 0 0.6761427 True
263 1 6 55 133 203 256 1287 0 0.3113208 True
264 0 3 92 189 204 279 4421 0 0.6076976 True
264 0 16 183 229 202 241 1204 0 0.6711259 True
264 0 6 70 147 204 258 1526 0 0.3670034 True
264 1 3 68 166 204 279 4550 0 0.6190476 True
264 1 16 169 216 202 241 1237 0 0.67485 True
264 1 6 52 132 204 258 1287 0 0.2979167 True
265 0 3 89 188 206 282 4571 0 0.6075226 True
265 0 16 182 229 203 243 1233 0 0.6558511 True
265 0 6 68 146 206 261 1540 0 0.3589744 True
265 1 3 65 165 206 282 4712 0 0.62 True
265 1 16 168 216 203 243 1270 0 0.6614583 True
265 1 6 50 131 206 261 1293 0 0.2902357 True
266 0 15 56 112 194 235 791 0 0.3445122 True
266 0 3 86 186 207 284 4712 0 0.6119481 True
266 0 16 182 229 204 244 1271 0 0.6760638 True
266 0 6 65 145 206 262 1576 0 0.3517857 True
266 1 15 47 104 194 235 598 0 0.2558836 True
266 1 3 61 163 207 284 4875 0 0.6207028 True
266 1 16 168 216 204 244 1294 0 0.6739584 True
266 1 6 47 129 206 262 1300 0 0.2831011 True
267 0 15 48 107 193 236 982 0 0.3870713 True
267 0 3 83 185 206 285 4910 0 0.6093323 True
267 0 16 181 229 203 244 1312 0 0.6666667 True
267 0 6 63 144 205 262 1561 0 0.3380983 True
267 1 15 38 98 193 236 787 0 0.3050388 True
267 1 3 57 162 206 285 5076 0 0.6119349 True
267 1 16 167 215 203 244 1322 0 0.671748 True
267 1 6 45 128 205 262 1284 0 0.2714014 True
268 0 15 38 101 191 236 1216 0 0.4289242 True
268 0 3 80 184 205 285 5081 0 0.6106971 True
268 0 16 180 229 201 243 1335 0 0.648688 True
268 0 6 60 143 204 262 1561 0 0.3242626 True
268 1 15 28 92 191 236 1024 0 0.3555556 True
268 1 3 53 160 205 285 5252 0 0.6135514 True
268 1 16 166 215 201 243 1355 0 0.6584062 True
268 1 6 42 127 204 262 1273 0 0.258215 True
269 0 15 28 95 190 237 1496 0 0.4750715 True
269 0 3 77 183 204 285 5232 0 0.6093641 True
269 0 16 181 230 200 242 1361 0 0.6613217 True
269 0 6 59 142 203 261 1579 0 0.3280016 True
269 1 15 18 86 190 237 1294 0 0.4048811 True
269 1 3 51 159 204 285 5398 0 0.6170554 True
269 1 16 166 216 200 242 1385 0 0.6595238 True
269 1 6 40 127 203 261 1288 0 0.2552517 True
270 0 15 17 88 189 239 1829 0 0.5152113 True
270 0 3 75 182 204 286 5391 0 0.614429 True
270 0 16 181 231 200 243 1385 0 0.644186 True
270 0 6 57 142 203 262 1598 0 0.3186441 True
270 1 15 6 79 189 239 1653 0 0.4528767 True
270 1 3 48 158 204 286 5580 0 0.6186253 True
270 1 16 166 216 200 243 1407 0 0.6544186 True
270 1 6 38 126 203 262 1278 0 0.2461479 True
271 0 15 4 81 189 241 2284 0 0.5704296 True
271 0 3 73 182 203 287 5538 0 0.6048493 True
271 0 16 181 231 200 243 1422 0 0.6613954 True
271 0 6 55 141 202 263 1608 0 0.3065192 True
271 1 15 0 71 189 241 2080 0.005515039 0.5633803 True
271 1 3 45 157 203 287 5748 0 0.6109694 True
271 1 16 166 217 200 243 1434 0 0.6538988 True
271 1 6 36 125 202 263 1288 0 0.2372444 True
272 0 15 0 75 187 242 2708 0.008229315 0.6564848 True
272 0 3 70 181 203 288 5736 0 0.6079491 True
272 0 16 182 232 199 242 1453 0 0.675814 True
272 0 6 53 141 202 263 1611 0 0.3001118 True
272 1 15 0 65 187 241 2160 0.08668542 0.6153846 True
272 1 3 42 156 203 288 5938 0 0.6127967 True
272 1 16 167 218 199 242 1461 0 0.6662107 True
272 1 6 33 124 202 263 1280 0 0.2305891 True
273 0 15 0 68 186 243 2800 0.07579088 0.7223942 True
273 0 3 68 180 202 288 5907 0 0.6132683 True
273 0 16 182 233 199 242 1467 0 0.6689466 True
273 0 6 51 140 201 263 1636 0 0.2964842 True
273 1 15 0 58 186 243 2098 0.2206214 0.6346037 True
273 1 3 39 155 202 288 6116 0 0.6130714 True
273 1 16 167 218 199 242 1478 0 0.6739626 True
273 1 6 31 124 201 263 1292 0 0.2240721 True
274 0 15 0 61 185 245 2666 0.2099435 0.7284153 True
274 0 3 67 181 202 289 6036 0 0.6085904 True
274 0 16 183 234 198 242 1481 0 0.6599822 True
274 0 6 51 141 201 263 1609 0 0.2883513 True
274 1 15 0 50 185 245 1959 0.4187378 0.653 True
274 1 3 38 155 202 289 6246 0 0.6136163 True
274 1 16 168 220 198 242 1493 0 0.652535 True
274 1 6 31 124 201 263 1265 0 0.2193895 True
275 0 15 0 53 184 247 2366 0.4147036 0.7085954 True
275 0 3 66 181 201 289 6150 0 0.6077075 True
275 0 16 184 236 197 241 1494 0 0.652972 True
275 0 6 51 142 200 263 1584 0 0.2762951 True
275 1 15 0 41 184 246 1672 0.6322793 0.6577498 True
275 1 3 37 155 201 289 6374 0 0.613829 True
275 1 16 169 221 197 241 1509 0 0.659528 True
275 1 6 31 125 200 263 1224 0 0.2066869 True
276 0 15 0 44 182 249 1933 0.6212245 0.6556988 True
276 0 3 65 181 200 289 6281 0 0.6083882 True
276 0 16 185 237 196 241 1517 0 0.6482906 True
276 0 6 52 143 199 262 1566 0 0.2731554 True
276 1 15 0 31 183 247 1151 0.8141941 0.5801411 True
276 1 3 35 155 200 289 6520 0 0.6104869 True
276 1 16 170 222 196 241 1535 0 0.6559829 True
276 1 6 31 126 199 262 1183 0 0.1976608 True
277 0 15 0 33 182 251 1322 0.8086715 0.5805885 True
277 0 3 64 181 200 291 6410 0 0.6020475 True
277 0 16 186 239 197 241 1526 0 0.6543739 True
277 0 6 52 144 199 263 1552 0 0.263587 True
277 1 15 0 20 183 247 567 0.9374424 0.4429688 True
277 1 3 34 156 200 291 6654 0 0.5993515 True
277 1 16 171 224 197 241 1533 0 0.6573756 True
277 1 6 31 127 199 263 1144 0 0.1861979 True
278 0 15 0 21 181 250 667 0.9348061 0.4603175 True
278 0 3 63 182 200 291 6545 0 0.6043956 True
278 0 16 188 240 196 240 1540 0 0.6730769 True
278 0 6 52 145 198 263 1512 0 0.2501241 True
278 1 3 33 156 200 291 6802 0 0.6077012 True
278 1 16 172 225 196 240 1559 0 0.6685249 True
278 1 6 31 127 198 263 1102 0 0.1766026 True
279 0 3 63 182 199 290 6593 0 0.6088281 True
279 0 16 188 241 195 239 1548 0 0.6638079 True
279 0 6 52 145 197 262 1517 0 0.2509512 True
279 1 3 33 156 199 290 6861 0 0.6129724 True
279 1 16 173 226 195 239 1555 0 0.6668096 True
279 1 6 31 128 197 262 1102 0 0.1747819 True
280 0 3 62 182 198 290 6653 0 0.6026268 True
280 0 16 189 242 194 239 1554 0 0.6515723 True
280 0 6 52 146 197 262 1498 0 0.2451718 True
280 1 3 32 156 198 290 6929 0 0.6073808 True
280 1 16 174 227 194 239 1569 0 0.6578616 True
280 1 6 31 128 197 262 1083 0 0.1717684 True
281 0 3 62 182 198 290 6711 0 0.6078804 True
281 0 16 190 243 194 239 1567 0 0.6570231 True
281 0 6 52 146 197 262 1489 0 0.2436989 True
281 1 3 32 156 198 290 6981 0 0.611939 True
281 1 16 174 228 194 239 1577 0 0.6489712 True
281 1 6 31 129 197 262 1075 0 0.1687598 True
282 0 3 61 182 198 291 6758 0 0.6005509 True
282 0 16 191 244 194 239 1569 0 0.6578616 True
282 0 6 52 147 197 263 1494 0 0.2382775 True
282 1 3 31 156 198 291 7045 0 0.6060215 True
282 1 16 175 228 194 239 1576 0 0.6607966 True
282 1 6 31 129 197 263 1068 0 0.1651206 True
283 0 3 61 182 200 293 6825 0 0.6065049 True
283 0 16 192 245 196 241 1584 0 0.664151 True
283 0 6 52 147 198 264 1475 0 0.2352472 True
283 1 3 30 156 200 293 7100 0 0.6059055 True
283 1 16 176 229 196 241 1589 0 0.6662474 True
283 1 6 31 129 198 264 1054 0 0.1629561 True
284 0 3 62 183 202 295 6854 0 0.609082 True
284 0 16 193 246 198 243 1594 0 0.6683438 True
284 0 6 53 148 200 266 1449 0 0.2311005 True
284 1 3 31 156 202 295 7111 0 0.6116989 True
284 1 16 177 230 198 243 1599 0 0.6704403 True
284 1 6 32 130 200 266 1034 0 0.1598639 True
285 0 17 13 72 206 242 1122 0 0.5282486 True
285 0 3 62 183 203 296 6861 0 0.6097041 True
285 0 16 194 246 199 244 1584 0 0.6769231 True
285 0 6 54 149 202 268 1424 0 0.2271132 True
285 1 17 0 61 206 242 905 0 0.4121129 True
285 1 3 31 157 203 296 7134 0 0.608807 True
285 1 16 178 231 199 244 1598 0 0.6700209 True
285 1 6 32 131 202 268 992 0 0.1518212 True
286 0 17 2 66 207 245 1387 0 0.5703125 True
286 0 3 62 184 204 297 6886 0 0.6069099 True
286 0 16 195 248 200 245 1599 0 0.6704403 True
286 0 6 55 150 202 269 1404 0 0.2205813 True
286 1 17 0 54 207 244 1132 0.03770477 0.5665666 True
286 1 3 31 157 204 297 7145 0 0.6097457 True
286 1 16 179 232 200 245 1611 0 0.6754717 True
286 1 6 33 132 202 269 978 0 0.1474446 True
287 0 17 0 60 208 248 1567 0.0297817 0.6529167 True
287 0 3 63 184 204 298 6899 0 0.6065588 True
287 0 16 196 249 200 245 1592 0 0.6675053 True
287 0 6 55 151 202 269 1378 0 0.2142413 True
287 1 17 0 47 208 247 1169 0.1946991 0.6377523 True
287 1 3 32 157 204 298 7154 0 0.6088511 True
287 1 16 180 234 200 245 1609 0 0.6621399 True
287 1 6 34 133 202 269 957 0 0.1442786 True
288 0 17 0 50 210 250 1408 0.2064291 0.704 True
288 0 3 63 185 204 298 6933 0 0.6045518 True
288 0 16 197 250 200 246 1609 0 0.6599672 True
288 0 6 56 152 203 270 1369 0 0.212842 True
288 1 17 0 37 210 249 987 0.482232 0.6839917 True
288 1 3 32 158 204 298 7197 0 0.6076494 True
288 1 16 181 235 200 246 1612 0 0.6489533 True
288 1 6 35 134 203 270 937 0 0.1412634 True
289 0 17 0 39 211 253 1114 0.4803042 0.6800977 True
289 0 3 62 184 205 299 6941 0 0.6052494 True
289 0 16 197 251 200 246 1617 0 0.6509662 True
289 0 6 56 152 203 270 1332 0 0.2070896 True
289 1 17 0 25 211 252 634 0.7588426 0.6185366 True
289 1 3 31 157 205 299 7207 0 0.6084937 True
289 1 16 182 235 200 246 1625 0 0.66653 True
289 1 6 34 134 203 270 920 0 0.1373134 True
290 0 17 0 27 212 257 733 0.7526671 0.6032922 True
290 0 3 62 184 205 299 6969 0 0.607691 True
290 0 16 198 251 201 246 1618 0 0.6784067 True
290 0 6 56 152 203 271 1305 0 0.1999081 True
290 1 17 0 12 212 253 209 0.9541509 0.4247968 True
290 1 3 31 157 205 299 7233 0 0.610689 True
290 1 16 182 236 201 246 1619 0 0.6662551 True
290 1 6 34 134 203 271 882 0 0.1297059 True
291 0 17 0 13 213 257 244 0.9532661 0.4265734 True
291 0 3 61 183 205 299 6984 0 0.608999 True
291 0 16 198 251 201 247 1622 0 0.6652994 True
291 0 6 56 153 203 271 1282 0 0.1943602 True
291 1 3 30 156 205 299 7255 0 0.6125464 True
291 1 16 182 236 201 247 1634 0 0.65781 True
291 1 6 34 135 203 271 876 0 0.1275481 True
292 0 3 60 183 205 299 7003 0 0.6056911 True
292 0 16 198 252 201 246 1634 0 0.672428 True
292 0 6 56 153 203 271 1254 0 0.1901152 True
292 1 3 29 156 205 299 7277 0 0.6095661 True
292 1 16 182 236 201 246 1641 0 0.6753086 True
292 1 6 34 135 203 271 868 0 0.1263832 True
293 0 3 60 182 205 299 7025 0 0.6125741 True
293 0 16 199 252 201 247 1639 0 0.6722724 True
293 0 6 56 153 203 271 1229 0 0.186325 True
293 1 3 28 155 205 299 7290 0 0.6106551 True
293 1 16 183 237 201 247 1644 0 0.6618357 True
293 1 6 34 135 203 271 847 0 0.1233256 True
294 0 3 59 182 205 300 7051 0 0.6034232 True
294 0 16 199 252 201 247 1655 0 0.6788351 True
294 0 6 55 153 203 272 1243 0 0.1838214 True
294 1 3 28 155 205 300 7336 0 0.6080398 True
294 1 16 183 237 201 247 1654 0 0.6658615 True
294 1 6 33 135 203 272 843 0 0.1197783 True
295 0 3 58 181 205 299 7102 0 0.6142536 True
295 0 16 199 253 200 247 1654 0 0.6516942 True
295 0 6 54 152 203 272 1238 0 0.1830819 True
295 1 3 27 154 205 299 7380 0 0.618194 True
295 1 16 183 237 200 247 1654 0 0.6516942 True
295 1 6 32 134 203 272 849 0 0.1206309 True
296 0 18 0 66 206 247 1927 0.01958936 0.7121212 True
296 0 3 57 181 204 300 7165 0 0.6018986 True
296 0 16 199 253 200 246 1657 0 0.6670693 True
296 0 6 54 152 203 271 1227 0 0.1841237 True
296 1 18 0 54 206 246 1371 0.1650091 0.6347222 True
296 1 3 26 154 204 300 7452 0 0.6064453 True
296 1 16 183 237 200 246 1676 0 0.6747182 True
296 1 6 31 134 203 271 837 0 0.1195031 True
297 0 18 0 56 206 249 1809 0.199003 0.7512459 True
297 0 3 56 180 204 300 7230 0 0.6073589 True
297 0 16 199 253 200 246 1677 0 0.6751208 True
297 0 6 53 152 202 271 1225 0 0.1793295 True
297 1 18 0 43 206 248 1260 0.4351252 0.6976744 True
297 1 3 24 153 204 300 7523 0 0.6074774 True
297 1 16 183 238 200 246 1685 0 0.6660079 True
297 1 6 31 133 202 271 833 0 0.1183575 True
298 0 18 0 44 208 253 1481 0.4512488 0.7479798 True
298 0 20 164 219 200 240 928 0 0.4218182 True
298 0 3 55 180 205 301 7293 0 0.60775 True
298 0 16 199 254 201 247 1687 0 0.6667984 True
298 0 6 52 152 203 273 1223 0 0.1747143 True
298 1 18 0 31 208 252 955 0.6951206 0.7001466 True
298 1 20 151 207 200 240 951 0 0.4245536 True
298 1 3 23 153 205 301 7594 0 0.6084936 True
298 1 16 183 238 201 247 1682 0 0.6648222 True
298 1 6 30 133 203 273 835 0 0.1158114 True
299 0 18 0 32 210 257 1050 0.7111712 0.6981383 True
299 0 20 164 219 201 241 943 0 0.4286364 True
299 0 3 54 179 206 303 7360 0 0.6070103 True
299 0 16 199 254 202 248 1693 0 0.66917 True
299 0 6 52 152 204 274 1192 0 0.1702857 True
299 1 18 0 18 210 254 429 0.9181802 0.5416667 True
299 1 20 150 207 201 241 961 0 0.4214912 True
299 1 3 22 152 206 303 7674 0 0.6085646 True
299 1 16 183 238 202 248 1698 0 0.6711463 True
299 1 6 30 133 204 274 805 0 0.1116505 True
300 0 18 0 18 211 257 450 0.9262984 0.5434783 True
300 0 20 163 218 201 241 965 0 0.4386364 True
300 0 3 53 179 206 303 7433 0 0.6081656 True
300 0 16 199 254 201 248 1703 0 0.6588008 True
300 0 6 52 152 204 274 1147 0 0.1638571 True
300 1 20 150 207 201 241 975 0 0.4276316 True
300 1 3 21 152 206 303 7730 0 0.6083261 True
300 1 16 183 238 201 248 1711 0 0.6618956 True
300 1 6 29 133 204 274 781 0 0.1072802 True
301 0 20 163 218 201 241 973 0 0.4422727 True
301 0 3 52 178 206 303 7491 0 0.6129112 True
301 0 16 199 254 201 248 1725 0 0.6673114 True
301 0 6 52 152 204 274 1118 0 0.1597143 True
301 1 20 149 206 201 241 980 0 0.4298246 True
301 1 3 20 151 206 303 7825 0 0.6158023 True
301 1 16 183 238 201 248 1731 0 0.6696325 True
301 1 6 29 133 204 274 758 0 0.1041209 True
302 0 20 162 218 201 241 990 0 0.4419643 True
302 0 3 51 178 206 303 7559 0 0.613605 True
302 0 16 199 254 201 248 1735 0 0.6711799 True
302 0 6 52 152 204 274 1070 0 0.1528571 True
302 1 20 149 206 201 241 996 0 0.4368421 True
302 1 3 18 151 206 303 7879 0 0.6107278 True
302 1 16 182 238 201 248 1744 0 0.662614 True
302 1 6 29 133 204 274 739 0 0.101511 True
303 0 20 162 218 201 241 997 0 0.4450893 True
303 0 3 50 177 206 304 7633 0 0.6132894 True
303 0 16 199 254 201 249 1756 0 0.6651515 True
303 0 6 51 152 204 274 1041 0 0.1472419 True
303 1 20 148 206 201 241 1012 0 0.4362069 True
303 1 3 17 150 206 304 7968 0 0.6113243 True
303 1 16 182 238 201 249 1756 0 0.6532738 True
303 1 6 28 133 204 274 725 0 0.09863946 True
304 0 20 162 218 201 241 1003 0 0.4477679 True
304 0 3 49 177 206 304 7711 0 0.6147162 False
304 0 16 199 254 201 249 1766 0 0.6689394 True
304 0 6 50 152 204 275 1044 0 0.1441591 True
304 1 20 148 206 201 241 1017 0 0.4383621 True
304 1 3 16 150 206 304 8029 0 0.6114072 False
304 1 16 182 238 201 249 1773 0 0.6595982 True
304 1 6 27 133 204 275 726 0 0.09646559 True
305 0 20 161 217 201 241 1020 0 0.4553571 True
305 0 3 44 175 206 306 7972 0 0.6085496 True
305 0 16 199 254 201 249 1789 0 0.6776515 True
305 0 6 49 151 204 275 932 0 0.1286937 True
305 1 20 148 206 201 241 1030 0 0.4439655 True
305 1 3 11 148 206 306 8335 0 0.6083941 True
305 1 16 182 238 201 249 1798 0 0.6688988 True
305 1 6 26 132 204 275 677 0 0.08995482 True
306 0 20 161 217 201 242 1025 0 0.4464286 True
306 0 3 46 176 206 306 7886 0 0.6066154 True
306 0 16 198 254 201 249 1801 0 0.6700149 True
306 0 6 49 151 204 275 1032 0 0.1425021 True
306 1 20 147 205 201 242 1032 0 0.4339781 True
306 1 3 13 149 206 306 8230 0 0.6051471 True
306 1 16 182 238 201 249 1811 0 0.6737351 True
306 1 6 25 132 204 275 727 0 0.09569567 True
307 0 20 161 217 200 241 1023 0 0.4455575 True
307 0 3 45 176 205 306 7993 0 0.6041116 True
307 0 16 198 255 201 249 1831 0 0.6692252 True
307 0 6 48 150 203 275 1036 0 0.1410675 True
307 1 20 147 205 200 241 1035 0 0.4352397 True
307 1 3 11 148 205 306 8348 0 0.60331 True
307 1 16 182 238 201 249 1836 0 0.6830357 True
307 1 6 24 131 203 275 738 0 0.09579439 True
308 0 20 161 217 201 242 1040 0 0.4529617 True
308 0 3 43 175 206 307 8115 0 0.6086859 True
308 0 16 198 255 201 250 1834 0 0.6566416 True
308 0 6 47 150 204 276 1026 0 0.1383495 True
308 1 20 147 205 201 242 1047 0 0.440286 True
308 1 3 10 148 206 307 8480 0 0.6084087 True
308 1 16 181 238 201 250 1850 0 0.6623702 True
308 1 6 23 131 204 276 729 0 0.09375 True
309 0 20 161 217 201 242 1033 0 0.4499129 True
309 0 3 42 174 206 308 8228 0 0.6111111 True
309 0 16 198 255 202 251 1856 0 0.6645184 True
309 0 6 46 149 204 277 1028 0 0.1367203 True
309 1 20 147 205 201 242 1041 0 0.4377628 True
309 1 3 8 147 206 308 8603 0 0.6067852 True
309 1 16 181 238 202 251 1875 0 0.6713212 True
309 1 6 22 130 204 277 743 0 0.0942415 True
310 0 20 161 218 201 243 1044 0 0.4360902 True
310 0 19 0 69 209 250 1736 0.02361435 0.6136444 True
310 0 3 40 174 207 309 8360 0 0.6116477 True
310 0 16 198 255 202 251 1860 0 0.6659506 True
310 0 6 45 149 204 277 1011 0 0.1331665 True
310 1 20 147 205 201 243 1048 0 0.4302135 True
310 1 19 0 57 209 249 1063 0.1320865 0.4662281 True
310 1 3 6 147 207 309 8748 0 0.6082603 True
310 1 16 181 238 202 251 1888 0 0.6759757 True
310 1 6 21 130 204 277 728 0 0.09149177 True
311 0 20 161 218 202 243 1050 0 0.449294 True
311 0 19 0 60 210 252 1800 0.1406071 0.7142857 True
311 0 3 39 173 207 310 8483 0 0.614621 True
311 0 16 198 255 202 252 1891 0 0.6635088 True
311 0 6 44 149 205 278 1015 0 0.1324201 True
311 1 20 147 206 202 243 1054 0 0.4357172 True
311 1 19 0 47 210 251 1040 0.3685434 0.539699 True
311 1 3 4 146 207 310 8876 0 0.6068645 True
311 1 16 181 238 202 252 1913 0 0.6712281 True
311 1 6 20 129 205 278 737 0 0.09262285 True
312 0 20 161 218 202 243 1056 0 0.4518614 True
312 0 19 0 50 210 255 1650 0.3651957 0.7333333 True
312 0 3 37 172 207 311 8602 0 0.6126781 True
312 0 16 198 255 202 252 1915 0 0.6719298 True
312 0 6 43 148 205 278 994 0 0.1296804 True
312 1 20 147 206 202 243 1055 0 0.4361306 True
312 1 19 0 36 210 254 939 0.6123869 0.592803 True
312 1 3 2 145 207 311 9012 0 0.605971 True
312 1 16 180 239 202 252 1938 0 0.6569492 True
312 1 6 19 129 205 278 732 0 0.09115816 True
313 0 20 161 218 201 243 1060 0 0.4427736 True
313 0 19 0 39 211 257 1292 0.6140174 0.7201784 True
313 0 3 34 171 207 311 8727 0 0.612507 True
313 0 16 197 255 202 252 1936 0 0.6675862 True
313 0 6 42 148 204 279 974 0 0.1225157 True
313 1 20 147 206 201 243 1051 0 0.4241324 True
313 1 19 0 24 211 255 622 0.8427795 0.5890151 True
313 1 3 0 144 207 311 9152 0 0.6111111 True
313 1 16 180 239 202 252 1952 0 0.6616949 True
313 1 6 18 129 204 279 729 0 0.08756757 True
314 0 20 159 217 202 243 1094 0 0.4600505 True
314 0 19 0 26 212 259 768 0.8419493 0.6284779 True
314 0 3 33 171 207 313 8904 0 0.6086956 True
314 0 16 197 256 202 252 1960 0 0.6644068 True
314 0 6 41 148 205 279 962 0 0.1214953 True
314 1 20 145 205 202 243 1092 0 0.4439024 True
314 1 19 0 11 212 255 193 0.9762837 0.4080338 True
314 1 3 0 144 207 313 9337 0 0.6117007 True
314 1 16 180 239 202 252 1970 0 0.6677966 True
314 1 6 17 128 205 279 734 0 0.08935963 True
315 0 20 158 216 202 244 1124 0 0.4614122 True
315 0 19 0 12 213 259 226 0.9763987 0.4094203 True
315 0 3 31 171 207 314 9080 0 0.6061415 True
315 0 16 197 256 202 253 1975 0 0.6563643 True
315 0 6 40 148 205 280 951 0 0.1174074 True
315 1 20 144 204 202 244 1126 0 0.4468254 True
315 1 3 0 143 207 314 9537 0 0.6232926 True
315 1 16 180 239 202 253 1983 0 0.6590229 True
315 1 6 16 128 205 280 732 0 0.08714285 True
316 0 20 157 215 202 244 1155 0 0.4741379 True
316 0 3 29 170 207 316 9253 0 0.6020561 True
316 0 16 197 256 202 253 2000 0 0.6646727 True
316 0 6 39 147 205 281 948 0 0.1154971 True
316 1 20 143 203 202 244 1156 0 0.4587302 True
316 1 3 0 143 207 315 9718 0.000105679 0.6292411 True
316 1 16 180 239 202 253 2013 0 0.668993 True
316 1 6 15 128 205 281 750 0 0.08733116 True
317 0 20 155 214 202 245 1184 0 0.466693 True
317 0 3 27 170 208 317 9439 0 0.6055688 True
317 0 16 197 257 203 254 2025 0 0.6617647 True
317 0 6 38 147 205 281 931 0 0.1123853 True
317 1 20 141 201 202 245 1191 0 0.4616279 True
317 1 3 0 143 208 317 9925 0 0.6367486 True
317 1 16 180 239 203 254 2039 0 0.6776338 True
317 1 6 14 127 205 281 745 0 0.08674895 True
318 0 20 154 213 202 244 1220 0 0.4923325 True
318 0 3 26 170 207 318 9626 0 0.6022272 True
318 0 16 197 257 203 254 2046 0 0.6686274 True
318 0 6 37 147 205 281 941 0 0.1125598 True
318 1 20 140 200 202 244 1207 0 0.4789683 True
318 1 3 0 142 207 317 10109 0.008505166 0.6471831 True
318 1 16 179 240 203 254 2069 0 0.6650594 True
318 1 6 13 127 205 281 768 0 0.08864266 True
319 0 20 155 214 201 243 1205 0 0.4862792 True
319 0 3 24 169 206 318 9810 0 0.604064 True
319 0 16 197 257 202 253 2068 0 0.675817 True
319 1 20 141 201 201 243 1198 0 0.4753968 True
319 1 3 0 142 206 317 10226 0.01151603 0.6487755 True
319 1 16 179 240 202 253 2083 0 0.6695596 True
320 0 20 156 214 199 242 1185 0 0.4751403 True
320 0 3 22 169 205 317 10028 0 0.6090865 True
320 0 16 197 257 200 252 2079 0 0.6663461 True
320 1 20 142 202 199 242 1183 0 0.4585271 True
320 1 3 0 141 205 316 10335 0.005953074 0.6603412 True
320 1 16 179 240 200 252 2087 0 0.6579445 True
321 0 20 157 215 198 240 1162 0 0.4770115 True
321 0 3 20 168 204 317 10225 0 0.6113968 True
321 0 16 197 258 199 251 2102 0 0.6626734 True
321 1 20 143 203 198 240 1154 0 0.4579365 True
321 1 3 0 141 204 316 10452 0.002578974 0.6618541 True
321 1 16 179 240 199 251 2117 0 0.6674023 True
322 0 20 158 216 198 240 1148 0 0.4712644 True
322 0 3 18 168 203 318 10442 0 0.6053333 True
322 0 16 197 258 198 251 2123 0 0.6566656 True
322 1 20 144 204 198 240 1137 0 0.4511905 True
322 1 3 0 140 203 316 10547 0.02310038 0.6666877 True
322 1 16 179 240 198 251 2142 0 0.6625425 True
323 0 20 159 217 197 240 1135 0 0.4550922 True
323 0 3 17 168 203 318 10506 0 0.6050101 True
323 0 16 197 258 198 251 2146 0 0.6637798 True
323 1 20 145 205 197 240 1106 0 0.4286822 True
323 1 3 0 140 203 317 10557 0.01471144 0.6614662 True
323 1 16 179 241 198 251 2161 0 0.6576385 True
324 0 20 159 217 197 239 1128 0 0.4630542 True
324 0 3 16 167 203 318 10541 0 0.6070256 True
324 0 16 197 258 198 250 2147 0 0.67686 True
324 1 20 145 205 197 239 1101 0 0.4369048 True
324 1 3 0 140 203 316 10537 0.01529396 0.6660556 True
324 1 16 179 241 198 250 2170 0 0.6730769 True
325 0 20 159 218 196 239 1128 0 0.4446196 True
325 0 3 15 167 202 317 10596 0 0.6061785 True
325 0 16 197 259 197 250 2163 0 0.6582471 True
325 1 20 145 205 196 239 1097 0 0.4251938 True
325 1 3 0 139 202 316 10546 0.02424741 0.6655307 True
325 1 16 179 241 197 250 2179 0 0.6631163 True
326 0 20 160 218 196 238 1137 0 0.4667488 True
326 0 3 15 166 201 317 10618 0 0.6061887 True
326 0 16 197 259 196 250 2177 0 0.6502389 True
326 1 20 145 205 196 238 1092 0 0.4333333 True
326 1 3 0 139 201 315 10530 0.01813871 0.664521 True
326 1 16 179 241 196 250 2194 0 0.6553166 True
327 0 20 160 218 196 238 1138 0 0.4671593 True
327 0 3 14 166 201 317 10684 0 0.6059437 True
327 0 16 197 259 196 249 2188 0 0.6658552 False
327 1 20 145 205 196 238 1090 0 0.4325397 True
327 1 3 0 139 201 315 10528 0.01439971 0.6643948 True
327 1 16 179 241 196 249 2203 0 0.67042 False
328 0 20 160 218 196 239 1126 0 0.4514835 True
328 0 3 13 165 202 318 10733 0 0.6087228 True
328 0 16 197 259 197 250 2197 0 0.6685941 True
328 1 20 145 206 196 239 1080 0 0.4117423 True
328 1 3 0 138 202 316 10514 0.03299665 0.6683193 True
328 1 16 179 241 197 250 2203 0 0.67042 True
329 0 20 160 218 197 239 1137 0 0.4667488 True
329 0 3 13 165 203 318 10599 0 0.6063501 True
329 0 16 197 259 198 251 2188 0 0.6658552 True
329 1 20 146 206 197 239 1081 0 0.4289683 True
329 1 3 0 138 203 316 10409 0.03529269 0.6675003 True
329 1 16 179 241 198 251 2195 0 0.6679854 True
330 0 20 160 218 197 240 1147 0 0.4599038 True
330 0 3 14 164 203 318 10449 0 0.6057391 True
330 0 16 198 259 198 251 2191 0 0.6776987 True
330 1 20 146 206 197 240 1085 0 0.4205426 True
330 1 3 0 138 203 316 10309 0.01796669 0.6610876 True
330 1 16 179 241 198 251 2201 0 0.6698113 True
331 0 20 160 218 198 240 1150 0 0.4720854 True
331 0 3 14 164 204 318 10315 0 0.6032164 True
331 0 16 198 259 199 252 2182 0 0.674915 True
331 1 20 146 206 198 240 1082 0 0.4293651 True
331 1 3 0 137 204 316 10204 0.02011704 0.6650156 True
331 1 16 179 241 199 252 2194 0 0.6676811 True
332 0 20 160 218 198 241 1146 0 0.4595028 True
332 0 3 14 163 204 317 10198 0 0.6056898 True
332 0 16 198 259 199 252 2170 0 0.6712032 True
332 1 20 146 206 198 241 1084 0 0.420155 True
332 1 3 0 137 204 315 10100 0.02154595 0.6641678 True
332 1 16 179 241 199 252 2185 0 0.6649422 True
333 0 20 160 218 198 241 1153 0 0.4623095 True
333 0 3 15 162 204 317 10063 0 0.6058034 True
333 0 16 198 259 199 252 2166 0 0.669966 True
333 1 20 146 206 198 241 1085 0 0.4205426 True
333 1 3 0 136 204 315 9992 0.02044946 0.6618972 True
333 1 16 179 242 199 252 2181 0 0.6531896 True
334 0 20 160 218 198 241 1156 0 0.4635124 True
334 0 3 17 163 204 316 9871 0 0.6036571 True
334 0 16 198 259 199 252 2137 0 0.660996 True
334 1 20 145 205 198 241 1098 0 0.4255814 True
334 1 3 0 137 204 314 9962 0.0160864 0.6610484 True
334 1 16 180 241 199 252 2153 0 0.6659449 True
335 0 20 159 217 198 240 1157 0 0.474959 True
335 0 3 19 164 204 314 9701 0 0.6082132 True
335 0 16 198 259 199 251 2117 0 0.6674023 True
335 1 20 145 205 198 240 1110 0 0.4404762 True
335 1 3 0 138 204 313 9917 0.01588339 0.6592873 True
335 1 16 180 241 199 251 2117 0 0.6674023 True
336 0 20 159 216 198 240 1155 0 0.4824561 True
336 0 3 21 165 204 313 9538 0 0.6076707 True
336 0 16 198 258 199 251 2096 0 0.6717949 True
336 1 20 144 204 198 240 1112 0 0.4412698 True
336 1 3 0 139 204 312 9855 0.001045525 0.6564748 True
336 1 16 180 241 199 251 2106 0 0.6639344 True
337 0 20 158 216 199 241 1154 0 0.4737274 True
337 0 3 23 166 204 313 9376 0 0.6015269 True
337 0 16 198 258 199 251 2075 0 0.6650641 True
337 1 20 144 203 199 241 1131 0 0.4564165 True
337 1 3 0 140 204 312 9786 0.002945423 0.6472222 True
337 1 16 180 241 199 251 2091 0 0.6592056 True
338 0 20 158 215 200 242 1155 0 0.4824561 True
338 0 3 23 167 206 315 9510 0 0.6058869 True
338 0 16 198 258 201 252 2060 0 0.6732026 True
338 1 20 144 203 200 242 1139 0 0.4596449 True
338 1 3 0 141 206 314 9933 0.00804311 0.6522853 True
338 1 16 180 240 201 252 2071 0 0.6767974 True
