frame cameraID r1,1 r1,2 r1,3 t1 r2,1 r2,2 r2,3 t2 r3,1 r3,2 r3,3 t3 0 0 0 1
0 0 0.4433943 0.03758863 -0.8955382 4.290408 -0.02703871 0.9992265 0.02855349 107.5704 0.8959188 0.01155374 0.4440677 0.1280913 0 0 0 1
0 1 0.4433943 0.03758863 -0.8955382 3.757683 -0.02703871 0.9992265 0.02855349 107.5704 0.8959188 0.01155374 0.4440677 0.1280912 0 0 0 1
1 0 0.4421604 0.03708325 -0.896169 5.077549 -0.02627827 0.9992517 0.02838336 107.5575 0.896551 0.01099978 0.442804 -1.39424 0 0 0 1
1 1 0.4421604 0.03708325 -0.896169 4.544824 -0.02627827 0.9992517 0.02838336 107.5575 0.896551 0.01099978 0.442804 -1.394239 0 0 0 1
2 0 0.4408398 0.03695524 -0.8968247 5.836407 -0.02641867 0.9992534 0.02818973 107.5451 0.8971969 0.01126576 0.441487 -2.703322 0 0 0 1
2 1 0.4408398 0.03695524 -0.8968247 5.303682 -0.02641867 0.9992534 0.02818973 107.5451 0.8971969 0.01126576 0.441487 -2.703322 0 0 0 1
3 0 0.4394445 0.03651405 -0.8975273 6.562817 -0.02724061 0.9992557 0.02731519 107.5391 0.8978565 0.01244568 0.4401121 -3.909645 0 0 0 1
3 1 0.4394445 0.03651405 -0.8975273 6.030092 -0.02724061 0.9992557 0.02731519 107.5391 0.8978565 0.01244568 0.4401121 -3.909645 0 0 0 1
4 0 0.4374456 0.03573655 -0.8985345 7.3418 -0.02697276 0.9992819 0.02661197 107.5321 0.8988403 0.01259467 0.4380954 -5.341976 0 0 0 1
4 1 0.4374456 0.03573655 -0.8985345 6.809074 -0.02697276 0.9992819 0.02661197 107.5321 0.8988403 0.01259467 0.4380954 -5.341976 0 0 0 1
5 0 0.4351832 0.03505221 -0.8996594 8.054102 -0.02624515 0.9993111 0.02623951 107.5234 0.8999593 0.0121927 0.4358034 -6.696146 0 0 0 1
5 1 0.4351832 0.03505221 -0.8996594 7.521378 -0.02624515 0.9993111 0.02623951 107.5234 0.8999593 0.0121927 0.4358034 -6.696146 0 0 0 1
6 0 0.4323735 0.03441606 -0.9010375 8.858558 -0.02706522 0.9993165 0.02518236 107.5265 0.9012882 0.01349859 0.4330094 -7.992695 0 0 0 1
6 1 0.4323735 0.03441606 -0.9010375 8.325832 -0.02706522 0.9993165 0.02518236 107.5265 0.9012882 0.01349859 0.4330094 -7.992695 0 0 0 1
7 0 0.4302402 0.03514097 -0.9020302 9.725315 -0.02838086 0.9992746 0.02539261 107.5209 0.9022682 0.01467547 0.4309254 -9.172661 0 0 0 1
7 1 0.4302402 0.03514097 -0.9020302 9.19259 -0.02838086 0.9992746 0.02539261 107.5209 0.9022682 0.01467547 0.4309254 -9.172661 0 0 0 1
8 0 0.4285563 0.03578909 -0.902806 10.58063 -0.029305 0.99924 0.02570103 107.5136 0.9030398 0.01544239 0.4292794 -10.3972 0 0 0 1
8 1 0.4285563 0.03578909 -0.902806 10.04791 -0.029305 0.99924 0.02570103 107.5136 0.9030398 0.01544239 0.4292794 -10.3972 0 0 0 1
9 0 0.4268333 0.03705196 -0.903571 11.58456 -0.03000448 0.9991904 0.02679928 107.4928 0.9038324 0.01567236 0.4275994 -11.80663 0 0 0 1
9 1 0.4268333 0.03705196 -0.903571 11.05183 -0.03000448 0.9991904 0.02679928 107.4928 0.9038324 0.01567236 0.4275994 -11.80663 0 0 0 1
10 0 0.4252532 0.03786232 -0.9042822 12.45943 -0.03027607 0.9991605 0.02759707 107.4736 0.904568 0.01564236 0.4260425 -13.11123 0 0 0 1
10 1 0.4252532 0.03786232 -0.9042822 11.92671 -0.03027607 0.9991605 0.02759707 107.4736 0.904568 0.01564236 0.4260425 -13.11123 0 0 0 1
11 0 0.423665 0.03847042 -0.9050017 13.31597 -0.0310341 0.9991276 0.02794337 107.4646 0.9052872 0.01624729 0.4244893 -14.34571 0 0 0 1
11 1 0.423665 0.03847042 -0.9050017 12.78324 -0.0310341 0.9991276 0.02794337 107.4646 0.9052872 0.01624729 0.4244893 -14.34571 0 0 0 1
12 0 0.4221113 0.03862062 -0.905721 14.19428 -0.02898056 0.9991564 0.02909838 107.4161 0.9060807 0.01396555 0.4228745 -16.01718 0 0 0 1
12 1 0.4221113 0.03862062 -0.905721 13.66156 -0.02898056 0.9991564 0.02909838 107.4161 0.9060807 0.01396555 0.4228745 -16.01718 0 0 0 1
13 0 0.4206166 0.03761756 -0.9064583 14.87025 -0.02832515 0.9991974 0.02832269 107.4154 0.9067963 0.01376257 0.4213446 -17.33316 0 0 0 1
13 1 0.4206166 0.03761756 -0.9064583 14.33753 -0.02832515 0.9991974 0.02832269 107.4154 0.9067963 0.01376257 0.4213446 -17.33316 0 0 0 1
14 0 0.4190097 0.03638367 -0.9072525 15.60319 -0.02921128 0.9992198 0.02658078 107.4516 0.9075118 0.0153644 0.4197456 -18.58155 0 0 0 1
14 1 0.4190097 0.03638367 -0.9072525 15.07046 -0.02921128 0.9992198 0.02658078 107.4516 0.9075118 0.0153644 0.4197456 -18.58155 0 0 0 1
15 0 0.417879 0.03645741 -0.9077709 16.38893 -0.02954432 0.9992114 0.02652949 107.4493 0.9080222 0.01573335 0.4186266 -19.83338 0 0 0 1
15 1 0.417879 0.03645741 -0.9077709 15.8562 -0.02954432 0.9992114 0.02652949 107.4493 0.9080222 0.01573335 0.4186266 -19.83338 0 0 0 1
16 0 0.4168939 0.03665815 -0.9082157 17.1843 -0.02809578 0.9992287 0.02743502 107.4027 0.9085209 0.01407954 0.4176023 -21.29701 0 0 0 1
16 1 0.4168939 0.03665815 -0.9082157 16.65157 -0.02809578 0.9992287 0.02743502 107.4027 0.9085209 0.01407954 0.4176023 -21.29701 0 0 0 1
17 0 0.4159004 0.03726084 -0.9086466 18.09538 -0.02611673 0.9992375 0.0290217 107.3254 0.9090352 0.01166074 0.4165564 -22.9679 0 0 0 1
17 1 0.4159004 0.03726084 -0.9086466 17.56266 -0.02611673 0.9992375 0.0290217 107.3254 0.9090352 0.01166074 0.4165564 -22.9679 0 0 0 1
18 0 0.415053 0.03774855 -0.9090138 18.91733 -0.02611428 0.9992215 0.0295709 107.2977 0.9094225 0.01146475 0.4157156 -24.27354 0 0 0 1
18 1 0.415053 0.03774855 -0.9090138 18.3846 -0.02611428 0.9992215 0.0295709 107.2977 0.9094225 0.01146475 0.4157156 -24.27354 0 0 0 1
19 0 0.4144136 0.03737512 -0.9093208 19.73147 -0.02734839 0.9992166 0.02860629 107.3287 0.9096776 0.01301363 0.4151111 -25.5178 0 0 0 1
19 1 0.4144136 0.03737512 -0.9093208 19.19875 -0.02734839 0.9992166 0.02860629 107.3287 0.9096776 0.01301363 0.4151111 -25.5178 0 0 0 1
20 0 0.4136287 0.03768747 -0.9096653 20.5505 -0.02983278 0.9991674 0.02783046 107.3792 0.9099568 0.01562637 0.4144086 -26.51108 0 0 0 1
20 1 0.4136287 0.03768747 -0.9096653 20.01777 -0.02983278 0.9991674 0.02783046 107.3792 0.9099568 0.01562637 0.4144086 -26.51108 0 0 0 1
21 0 0.4126831 0.0377613 -0.9100916 21.34252 -0.03144233 0.9991354 0.02719829 107.4167 0.9103318 0.01739112 0.4135136 -27.58789 0 0 0 1
21 1 0.4126831 0.0377613 -0.9100916 20.8098 -0.03144233 0.9991354 0.02719829 107.4167 0.9103318 0.01739112 0.4135136 -27.58789 0 0 0 1
22 0 0.4119269 0.03840214 -0.9104074 22.26986 -0.03112953 0.9991214 0.02805921 107.3765 0.9106851 0.01678221 0.4127604 -29.04349 0 0 0 1
22 1 0.4119269 0.03840214 -0.9104074 21.73713 -0.03112953 0.9991214 0.02805921 107.3765 0.9106851 0.01678221 0.4127604 -29.04349 0 0 0 1
23 0 0.4111756 0.0392551 -0.9107106 23.13279 -0.03043254 0.9991065 0.02932535 107.3141 0.9110481 0.01565736 0.4120029 -30.42095 0 0 0 1
23 1 0.4111756 0.0392551 -0.9107106 22.60007 -0.03043254 0.9991065 0.02932535 107.3141 0.9110481 0.01565736 0.4120029 -30.42095 0 0 0 1
24 0 0.4105289 0.03857943 -0.9110311 23.83055 -0.02896601 0.9991521 0.02925842 107.279 0.9113874 0.0143775 0.4112983 -31.8145 0 0 0 1
24 1 0.4105289 0.03857943 -0.9110311 23.29782 -0.02896601 0.9991521 0.02925842 107.279 0.9113874 0.0143775 0.4112983 -31.8145 0 0 0 1
25 0 0.4095574 0.03825751 -0.9114817 24.64515 -0.02738084 0.9991857 0.02963563 107.222 0.9118733 0.01281965 0.4102715 -33.35482 0 0 0 1
25 1 0.4095574 0.03825751 -0.9114817 24.11243 -0.02738084 0.9991857 0.02963563 107.222 0.9118733 0.01281965 0.4102715 -33.35482 0 0 0 1
26 0 0.4078261 0.03658529 -0.9123263 25.27539 -0.02569897 0.999261 0.02858357 107.2134 0.9126979 0.01178872 0.408465 -34.68227 0 0 0 1
26 1 0.4078261 0.03658529 -0.9123263 24.74267 -0.02569897 0.999261 0.02858357 107.2134 0.9126979 0.01178872 0.408465 -34.68227 0 0 0 1
27 0 0.4052749 0.03545613 -0.913507 26.06259 -0.02510895 0.9993024 0.0276466 107.2233 0.91385 0.01173273 0.4058824 -36.01181 0 0 0 1
27 1 0.4052749 0.03545613 -0.913507 25.52986 -0.02510895 0.9993024 0.0276466 107.2232 0.91385 0.01173273 0.4058824 -36.01181 0 0 0 1
28 0 0.4032698 0.03497831 -0.9144123 26.81169 -0.02516077 0.9993152 0.02712975 107.2343 0.9147351 0.01206671 0.4038737 -37.18078 0 0 0 1
28 1 0.4032698 0.03497831 -0.9144123 26.27897 -0.02516077 0.9993152 0.02712975 107.2343 0.9147351 0.01206671 0.4038737 -37.18078 0 0 0 1
29 0 0.4018298 0.03477903 -0.9150537 27.56645 -0.02592619 0.99931 0.02659638 107.2645 0.9153473 0.01303663 0.4024543 -38.29346 0 0 0 1
29 1 0.4018298 0.03477903 -0.9150537 27.03372 -0.02592619 0.99931 0.02659638 107.2645 0.9153473 0.01303663 0.4024543 -38.29346 0 0 0 1
30 0 0.3999874 0.03436479 -0.9158763 28.3869 -0.02674419 0.9993089 0.02581539 107.3083 0.9161304 0.01416853 0.4006301 -39.4978 0 0 0 1
30 1 0.3999874 0.03436479 -0.9158763 27.85417 -0.02674419 0.9993089 0.02581539 107.3083 0.9161304 0.01416853 0.4006301 -39.4978 0 0 0 1
31 0 0.3978218 0.0342922 -0.9168217 29.19003 -0.02779105 0.9992931 0.02531798 107.3497 0.9170418 0.01540739 0.3984935 -40.55211 0 0 0 1
31 1 0.3978218 0.0342922 -0.9168217 28.6573 -0.02779105 0.9992931 0.02531798 107.3497 0.9170418 0.01540739 0.3984935 -40.55211 0 0 0 1
32 0 0.3953508 0.03380303 -0.9179081 29.96574 -0.02840799 0.9992945 0.02456463 107.394 0.9180908 0.01636427 0.3960322 -41.62235 0 0 0 1
32 1 0.3953508 0.03380303 -0.9179081 29.43302 -0.02840799 0.9992945 0.02456463 107.394 0.9180908 0.01636427 0.3960322 -41.62235 0 0 0 1
33 0 0.3927424 0.03380928 -0.9190269 30.86366 -0.02790369 0.999302 0.02483793 107.364 0.9192251 0.01588933 0.3934117 -42.95671 0 0 0 1
33 1 0.3927424 0.03380928 -0.9190269 30.33094 -0.02790369 0.999302 0.02483793 107.364 0.9192251 0.01588933 0.3934117 -42.95671 0 0 0 1
34 0 0.3907446 0.0335808 -0.9198864 31.64709 -0.02712584 0.9993204 0.0249582 107.3321 0.9200994 0.01520042 0.39139 -44.20292 0 0 0 1
34 1 0.3907446 0.0335808 -0.9198864 31.11436 -0.02712584 0.9993204 0.0249582 107.3321 0.9200994 0.01520042 0.39139 -44.20292 0 0 0 1
35 0 0.3887597 0.03467133 -0.9206867 32.63025 -0.02699389 0.9992913 0.02623326 107.2623 0.9209437 0.01465448 0.3894202 -45.5567 0 0 0 1
35 1 0.3887597 0.03467133 -0.9206867 32.09752 -0.02699389 0.9992913 0.02623326 107.2623 0.9209437 0.01465448 0.3894202 -45.5567 0 0 0 1
36 0 0.3872073 0.03531506 -0.9213161 33.48061 -0.02683071 0.9992746 0.02702699 107.2123 0.9216022 0.01425451 0.387874 -46.78209 0 0 0 1
36 1 0.3872073 0.03531506 -0.9213161 32.94788 -0.02683071 0.9992746 0.02702699 107.2123 0.9216022 0.01425451 0.387874 -46.78209 0 0 0 1
37 0 0.3858614 0.0348108 -0.9218998 34.20131 -0.02588006 0.999303 0.02690144 107.1818 0.9221938 0.01347859 0.3864934 -48.05069 0 0 0 1
37 1 0.3858614 0.0348108 -0.9218998 33.66859 -0.02588006 0.999303 0.02690144 107.1818 0.9221938 0.01347859 0.3864934 -48.05069 0 0 0 1
38 0 0.3841452 0.0342946 -0.9226356 35.01416 -0.02472244 0.9993337 0.02685214 107.1385 0.9229417 0.01249467 0.3847371 -49.44907 0 0 0 1
38 1 0.3841452 0.0342946 -0.9226356 34.48143 -0.02472244 0.9993337 0.02685214 107.1384 0.9229417 0.01249467 0.3847371 -49.44907 0 0 0 1
39 0 0.3825112 0.03327768 -0.9233515 35.70206 -0.02332102 0.9993805 0.02635672 107.1091 0.9236565 0.01145175 0.3830503 -50.72335 0 0 0 1
39 1 0.3825112 0.03327768 -0.9233515 35.16934 -0.02332102 0.9993805 0.02635672 107.1091 0.9236565 0.01145175 0.3830503 -50.72335 0 0 0 1
40 0 0.3807889 0.03260064 -0.9240872 36.51094 -0.02405758 0.9993893 0.02534379 107.1779 0.9243491 0.01258067 0.3813406 -51.88382 0 0 0 1
40 1 0.3807889 0.03260064 -0.9240872 35.97822 -0.02405758 0.9993893 0.02534379 107.1779 0.9243491 0.01258067 0.3813406 -51.88382 0 0 0 1
41 0 0.3794712 0.03323429 -0.9246064 37.3639 -0.02620296 0.9993398 0.02516648 107.2545 0.9248325 0.01467747 0.3800915 -52.83222 0 0 0 1
41 1 0.3794712 0.03323429 -0.9246064 36.83117 -0.02620296 0.9993398 0.02516648 107.2545 0.9248325 0.01467747 0.3800915 -52.83222 0 0 0 1
42 0 0.3781311 0.03444791 -0.9251108 38.27952 -0.02760618 0.9992826 0.02592602 107.2563 0.9253403 0.01573535 0.3788108 -53.89126 0 0 0 1
42 1 0.3781311 0.03444791 -0.9251108 37.7468 -0.02760618 0.9992826 0.02592602 107.2563 0.9253403 0.01573535 0.3788108 -53.89126 0 0 0 1
43 0 0.3764911 0.03457934 -0.9257748 39.17405 -0.02669714 0.9992931 0.02646827 107.1865 0.9260356 0.01475046 0.3771482 -55.27346 0 0 0 1
43 1 0.3764911 0.03457934 -0.9257748 38.64133 -0.02669714 0.9992931 0.02646827 107.1865 0.9260356 0.01475046 0.3771482 -55.27346 0 0 0 1
44 0 0.3742644 0.03382133 -0.9267051 39.94598 -0.02546601 0.9993326 0.02618713 107.1501 0.9269724 0.01379856 0.374876 -56.50333 0 0 0 1
44 1 0.3742644 0.03382133 -0.9267051 39.41326 -0.02546601 0.9993326 0.02618713 107.1501 0.9269724 0.01379856 0.374876 -56.50333 0 0 0 1
45 0 0.3714322 0.0319786 -0.9279093 40.64979 -0.02449638 0.9993963 0.02463662 107.1973 0.9281369 0.01357959 0.3719913 -57.62576 0 0 0 1
45 1 0.3714322 0.0319786 -0.9279093 40.11707 -0.02449638 0.9993963 0.02463662 107.1973 0.9281369 0.01357959 0.3719913 -57.62576 0 0 0 1
46 0 0.3682749 0.03106747 -0.9291977 41.55117 -0.02331644 0.9994358 0.02417471 107.1715 0.9294246 0.01276265 0.3687915 -58.9169 0 0 0 1
46 1 0.3682749 0.03106747 -0.9291977 41.01844 -0.02331644 0.9994358 0.02417471 107.1715 0.9294246 0.01276265 0.3687915 -58.9169 0 0 0 1
47 0 0.3658551 0.03076199 -0.9301634 42.39091 -0.02229066 0.9994565 0.02428618 107.1166 0.9304049 0.01184873 0.3663419 -60.12812 0 0 0 1
47 1 0.3658551 0.03076199 -0.9301634 41.85818 -0.02229066 0.9994565 0.02428618 107.1166 0.9304049 0.01184873 0.3663419 -60.12812 0 0 0 1
48 0 0.3636414 0.03086336 -0.9310277 43.34446 -0.02111442 0.9994673 0.02488524 107.0218 0.9312997 0.0106088 0.3640993 -61.50751 0 0 0 1
48 1 0.3636414 0.03086336 -0.9310277 42.81173 -0.02111442 0.9994673 0.02488524 107.0218 0.9312997 0.0106088 0.3640993 -61.50752 0 0 0 1
49 0 0.3616742 0.03143684 -0.9317744 44.25969 -0.02183011 0.9994429 0.02524639 107.0198 0.932049 0.01120977 0.362159 -62.5811 0 0 0 1
49 1 0.3616742 0.03143684 -0.9317744 43.72697 -0.02183011 0.9994429 0.02524639 107.0198 0.932049 0.01120977 0.362159 -62.5811 0 0 0 1
50 0 0.3599366 0.03205013 -0.9324262 45.16366 -0.02292623 0.9994118 0.0255026 107.0414 0.9326951 0.0121977 0.3604597 -63.61748 0 0 0 1
50 1 0.3599366 0.03205013 -0.9324262 44.63094 -0.02292623 0.9994118 0.0255026 107.0414 0.9326951 0.0121977 0.3604597 -63.61747 0 0 0 1
51 0 0.3579879 0.03291926 -0.9331458 46.17917 -0.02397023 0.999373 0.02605977 107.0416 0.9334185 0.01303863 0.3585525 -64.7813 0 0 0 1
51 1 0.3579879 0.03291926 -0.9331458 45.64645 -0.02397023 0.999373 0.02605977 107.0416 0.9334185 0.01303863 0.3585525 -64.7813 0 0 0 1
52 0 0.3565282 0.03377166 -0.933674 47.08784 -0.02434346 0.999343 0.02685127 106.9973 0.9339674 0.01315562 0.357116 -65.9204 0 0 0 1
52 1 0.3565282 0.03377166 -0.933674 46.55513 -0.02434346 0.999343 0.02685127 106.9973 0.9339674 0.01315562 0.357116 -65.9204 0 0 0 1
53 0 0.3551044 0.03411286 -0.934204 47.93055 -0.02347957 0.9993442 0.02756656 106.901 0.9345317 0.0121457 0.3556725 -67.17676 0 0 0 1
53 1 0.3551044 0.03411286 -0.934204 47.39782 -0.02347957 0.9993442 0.02756656 106.901 0.9345317 0.0121457 0.3556725 -67.17676 0 0 0 1
54 0 0.3539467 0.03402295 -0.9346466 48.77964 -0.02336298 0.9993479 0.02753074 106.8879 0.9349738 0.01209171 0.3545108 -68.46127 0 0 0 1
54 1 0.3539467 0.03402295 -0.9346466 48.24692 -0.02336298 0.9993479 0.02753074 106.8879 0.9349738 0.01209171 0.3545108 -68.46127 0 0 0 1
55 0 0.3528272 0.03370327 -0.9350812 49.5341 -0.02506813 0.9993328 0.02656033 107.0285 0.9353526 0.01406953 0.3534366 -69.40594 0 0 0 1
55 1 0.3528272 0.03370327 -0.9350812 49.00138 -0.02506813 0.9993328 0.02656033 107.0285 0.9353526 0.01406953 0.3534366 -69.40594 0 0 0 1
56 0 0.3515665 0.03358374 -0.9355603 50.3884 -0.02787871 0.9992887 0.02539508 107.2407 0.9357477 0.01715416 0.3522527 -70.34169 0 0 0 1
56 1 0.3515665 0.03358374 -0.9355603 49.85569 -0.02787871 0.9992887 0.02539508 107.2407 0.9357477 0.01715416 0.3522527 -70.34168 0 0 0 1
57 0 0.3504432 0.03422043 -0.9359586 51.23866 -0.02936837 0.9992424 0.02553805 107.3005 0.9361234 0.01853794 0.3511828 -71.34401 0 0 0 1
57 1 0.3504432 0.03422043 -0.9359586 50.70593 -0.02936837 0.9992424 0.02553805 107.3005 0.9361234 0.01853794 0.3511828 -71.34401 0 0 0 1
58 0 0.3496035 0.0345425 -0.9362608 52.03448 -0.02899739 0.9992403 0.02603833 107.2434 0.9364489 0.01804603 0.3503395 -72.55701 0 0 0 1
58 1 0.3496035 0.0345425 -0.9362608 51.50175 -0.02899739 0.9992403 0.02603833 107.2434 0.9364489 0.01804603 0.3503395 -72.557 0 0 0 1
59 0 0.3484199 0.03519922 -0.9366773 52.95729 -0.02726837 0.9992524 0.02740759 107.05 0.9369417 0.01599232 0.3491192 -74.03472 0 0 0 1
59 1 0.3484199 0.03519922 -0.9366773 52.42455 -0.02726837 0.9992524 0.02740759 107.05 0.9369417 0.01599232 0.3491192 -74.03472 0 0 0 1
60 0 0.3475142 0.03432979 -0.9370461 53.62774 -0.02524503 0.9993098 0.02724849 106.9521 0.9373348 0.01418652 0.348141 -75.37497 0 0 0 1
60 1 0.3475142 0.03432979 -0.9370461 53.09501 -0.02524503 0.9993098 0.02724849 106.9521 0.9373348 0.01418652 0.348141 -75.37497 0 0 0 1
61 0 0.3465238 0.03383477 -0.9374309 54.33992 -0.02373346 0.9993456 0.02729633 106.8619 0.937741 0.01278965 0.3471 -76.66706 0 0 0 1
61 1 0.3465238 0.03383477 -0.9374309 53.80719 -0.02373346 0.9993456 0.02729633 106.8619 0.937741 0.01278965 0.3471 -76.66706 0 0 0 1
62 0 0.3454936 0.03326405 -0.9378314 55.11732 -0.02130739 0.999392 0.02759798 106.6982 0.9381793 0.01044781 0.3459923 -78.17471 0 0 0 1
62 1 0.3454936 0.03326405 -0.9378314 54.5846 -0.02130739 0.999392 0.02759798 106.6982 0.9381793 0.01044781 0.3459923 -78.17471 0 0 0 1
63 0 0.3446766 0.03382415 -0.938112 55.92139 -0.02018477 0.9993866 0.02861725 106.5448 0.9385045 0.009071877 0.3451479 -79.47326 0 0 0 1
63 1 0.3446766 0.03382415 -0.938112 55.38867 -0.02018477 0.9993866 0.02861725 106.5448 0.9385045 0.009071877 0.3451479 -79.47326 0 0 0 1
64 0 0.343994 0.03412718 -0.9383515 56.75895 -0.01960716 0.9993825 0.02915896 106.455 0.9387671 0.008367903 0.3444507 -80.82076 0 0 0 1
64 1 0.343994 0.03412718 -0.9383515 56.22623 -0.01960716 0.9993825 0.02915896 106.455 0.9387671 0.008367903 0.3444507 -80.82076 0 0 0 1
65 0 0.3431579 0.03436068 -0.9386491 57.52972 -0.02072796 0.9993643 0.02900538 106.5187 0.939049 0.009502857 0.343652 -81.84394 0 0 0 1
65 1 0.3431579 0.03436068 -0.9386491 56.997 -0.02072796 0.9993643 0.02900538 106.5187 0.939049 0.009502857 0.343652 -81.84394 0 0 0 1
66 0 0.3415267 0.03331885 -0.9392814 58.24354 -0.02162016 0.9993855 0.02758973 106.676 0.9396234 0.01088479 0.3420371 -82.78278 0 0 0 1
66 1 0.3415267 0.03331885 -0.9392814 57.7108 -0.02162016 0.9993855 0.02758973 106.676 0.9396234 0.01088479 0.3420371 -82.78278 0 0 0 1
67 0 0.3386763 0.0329636 -0.9403254 59.20638 -0.02258187 0.999383 0.0269006 106.7799 0.940632 0.01212371 0.3392118 -83.77705 0 0 0 1
67 1 0.3386763 0.0329636 -0.9403254 58.67365 -0.02258187 0.999383 0.0269006 106.7799 0.940632 0.01212371 0.3392118 -83.77704 0 0 0 1
68 0 0.3364224 0.0330034 -0.9411327 60.08508 -0.02293582 0.9993764 0.02684712 106.7977 0.9414318 0.01255367 0.3369696 -84.76881 0 0 0 1
68 1 0.3364224 0.0330034 -0.9411327 59.55236 -0.02293582 0.9993764 0.02684712 106.7978 0.9414318 0.01255367 0.3369696 -84.76881 0 0 0 1
69 0 0.3350021 0.03492719 -0.9415698 61.14737 -0.023435 0.9993124 0.02873117 106.6573 0.9419259 0.01244068 0.3355903 -85.97891 0 0 0 1
69 1 0.3350021 0.03492719 -0.9415698 60.61465 -0.023435 0.9993124 0.02873117 106.6573 0.9419259 0.01244068 0.3355903 -85.97891 0 0 0 1
70 0 0.334389 0.03588935 -0.9417515 61.96558 -0.02406231 0.999274 0.02953765 106.6165 0.9421279 0.01278365 0.3350098 -87.06154 0 0 0 1
70 1 0.334389 0.03588935 -0.9417515 61.43285 -0.02406231 0.999274 0.02953765 106.6165 0.9421279 0.01278365 0.3350098 -87.06154 0 0 0 1
71 0 0.3334468 0.03633296 -0.9420686 62.7553 -0.02430843 0.9992563 0.02993452 106.5878 0.9424555 0.01291864 0.334082 -88.13399 0 0 0 1
71 1 0.3334468 0.03633296 -0.9420686 62.22258 -0.02430843 0.9992563 0.02993452 106.5878 0.9424555 0.01291864 0.334082 -88.13399 0 0 0 1
72 0 0.3322828 0.03576123 -0.9425016 63.51982 -0.02439695 0.9992725 0.02931404 106.6392 0.9428642 0.01325361 0.3329135 -89.26761 0 0 0 1
72 1 0.3322828 0.03576123 -0.9425016 62.98711 -0.02439695 0.9992725 0.02931404 106.6392 0.9428642 0.01325361 0.3329135 -89.26761 0 0 0 1
73 0 0.3313804 0.0341705 -0.9428783 64.08443 -0.02350424 0.9993328 0.02795574 106.6968 0.9432045 0.01289765 0.3319625 -90.36135 0 0 0 1
73 1 0.3313804 0.0341705 -0.9428783 63.55171 -0.02350424 0.9993328 0.02795574 106.6968 0.9432045 0.01289765 0.3319625 -90.36135 0 0 0 1
74 0 0.3302364 0.03349407 -0.9433039 64.75832 -0.02298856 0.9993592 0.02743649 106.7035 0.9436184 0.01262466 0.3307947 -91.41572 0 0 0 1
74 1 0.3302364 0.03349407 -0.9433039 64.2256 -0.02298856 0.9993592 0.02743649 106.7035 0.9436184 0.01262466 0.3307947 -91.41573 0 0 0 1
75 0 0.3281721 0.03216069 -0.9440703 65.51464 -0.02294518 0.9993968 0.02606937 106.8188 0.9443393 0.01310662 0.3287121 -92.4225 0 0 0 1
75 1 0.3281721 0.03216069 -0.9440703 64.98192 -0.02294518 0.9993968 0.02606937 106.8188 0.9443393 0.01310662 0.3287121 -92.4225 0 0 0 1
76 0 0.3261381 0.03188731 -0.9447842 66.30798 -0.02396636 0.9993886 0.02545711 106.9379 0.9450183 0.01434051 0.3267029 -93.22672 0 0 0 1
76 1 0.3261381 0.03188731 -0.9447842 65.77525 -0.02396636 0.9993886 0.02545711 106.9379 0.9450183 0.01434051 0.3267029 -93.22672 0 0 0 1
77 0 0.3244388 0.0332819 -0.945321 67.29498 -0.02711218 0.9992974 0.02587722 107.105 0.9455181 0.01723414 0.3251131 -93.9673 0 0 0 1
77 1 0.3244388 0.0332819 -0.945321 66.76226 -0.02711218 0.9992974 0.02587722 107.105 0.9455181 0.01723414 0.3251131 -93.9673 0 0 0 1
78 0 0.3230147 0.03478606 -0.9457545 68.19446 -0.02871346 0.9992244 0.0269459 107.1098 0.9459583 0.01845196 0.323763 -94.78249 0 0 0 1
78 1 0.3230147 0.03478606 -0.9457545 67.66173 -0.02871346 0.9992244 0.0269459 107.1098 0.9459583 0.01845196 0.323763 -94.78249 0 0 0 1
79 0 0.3216979 0.03639985 -0.9461425 69.08653 -0.02758688 0.9991969 0.02906113 106.8276 0.9464404 0.01675222 0.3224437 -95.9012 0 0 0 1
79 1 0.3216979 0.03639985 -0.9461425 68.55381 -0.02758688 0.9991969 0.02906113 106.8276 0.9464404 0.01675222 0.3224437 -95.9012 0 0 0 1
80 0 0.3204911 0.03649002 -0.9465485 69.85776 -0.02551796 0.9992277 0.02988073 106.5995 0.9469078 0.01457748 0.3211747 -97.15643 0 0 0 1
80 1 0.3204911 0.03649002 -0.9465485 69.32503 -0.02551796 0.9992277 0.02988073 106.5995 0.9469078 0.01457748 0.3211747 -97.15643 0 0 0 1
81 0 0.3188803 0.03622576 -0.9471025 70.57027 -0.02439085 0.999252 0.03000826 106.5013 0.9474811 0.01353159 0.3195254 -98.1461 0 0 0 1
81 1 0.3188803 0.03622576 -0.9471025 70.03754 -0.02439085 0.999252 0.03000826 106.5013 0.9474811 0.01353159 0.3195254 -98.1461 0 0 0 1
82 0 0.3173895 0.03546153 -0.947632 71.21278 -0.02365539 0.9992857 0.0294716 106.4948 0.9480002 0.01306263 0.3180016 -99.06726 0 0 0 1
82 1 0.3173895 0.03546153 -0.947632 70.68005 -0.02365539 0.9992857 0.0294716 106.4948 0.9480002 0.01306263 0.3180016 -99.06726 0 0 0 1
83 0 0.3157755 0.0349642 -0.9481895 71.94296 -0.0227994 0.9993119 0.02925644 106.4468 0.94856 0.01237968 0.3163554 -100.0808 0 0 0 1
83 1 0.3157755 0.0349642 -0.9481895 71.41024 -0.0227994 0.9993119 0.02925644 106.4468 0.94856 0.01237968 0.3163554 -100.0808 0 0 0 1
84 0 0.314414 0.0350343 -0.9486393 72.64259 -0.02244807 0.9993137 0.02946564 106.3927 0.9490206 0.01203071 0.3149846 -100.9666 0 0 0 1
84 1 0.314414 0.0350343 -0.9486393 72.10988 -0.02244807 0.9993137 0.02946564 106.3927 0.9490206 0.01203071 0.3149846 -100.9666 0 0 0 1
85 0 0.313126 0.03470553 -0.9490773 73.34394 -0.02228201 0.9993255 0.02919155 106.3999 0.9494502 0.01200671 0.3136881 -101.9042 0 0 0 1
85 1 0.313126 0.03470553 -0.9490773 72.81121 -0.02228201 0.9993255 0.02919155 106.3999 0.9494502 0.01200671 0.3136881 -101.9042 0 0 0 1
86 0 0.3118779 0.03537213 -0.9494635 74.0816 -0.0223238 0.9993037 0.02989604 106.3235 0.9498599 0.01187172 0.3124503 -102.7532 0 0 0 1
86 1 0.3118779 0.03537213 -0.9494635 73.54889 -0.0223238 0.9993037 0.02989604 106.3235 0.9498599 0.01187172 0.3124503 -102.7532 0 0 0 1
87 0 0.3109379 0.0355772 -0.9497641 74.7325 -0.0218685 0.9993024 0.03027344 106.2425 0.9501786 0.01135676 0.3114991 -103.6529 0 0 0 1
87 1 0.3109379 0.0355772 -0.9497641 74.19977 -0.0218685 0.9993024 0.03027344 106.2425 0.9501786 0.01135676 0.3114991 -103.6529 0 0 0 1
88 0 0.3097088 0.03561687 -0.9501641 75.4493 -0.02251222 0.9992927 0.03012053 106.2982 0.9505649 0.01206171 0.3102916 -104.4852 0 0 0 1
88 1 0.3097088 0.03561687 -0.9501641 74.91656 -0.02251222 0.9992927 0.03012053 106.2982 0.9505649 0.01206171 0.3102916 -104.4852 0 0 0 1
89 0 0.3087263 0.03543442 -0.9504907 76.05772 -0.02366528 0.9992826 0.02956673 106.437 0.9508565 0.0133656 0.3093434 -105.1727 0 0 0 1
89 1 0.3087263 0.03543442 -0.9504907 75.52499 -0.02366528 0.9992826 0.02956673 106.437 0.9508565 0.0133656 0.3093434 -105.1727 0 0 0 1
90 0 0.3075255 0.03506917 -0.9508935 76.71908 -0.02449373 0.9992812 0.02893229 106.5611 0.9512246 0.01439351 0.3081634 -105.952 0 0 0 1
90 1 0.3075255 0.03506917 -0.9508935 76.18636 -0.02449373 0.9992812 0.02893229 106.5611 0.9512246 0.01439351 0.3081634 -105.952 0 0 0 1
91 0 0.3065479 0.03429564 -0.9512373 77.2552 -0.02438512 0.9993057 0.02817028 106.6288 0.9515429 0.01456049 0.3071713 -106.7438 0 0 0 1
91 1 0.3065479 0.03429564 -0.9512373 76.72247 -0.02438512 0.9993057 0.02817028 106.6288 0.9515429 0.01456049 0.3071713 -106.7438 0 0 0 1
92 0 0.3056657 0.03403194 -0.9515305 77.82949 -0.02405527 0.9993181 0.02801366 106.6152 0.951835 0.01432651 0.3062759 -107.5769 0 0 0 1
92 1 0.3056657 0.03403194 -0.9515305 77.29677 -0.02405527 0.9993181 0.02801366 106.6152 0.951835 0.01432651 0.3062759 -107.5769 0 0 0 1
93 0 0.3046092 0.03462411 -0.9518479 78.55877 -0.0230332 0.9993146 0.02897969 106.425 0.9521989 0.01309662 0.3051979 -108.5834 0 0 0 1
93 1 0.3046092 0.03462411 -0.9518479 78.02604 -0.0230332 0.9993146 0.02897969 106.425 0.9521989 0.01309662 0.3051979 -108.5834 0 0 0 1
94 0 0.3037512 0.03496243 -0.9521097 79.19318 -0.02188546 0.9993188 0.02971389 106.2472 0.9525 0.01181173 0.3043095 -109.5169 0 0 0 1
94 1 0.3037512 0.03496243 -0.9521097 78.66045 -0.02188546 0.9993188 0.02971389 106.2472 0.9525 0.01181173 0.3043095 -109.517 0 0 0 1
95 0 0.3026107 0.03519636 -0.9524641 79.894 -0.02170823 0.9993132 0.03003057 106.1904 0.9528669 0.01158874 0.3031669 -110.4014 0 0 0 1
95 1 0.3026107 0.03519636 -0.9524641 79.36128 -0.02170823 0.9993132 0.03003057 106.1904 0.9528669 0.01158874 0.3031669 -110.4014 0 0 0 1
96 0 0.3018293 0.03543618 -0.9527031 80.50223 -0.02180388 0.9993042 0.03026176 106.1654 0.9531126 0.01163874 0.302392 -111.1954 0 0 0 1
96 1 0.3018293 0.03543618 -0.9527031 79.9695 -0.02180388 0.9993042 0.03026176 106.1654 0.9531126 0.01163874 0.302392 -111.1954 0 0 0 1
97 0 0.300971 0.03618363 -0.9529465 81.17042 -0.02204042 0.9992769 0.03098173 106.0975 0.9533786 0.01167874 0.3015509 -111.9821 0 0 0 1
97 1 0.300971 0.03618363 -0.9529465 80.6377 -0.02204042 0.9992769 0.03098173 106.0975 0.9533786 0.01167874 0.3015509 -111.9821 0 0 0 1
98 0 0.300163 0.03672745 -0.9531807 81.85971 -0.02169026 0.9992629 0.03167266 105.9826 0.9536414 0.01116777 0.3007384 -112.9122 0 0 0 1
98 1 0.300163 0.03672745 -0.9531807 81.32698 -0.02169026 0.9992629 0.03167266 105.9826 0.9536414 0.01116777 0.3007384 -112.9122 0 0 0 1
99 0 0.2994291 0.03673682 -0.953411 82.43622 -0.02072656 0.9992731 0.03199458 105.8572 0.9538933 0.01018082 0.2999729 -113.808 0 0 0 1
99 1 0.2994291 0.03673682 -0.953411 81.9035 -0.02072656 0.9992731 0.03199458 105.8572 0.9538933 0.01018082 0.2999729 -113.808 0 0 0 1
100 0 0.2985357 0.036768 -0.95369 83.07829 -0.02019126 0.9992773 0.03220503 105.778 0.9541848 0.00964185 0.2990623 -114.723 0 0 0 1
100 1 0.2985357 0.036768 -0.95369 82.54556 -0.02019126 0.9992773 0.03220503 105.778 0.9541848 0.00964185 0.2990623 -114.723 0 0 0 1
101 0 0.2979612 0.03697089 -0.9538618 83.651 -0.02013318 0.9992708 0.03244184 105.7364 0.9543657 0.009537858 0.2984883 -115.5301 0 0 0 1
101 1 0.2979612 0.03697089 -0.9538618 83.11827 -0.02013318 0.9992708 0.03244184 105.7364 0.9543657 0.009537858 0.2984883 -115.5301 0 0 0 1
102 0 0.2974648 0.0369579 -0.9540172 84.18918 -0.02012579 0.9992712 0.03243573 105.7268 0.9545206 0.009551855 0.2979919 -116.3282 0 0 0 1
102 1 0.2974648 0.0369579 -0.9540172 83.65646 -0.02012579 0.9992712 0.03243573 105.7268 0.9545206 0.009551855 0.2979919 -116.3282 0 0 0 1
103 0 0.2970603 0.03615974 -0.9541738 84.68296 -0.01908229 0.9993079 0.03192932 105.6842 0.954668 0.008722886 0.2975447 -117.2982 0 0 0 1
103 1 0.2970603 0.03615974 -0.9541738 84.15023 -0.01908229 0.9993079 0.03192932 105.6842 0.954668 0.008722886 0.2975447 -117.2982 0 0 0 1
104 0 0.2964217 0.03588304 -0.954383 85.20951 -0.01864234 0.9993209 0.0317825 105.6529 0.9548753 0.008370905 0.2968894 -118.1108 0 0 0 1
104 1 0.2964217 0.03588304 -0.954383 84.67679 -0.01864234 0.9993209 0.0317825 105.6529 0.9548753 0.008370905 0.2968894 -118.1108 0 0 0 1
105 0 0.2960059 0.03536502 -0.9545313 85.72545 -0.01957558 0.9993291 0.03095426 105.8211 0.9549856 0.009522858 0.2964996 -118.854 0 0 0 1
105 1 0.2960059 0.03536502 -0.9545313 85.19273 -0.01957558 0.9993291 0.03095426 105.8211 0.9549856 0.009522858 0.2964996 -118.854 0 0 0 1
106 0 0.2950934 0.03469759 -0.9548383 86.23619 -0.02159467 0.9993273 0.02964042 106.1461 0.9552245 0.01187272 0.2956442 -119.3369 0 0 0 1
106 1 0.2950934 0.03469759 -0.9548383 85.70345 -0.02159467 0.9993273 0.02964042 106.1461 0.9552245 0.01187272 0.2956442 -119.3369 0 0 0 1
107 0 0.2940885 0.03470103 -0.955148 86.82374 -0.02278064 0.9993113 0.02929138 106.2866 0.9555066 0.01314462 0.2946765 -119.9168 0 0 0 1
107 1 0.2940885 0.03470103 -0.955148 86.29101 -0.02278064 0.9993113 0.02929138 106.2866 0.9555066 0.01314462 0.2946765 -119.9168 0 0 0 1
108 0 0.2929713 0.03564082 -0.9554567 87.56 -0.02408613 0.999263 0.02988938 106.3267 0.9558178 0.01425652 0.2936139 -120.5766 0 0 0 1
108 1 0.2929713 0.03564082 -0.9554567 87.02727 -0.02408613 0.999263 0.02988938 106.3267 0.9558178 0.01425652 0.2936139 -120.5766 0 0 0 1
109 0 0.2918252 0.0365009 -0.955775 88.2397 -0.02481686 0.9992241 0.03058293 106.3048 0.9561497 0.01479446 0.2925046 -121.2017 0 0 0 1
109 1 0.2918252 0.0365009 -0.955775 87.70697 -0.02481686 0.9992241 0.03058293 106.3048 0.9561497 0.01479446 0.2925046 -121.2017 0 0 0 1
110 0 0.2905223 0.03733576 -0.9561396 88.97075 -0.02581879 0.9991806 0.03117142 106.3198 0.9565199 0.01563037 0.2912481 -121.845 0 0 0 1
110 1 0.2905223 0.03733576 -0.9561396 88.43803 -0.02581879 0.9991806 0.03117142 106.3198 0.9565199 0.01563037 0.2912481 -121.845 0 0 0 1
111 0 0.2894011 0.03842811 -0.9564363 89.65674 -0.02567057 0.999146 0.03237665 106.1559 0.9568637 0.01518242 0.2901404 -122.5495 0 0 0 1
111 1 0.2894011 0.03842811 -0.9564363 89.12402 -0.02567057 0.999146 0.03237665 106.1559 0.9568637 0.01518242 0.2901404 -122.5495 0 0 0 1
112 0 0.2883779 0.03903252 -0.9567209 90.27419 -0.02591532 0.999121 0.03295089 106.1034 0.957166 0.01529141 0.289136 -123.1891 0 0 0 1
112 1 0.2883779 0.03903252 -0.9567209 89.74147 -0.02591532 0.999121 0.03295089 106.1034 0.957166 0.01529141 0.289136 -123.1891 0 0 0 1
113 0 0.2872664 0.04045195 -0.9569961 91.02153 -0.02671287 0.9990575 0.03421133 106.0168 0.9574781 0.01573635 0.2880763 -123.8455 0 0 0 1
113 1 0.2872664 0.04045195 -0.9569961 90.48881 -0.02671287 0.9990575 0.03421133 106.0168 0.9574781 0.01573635 0.2880763 -123.8455 0 0 0 1
114 0 0.286615 0.04077942 -0.9571776 91.551 -0.02710206 0.9990389 0.0344475 106.0184 0.9576625 0.01606831 0.2874447 -124.4636 0 0 0 1
114 1 0.286615 0.04077942 -0.9571776 91.01828 -0.02710206 0.9990389 0.0344475 106.0184 0.9576625 0.01606831 0.2874447 -124.4636 0 0 0 1
115 0 0.2857381 0.04049244 -0.9574519 92.08215 -0.02736587 0.9990442 0.0340845 106.0823 0.957917 0.01646226 0.2865731 -125.106 0 0 0 1
115 1 0.2857381 0.04049244 -0.9574519 91.54944 -0.02736587 0.9990442 0.0340845 106.0823 0.957917 0.01646226 0.2865731 -125.106 0 0 0 1
116 0 0.2850401 0.03998701 -0.9576811 92.51768 -0.02706112 0.9990669 0.03366067 106.1016 0.9581335 0.01632128 0.2858563 -125.7332 0 0 0 1
116 1 0.2850401 0.03998701 -0.9576811 91.98495 -0.02706112 0.9990669 0.03366067 106.1016 0.9581335 0.01632128 0.2858563 -125.7332 0 0 0 1
117 0 0.2843799 0.0400292 -0.9578757 92.99569 -0.02671332 0.9990709 0.03381992 106.0442 0.9583395 0.01597033 0.285185 -126.3713 0 0 0 1
117 1 0.2843799 0.0400292 -0.9578757 92.46296 -0.02671332 0.9990709 0.03381992 106.0442 0.9583395 0.01597033 0.285185 -126.3713 0 0 0 1
118 0 0.2837098 0.03929899 -0.9581046 93.42106 -0.02628495 0.9991031 0.03319725 106.0765 0.9585499 0.01576534 0.2844883 -127.035 0 0 0 1
118 1 0.2837098 0.03929899 -0.9581046 92.88834 -0.02628495 0.9991031 0.03319725 106.0765 0.9585499 0.01576534 0.2844883 -127.035 0 0 0 1
119 0 0.2828751 0.03883355 -0.9583704 93.85421 -0.02589834 0.999125 0.03284073 106.0799 0.9588072 0.01553038 0.2836332 -127.6089 0 0 0 1
119 1 0.2828751 0.03883355 -0.9583704 93.32148 -0.02589834 0.999125 0.03284073 106.0799 0.9588072 0.01553038 0.2836332 -127.6089 0 0 0 1
120 0 0.2820117 0.03809531 -0.9586543 94.28654 -0.0254505 0.9991568 0.03221792 106.1109 0.9590734 0.0153124 0.2827435 -128.2184 0 0 0 1
120 1 0.2820117 0.03809531 -0.9586543 93.75381 -0.0254505 0.9991568 0.03221792 106.1109 0.9590734 0.0153124 0.2827435 -128.2184 0 0 0 1
121 0 0.2812225 0.03818823 -0.9588825 94.75357 -0.02545981 0.9991531 0.03232514 106.0939 0.9593049 0.0153224 0.2819566 -128.7345 0 0 0 1
121 1 0.2812225 0.03818823 -0.9588825 94.22085 -0.02545981 0.9991531 0.03232514 106.0939 0.9593049 0.0153224 0.2819566 -128.7345 0 0 0 1
122 0 0.2805418 0.03789435 -0.9590936 95.15273 -0.02557206 0.9991608 0.03199741 106.1426 0.9595011 0.01554938 0.2812755 -129.2176 0 0 0 1
122 1 0.2805418 0.03789435 -0.9590936 94.62001 -0.02557206 0.9991608 0.03199741 106.1426 0.9595011 0.01554938 0.2812755 -129.2176 0 0 0 1
123 0 0.2795351 0.03802786 -0.9593822 95.66698 -0.02616278 0.999146 0.03198097 106.1982 0.959779 0.0161603 0.2802913 -129.6684 0 0 0 1
123 1 0.2795351 0.03802786 -0.9593822 95.13426 -0.02616278 0.999146 0.03198097 106.1982 0.959779 0.0161603 0.2802913 -129.6684 0 0 0 1
124 0 0.2785754 0.0370926 -0.9596978 96.02238 -0.02593262 0.9991801 0.03109103 106.2865 0.9600641 0.01622628 0.2793089 -130.1043 0 0 0 1
124 1 0.2785754 0.0370926 -0.9596978 95.48965 -0.02593262 0.9991801 0.03109103 106.2865 0.9600641 0.01622628 0.2793089 -130.1043 0 0 0 1
125 0 0.2768713 0.0376258 -0.9601701 96.65218 -0.02658023 0.9991506 0.03148873 106.2958 0.9605393 0.01680321 0.2776363 -130.4559 0 0 0 1
125 1 0.2768713 0.0376258 -0.9601701 96.11946 -0.02658023 0.9991506 0.03148873 106.2958 0.9605393 0.01680321 0.2776363 -130.4559 0 0 0 1
126 0 0.2756392 0.03771955 -0.9605209 97.12725 -0.02683018 0.9991424 0.0315368 106.3116 0.9608867 0.01707817 0.2764149 -130.8117 0 0 0 1
126 1 0.2756392 0.03771955 -0.9605209 96.59453 -0.02683018 0.9991424 0.0315368 106.3116 0.9608867 0.01707817 0.2764149 -130.8117 0 0 0 1
127 0 0.2742803 0.03708437 -0.9609345 97.56893 -0.02617486 0.9991738 0.03108899 106.3019 0.9612935 0.01662523 0.2750244 -131.2681 0 0 0 1
127 1 0.2742803 0.03708437 -0.9609345 97.0362 -0.02617486 0.9991738 0.03108899 106.3019 0.9612935 0.01662523 0.2750244 -131.2681 0 0 0 1
128 0 0.2731891 0.03595477 -0.9612883 97.88719 -0.02502149 0.9992287 0.03026297 106.2918 0.9616349 0.01578534 0.273878 -131.7288 0 0 0 1
128 1 0.2731891 0.03595477 -0.9612883 97.35446 -0.02502149 0.9992287 0.03026297 106.2918 0.9616349 0.01578534 0.273878 -131.7288 0 0 0 1
129 0 0.271983 0.03618428 -0.9616216 98.35536 -0.02383519 0.9992396 0.0308583 106.0926 0.9620069 0.01452749 0.2726386 -132.2201 0 0 0 1
129 1 0.271983 0.03618428 -0.9616216 97.82263 -0.02383519 0.9992396 0.0308583 106.0926 0.9620069 0.01452749 0.2726386 -132.2201 0 0 0 1
130 0 0.2709153 0.03717039 -0.9618853 98.90351 -0.02240884 0.9992269 0.03230193 105.7561 0.9623423 0.01280365 0.2715388 -132.8193 0 0 0 1
130 1 0.2709153 0.03717039 -0.9618853 98.37079 -0.02240884 0.9992269 0.03230193 105.7561 0.9623423 0.01280365 0.2715388 -132.8193 0 0 0 1
131 0 0.2699206 0.03724971 -0.9621618 99.31914 -0.02159449 0.9992343 0.03262693 105.6267 0.9626404 0.01197071 0.2705184 -133.2788 0 0 0 1
131 1 0.2699206 0.03724971 -0.9621618 98.78642 -0.02159449 0.9992343 0.03262693 105.6267 0.9626404 0.01197071 0.2705184 -133.2788 0 0 0 1
132 0 0.2684838 0.03713588 -0.962568 99.80492 -0.02132138 0.9992409 0.03260367 105.5971 0.9630481 0.01176973 0.2690718 -133.6725 0 0 0 1
132 1 0.2684838 0.03713588 -0.962568 99.27219 -0.02132138 0.9992409 0.03260367 105.5971 0.9630481 0.01176973 0.2690718 -133.6725 0 0 0 1
133 0 0.2673532 0.03639166 -0.9629111 100.1558 -0.02057251 0.9992744 0.03205397 105.5888 0.9633789 0.01123976 0.2679079 -134.0784 0 0 0 1
133 1 0.2673532 0.03639166 -0.9629111 99.62308 -0.02057251 0.9992744 0.03205397 105.5888 0.9633789 0.01123976 0.2679079 -134.0784 0 0 0 1
134 0 0.2665013 0.036142 -0.9631568 100.5219 -0.02010326 0.9992877 0.03193531 105.5517 0.9636249 0.01085179 0.267038 -134.4987 0 0 0 1
134 1 0.2665013 0.036142 -0.9631568 99.98914 -0.02010326 0.9992877 0.03193531 105.5517 0.9636249 0.01085179 0.267038 -134.4987 0 0 0 1
135 0 0.265424 0.03602703 -0.9634584 100.9554 -0.02016713 0.9992904 0.03181105 105.5697 0.9639208 0.01098678 0.2659622 -134.8826 0 0 0 1
135 1 0.265424 0.03602703 -0.9634584 100.4227 -0.02016713 0.9992904 0.03181105 105.5697 0.9639208 0.01098678 0.2659622 -134.8826 0 0 0 1
136 0 0.2643174 0.03617197 -0.9637572 101.3919 -0.02004359 0.9992866 0.03200837 105.5261 0.9642275 0.01085678 0.2648538 -135.2437 0 0 0 1
136 1 0.2643174 0.03617197 -0.9637572 100.8592 -0.02004359 0.9992866 0.03200837 105.5261 0.9642275 0.01085678 0.2648538 -135.2437 0 0 0 1
137 0 0.2633897 0.03583849 -0.9640236 101.7773 -0.01921144 0.9993064 0.03190123 105.4489 0.9644982 0.01011783 0.2638956 -135.7265 0 0 0 1
137 1 0.2633897 0.03583849 -0.9640236 101.2445 -0.01921144 0.9993064 0.03190123 105.4489 0.9644982 0.01011783 0.2638956 -135.7264 0 0 0 1
138 0 0.2626184 0.03506297 -0.9642625 102.0718 -0.0190994 0.9993327 0.03113646 105.535 0.9647108 0.01023982 0.2631128 -136.0872 0 0 0 1
138 1 0.2626184 0.03506297 -0.9642625 101.539 -0.0190994 0.9993327 0.03113646 105.535 0.9647108 0.01023982 0.2631128 -136.0872 0 0 0 1
139 0 0.2616835 0.03513095 -0.9645141 102.4745 -0.01903393 0.9993308 0.03123497 105.5103 0.9649661 0.01018482 0.2621771 -136.4496 0 0 0 1
139 1 0.2616835 0.03513095 -0.9645141 101.9418 -0.01903393 0.9993308 0.03123497 105.5103 0.9649661 0.01018482 0.2621771 -136.4496 0 0 0 1
140 0 0.2607529 0.03582273 -0.9647408 102.9665 -0.01848064 0.9993134 0.03211149 105.3285 0.9652287 0.009455861 0.2612359 -136.9278 0 0 0 1
140 1 0.2607529 0.03582273 -0.9647408 102.4337 -0.01848064 0.9993134 0.03211149 105.3285 0.9652287 0.009455861 0.2612359 -136.9278 0 0 0 1
141 0 0.2599425 0.03633456 -0.9649404 103.3946 -0.01805481 0.9993 0.03276463 105.1899 0.9654554 0.008904885 0.2604166 -137.3518 0 0 0 1
141 1 0.2599425 0.03633456 -0.9649404 102.8618 -0.01805481 0.9993 0.03276463 105.1899 0.9654554 0.008904885 0.2604166 -137.3518 0 0 0 1
142 0 0.2590461 0.03616469 -0.9651877 103.7931 -0.01795896 0.9993064 0.03262309 105.193 0.965698 0.008882883 0.2595159 -137.7524 0 0 0 1
142 1 0.2590461 0.03616469 -0.9651877 103.2603 -0.01795896 0.9993064 0.03262309 105.193 0.965698 0.008882883 0.2595159 -137.7524 0 0 0 1
143 0 0.2582731 0.035662 -0.9654135 104.1154 -0.01788573 0.9993237 0.03212973 105.2469 0.9659063 0.008968883 0.2587363 -138.1075 0 0 0 1
143 1 0.2582731 0.035662 -0.9654135 103.5826 -0.01788573 0.9993237 0.03212973 105.2469 0.9659063 0.008968883 0.2587363 -138.1075 0 0 0 1
144 0 0.2576086 0.03544302 -0.9655991 104.449 -0.01819564 0.9993278 0.0318267 105.3161 0.966078 0.009370865 0.2580803 -138.4384 0 0 0 1
144 1 0.2576086 0.03544302 -0.9655991 103.9163 -0.01819564 0.9993278 0.0318267 105.3161 0.966078 0.009370865 0.2580803 -138.4384 0 0 0 1
145 0 0.2570015 0.03604555 -0.9657387 104.8812 -0.01850113 0.9993045 0.03237487 105.2682 0.966234 0.009546857 0.2574896 -138.8426 0 0 0 1
145 1 0.2570015 0.03604555 -0.9657387 104.3485 -0.01850113 0.9993045 0.03237487 105.2682 0.966234 0.009546857 0.2574896 -138.8426 0 0 0 1
146 0 0.2565427 0.03731268 -0.9658124 105.3308 -0.01867454 0.9992594 0.03364445 105.1073 0.9663525 0.009404861 0.2570496 -139.2506 0 0 0 1
146 1 0.2565427 0.03731268 -0.9658124 104.7981 -0.01867454 0.9992594 0.03364445 105.1073 0.9663525 0.009404861 0.2570496 -139.2506 0 0 0 1
147 0 0.2561202 0.03804313 -0.965896 105.7439 -0.0188485 0.9992318 0.03435818 105.0217 0.9664612 0.009405862 0.2566406 -139.6877 0 0 0 1
147 1 0.2561202 0.03804313 -0.965896 105.2112 -0.0188485 0.9992318 0.03435818 105.0217 0.9664612 0.009405862 0.2566406 -139.6877 0 0 0 1
148 0 0.2556069 0.03782036 -0.9660407 106.0477 -0.01861446 0.9992418 0.03419493 105.0135 0.9666016 0.009241869 0.2561172 -140.0824 0 0 0 1
148 1 0.2556069 0.03782036 -0.9660407 105.515 -0.01861446 0.9992418 0.03419493 105.0135 0.9666016 0.009241869 0.2561172 -140.0824 0 0 0 1
149 0 0.2554143 0.0372408 -0.9661142 106.2718 -0.01844752 0.9992637 0.03364159 105.0665 0.9666556 0.009229872 0.2559133 -140.4942 0 0 0 1
149 1 0.2554143 0.0372408 -0.9661142 105.7391 -0.01844752 0.9992637 0.03364159 105.0665 0.9666556 0.009229872 0.2559133 -140.4942 0 0 0 1
150 0 0.2551801 0.03784043 -0.9661529 106.6429 -0.01838876 0.9992431 0.03427961 104.9654 0.9667188 0.009018875 0.2556827 -140.9641 0 0 0 1
150 1 0.2551801 0.03784043 -0.9661529 106.1101 -0.01838876 0.9992431 0.03427961 104.9654 0.9667188 0.009018875 0.2556827 -140.9641 0 0 0 1
151 0 0.2548612 0.0385867 -0.9662074 107.0169 -0.01896303 0.9992108 0.03490276 104.9356 0.9667916 0.009426862 0.2553918 -141.3177 0 0 0 1
151 1 0.2548612 0.0385867 -0.9662074 106.4841 -0.01896303 0.9992108 0.03490276 104.9356 0.9667916 0.009426862 0.2553918 -141.3177 0 0 0 1
152 0 0.2545621 0.03852553 -0.9662887 107.326 -0.01950457 0.9992074 0.03469964 105.0173 0.9668598 0.01001383 0.2551118 -141.6916 0 0 0 1
152 1 0.2545621 0.03852553 -0.9662887 106.7932 -0.01950457 0.9992074 0.03469964 105.0173 0.9668598 0.01001383 0.2551118 -141.6916 0 0 0 1
153 0 0.2542188 0.03907006 -0.9663572 107.679 -0.01971245 0.9991854 0.03521158 104.9631 0.9669458 0.01009783 0.2547819 -142.0721 0 0 0 1
153 1 0.2542188 0.03907006 -0.9663572 107.1463 -0.01971245 0.9991854 0.03521158 104.9631 0.9669458 0.01009783 0.2547819 -142.0721 0 0 0 1
154 0 0.2539894 0.03912017 -0.9664156 107.9622 -0.01932784 0.9991875 0.03536711 104.8935 0.967014 0.00969585 0.2545391 -142.511 0 0 0 1
154 1 0.2539894 0.03912017 -0.9664156 107.4294 -0.01932784 0.9991875 0.03536711 104.8935 0.967014 0.00969585 0.2545391 -142.511 0 0 0 1
155 0 0.2536265 0.03919719 -0.9665078 108.2915 -0.01916188 0.9991862 0.0354941 104.8512 0.9671125 0.009517859 0.2541711 -142.953 0 0 0 1
155 1 0.2536265 0.03919719 -0.9665078 107.7588 -0.01916188 0.9991862 0.0354941 104.8512 0.9671125 0.009517859 0.2541711 -142.9531 0 0 0 1
156 0 0.2537803 0.03917034 -0.9664685 108.5067 -0.01879776 0.9991907 0.03556054 104.7959 0.9670793 0.009142872 0.2543113 -143.4272 0 0 0 1
156 1 0.2537803 0.03917034 -0.9664685 107.9739 -0.01879776 0.9991907 0.03556054 104.7959 0.9670793 0.009142872 0.2543113 -143.4272 0 0 0 1
157 0 0.2544999 0.03949645 -0.9662659 108.6982 -0.01783536 0.9991874 0.03614457 104.5995 0.9669083 0.008034916 0.2549975 -144.083 0 0 0 1
157 1 0.2544999 0.03949645 -0.9662659 108.1655 -0.01783536 0.9991874 0.03614457 104.5995 0.9669083 0.008034916 0.2549975 -144.0831 0 0 0 1
158 0 0.2549241 0.04017318 -0.9661261 108.9453 -0.01708869 0.9991677 0.03703805 104.3826 0.96681 0.007067942 0.2553985 -144.6502 0 0 0 1
158 1 0.2549241 0.04017318 -0.9661261 108.4126 -0.01708869 0.9991677 0.03703805 104.3826 0.96681 0.007067942 0.2553985 -144.6502 0 0 0 1
159 0 0.2553224 0.04019016 -0.9660205 109.1532 -0.01716829 0.9991666 0.03703153 104.385 0.9667037 0.007129939 0.2557996 -145.1474 0 0 0 1
159 1 0.2553224 0.04019016 -0.9660205 108.6205 -0.01716829 0.9991666 0.03703153 104.385 0.9667037 0.007129939 0.2557996 -145.1474 0 0 0 1
160 0 0.2557249 0.03967566 -0.9659352 109.2821 -0.01677214 0.9991892 0.03660125 104.3951 0.9666042 0.006840947 0.256183 -145.6383 0 0 0 1
160 1 0.2557249 0.03967566 -0.9659352 108.7494 -0.01677214 0.9991892 0.03660125 104.3951 0.9666042 0.006840947 0.256183 -145.6383 0 0 0 1
161 0 0.2560123 0.03896341 -0.965888 109.4079 -0.01587464 0.9992221 0.03610046 104.3586 0.9665432 0.006090961 0.2564317 -146.165 0 0 0 1
161 1 0.2560123 0.03896341 -0.965888 108.8752 -0.01587464 0.9992221 0.03610046 104.3586 0.9665432 0.006090961 0.2564317 -146.165 0 0 0 1
162 0 0.2557689 0.03910851 -0.9659466 109.7247 -0.01493058 0.999222 0.03650234 104.186 0.9666227 0.005085977 0.2561538 -146.7072 0 0 0 1
162 1 0.2557689 0.03910851 -0.9659466 109.1919 -0.01493058 0.999222 0.03650234 104.186 0.9666227 0.005085977 0.2561538 -146.7072 0 0 0 1
163 0 0.2556354 0.03947433 -0.9659671 110.0244 -0.0145395 0.9992101 0.03698505 104.0646 0.966664 0.004589984 0.2560074 -147.1686 0 0 0 1
163 1 0.2556354 0.03947433 -0.9659671 109.4916 -0.0145395 0.9992101 0.03698505 104.0646 0.966664 0.004589984 0.2560074 -147.1686 0 0 0 1
164 0 0.2557333 0.04004589 -0.9659176 110.3349 -0.01459408 0.9991878 0.03756135 103.9791 0.9666373 0.004490986 0.25611 -147.6613 0 0 0 1
164 1 0.2557333 0.04004589 -0.9659176 109.8022 -0.01459408 0.9991878 0.03756135 103.9791 0.9666373 0.004490986 0.25611 -147.6613 0 0 0 1
165 0 0.2555812 0.04015576 -0.9659533 110.6139 -0.0147808 0.9991826 0.03762629 103.9833 0.9666746 0.004660983 0.2559658 -148.0561 0 0 0 1
165 1 0.2555812 0.04015576 -0.9659533 110.0812 -0.0147808 0.9991826 0.03762629 103.9833 0.9666746 0.004660983 0.2559658 -148.0561 0 0 0 1
166 0 0.2553928 0.04004297 -0.9660079 110.878 -0.01413407 0.9991899 0.03768168 103.8929 0.9667341 0.004029991 0.2557518 -148.5318 0 0 0 1
166 1 0.2553928 0.04004297 -0.9660079 110.3452 -0.01413407 0.9991899 0.03768168 103.8929 0.9667341 0.004029991 0.2557518 -148.5318 0 0 0 1
167 0 0.2552354 0.04061057 -0.9660258 111.2334 -0.01383589 0.9991686 0.03834825 103.7523 0.9667801 0.003577992 0.2555851 -149.0392 0 0 0 1
167 1 0.2552354 0.04061057 -0.9660258 110.7007 -0.01383589 0.9991686 0.03834825 103.7523 0.9667801 0.003577992 0.2555851 -149.0392 0 0 0 1
168 0 0.2552592 0.04013793 -0.9660392 111.4392 -0.01386773 0.9991872 0.03785089 103.8197 0.9667732 0.003734989 0.2556083 -149.4643 0 0 0 1
168 1 0.2552592 0.04013793 -0.9660392 110.9064 -0.01386773 0.9991872 0.03785089 103.8197 0.9667732 0.003734989 0.2556083 -149.4643 0 0 0 1
169 0 0.2551069 0.04006999 -0.9660822 111.7358 -0.01385793 0.9991899 0.03778382 103.8189 0.9668136 0.003748989 0.2554554 -149.9296 0 0 0 1
169 1 0.2551069 0.04006999 -0.9660822 111.203 -0.01385793 0.9991899 0.03778382 103.8189 0.9668136 0.003748989 0.2554554 -149.9296 0 0 0 1
170 0 0.2548351 0.040098 -0.9661528 112.0368 -0.01360578 0.9991897 0.03788043 103.7667 0.9668888 0.003491992 0.2551742 -150.3684 0 0 0 1
170 1 0.2548351 0.040098 -0.9661528 111.5041 -0.01360578 0.9991897 0.03788043 103.7667 0.9668888 0.003491992 0.2551742 -150.3684 0 0 0 1
171 0 0.2547224 0.03931453 -0.9662147 112.2315 -0.01398665 0.9992185 0.03697015 103.9365 0.966913 0.004096987 0.2550732 -150.7339 0 0 0 1
171 1 0.2547224 0.03931453 -0.9662147 111.6988 -0.01398665 0.9992185 0.03697015 103.9365 0.966913 0.004096987 0.2550732 -150.7339 0 0 0 1
172 0 0.2547142 0.0395142 -0.9662088 112.5398 -0.01500598 0.999206 0.03690775 104.0561 0.9669 0.005097976 0.2551049 -151.118 0 0 0 1
172 1 0.2547142 0.0395142 -0.9662088 112.0071 -0.01500598 0.999206 0.03690775 104.0561 0.9669 0.005097976 0.2551049 -151.118 0 0 0 1
173 0 0.2545657 0.0396789 -0.9662411 112.839 -0.01577104 0.9991953 0.03687714 104.1427 0.9669269 0.005850966 0.2549866 -151.466 0 0 0 1
173 1 0.2545657 0.0396789 -0.9662411 112.3063 -0.01577104 0.9991953 0.03687714 104.1427 0.9669269 0.005850966 0.2549866 -151.466 0 0 0 1
174 0 0.2542424 0.03979365 -0.9663216 113.1853 -0.01643734 0.9991866 0.03682233 104.221 0.967001 0.006521952 0.2546896 -151.8446 0 0 0 1
174 1 0.2542424 0.03979365 -0.9663216 112.6526 -0.01643734 0.9991866 0.03682233 104.221 0.967001 0.006521952 0.2546896 -151.8446 0 0 0 1
175 0 0.2542412 0.03948983 -0.9663343 113.41 -0.01659109 0.9991971 0.03646769 104.2846 0.9669986 0.006760949 0.2546922 -152.2561 0 0 0 1
175 1 0.2542412 0.03948983 -0.9663343 112.8773 -0.01659109 0.9991971 0.03646769 104.2846 0.9669986 0.006760949 0.2546922 -152.2561 0 0 0 1
176 0 0.2541905 0.03880636 -0.9663754 113.6026 -0.01646908 0.9992235 0.03579348 104.3633 0.967014 0.006816947 0.2546322 -152.678 0 0 0 1
176 1 0.2541905 0.03880636 -0.9663754 113.0698 -0.01646908 0.9992235 0.03579348 104.3633 0.967014 0.006816947 0.2546322 -152.678 0 0 0 1
177 0 0.2536359 0.03782499 -0.96656 113.8753 -0.01659567 0.9992582 0.03474971 104.5263 0.9671575 0.007226936 0.2540755 -153.0491 0 0 0 1
177 1 0.2536359 0.03782499 -0.96656 113.3425 -0.01659567 0.9992582 0.03474971 104.5263 0.9671575 0.007226936 0.2540755 -153.0491 0 0 0 1
178 0 0.2527612 0.03704958 -0.9668192 114.1895 -0.01626212 0.9992881 0.03404233 104.5856 0.9673921 0.007117942 0.2531838 -153.3905 0 0 0 1
178 1 0.2527612 0.03704958 -0.9668192 113.6567 -0.01626212 0.9992881 0.03404233 104.5856 0.9673921 0.007117942 0.2531838 -153.3905 0 0 0 1
179 0 0.2515519 0.03685488 -0.9671419 114.6383 -0.01556323 0.9992995 0.03403234 104.4965 0.9677188 0.006490956 0.2519493 -153.7897 0 0 0 1
179 1 0.2515519 0.03685488 -0.9671419 114.1056 -0.01556323 0.9992995 0.03403234 104.4965 0.9677188 0.006490956 0.2519493 -153.7897 0 0 0 1
180 0 0.2505507 0.03662014 -0.9674106 115.0213 -0.01507188 0.9993107 0.0339242 104.4472 0.9679862 0.006080964 0.25093 -154.1435 0 0 0 1
180 1 0.2505507 0.03662014 -0.9674106 114.4886 -0.01507188 0.9993107 0.0339242 104.4472 0.9679862 0.006080964 0.25093 -154.1435 0 0 0 1
181 0 0.2495583 0.03691698 -0.967656 115.4592 -0.01490208 0.9993011 0.03428103 104.3665 0.9682452 0.005864967 0.249934 -154.4766 0 0 0 1
181 1 0.2495583 0.03691698 -0.967656 114.9265 -0.01490208 0.9993011 0.03428103 104.3665 0.9682452 0.005864967 0.249934 -154.4766 0 0 0 1
182 0 0.2482234 0.03663449 -0.9680098 115.9142 -0.01311056 0.9993201 0.03445753 104.1156 0.9686141 0.004137987 0.248535 -154.9645 0 0 0 1
182 1 0.2482234 0.03663449 -0.9680098 115.3815 -0.01311056 0.9993201 0.03445753 104.1156 0.9686141 0.004137987 0.248535 -154.9645 0 0 0 1
183 0 0.2471552 0.03559041 -0.9683222 116.2231 -0.01074878 0.9993644 0.03398784 103.8918 0.9689164 0.002008 0.2473807 -155.4769 0 0 0 1
183 1 0.2471552 0.03559041 -0.9683222 115.6903 -0.01074878 0.9993644 0.03398784 103.8918 0.9689164 0.002008 0.2473807 -155.4769 0 0 0 1
184 0 0.246131 0.03478896 -0.9686121 116.5719 -0.009712172 0.999394 0.03342661 103.8415 0.969188 0.001179999 0.2463197 -155.8988 0 0 0 1
184 1 0.246131 0.03478896 -0.9686121 116.0392 -0.009712172 0.999394 0.03342661 103.8415 0.969188 0.001179999 0.2463197 -155.8988 0 0 0 1
185 0 0.2448973 0.03478796 -0.9689248 117.0119 -0.009775088 0.9993939 0.03341124 103.8436 0.9694998 0.001288999 0.2450889 -156.1572 0 0 0 1
185 1 0.2448973 0.03478796 -0.9689248 116.4792 -0.009775088 0.9993939 0.03341124 103.8436 0.9694998 0.001288999 0.2450889 -156.1572 0 0 0 1
186 0 0.2437696 0.03514764 -0.969196 117.4713 -0.01109331 0.9993787 0.03345205 103.9917 0.9697697 0.002596997 0.2440081 -156.3033 0 0 0 1
186 1 0.2437696 0.03514764 -0.969196 116.9386 -0.01109331 0.9993787 0.03345205 103.9917 0.9697697 0.002596997 0.2440081 -156.3033 0 0 0 1
187 0 0.2426932 0.0359799 -0.9694357 117.9975 -0.01292424 0.9993432 0.03385438 104.1477 0.9700171 0.004312987 0.2429988 -156.4532 0 0 0 1
187 1 0.2426932 0.0359799 -0.9694357 117.4647 -0.01292424 0.9993432 0.03385438 104.1477 0.9700171 0.004312987 0.2429988 -156.4532 0 0 0 1
188 0 0.2415528 0.0370977 -0.9696782 118.5337 -0.01528441 0.9992905 0.03442316 104.3449 0.9702672 0.006505954 0.2419485 -156.5016 0 0 0 1
188 1 0.2415528 0.0370977 -0.9696782 118.0009 -0.01528441 0.9992905 0.03442316 104.3449 0.9702672 0.006505954 0.2419485 -156.5016 0 0 0 1
189 0 0.2402466 0.03757668 -0.9699844 119.0564 -0.01765243 0.9992543 0.03433841 104.6433 0.9705514 0.008872887 0.2407308 -156.5472 0 0 0 1
189 1 0.2402466 0.03757668 -0.9699844 118.5236 -0.01765243 0.9992543 0.03433841 104.6433 0.9705514 0.008872887 0.2407308 -156.5472 0 0 0 1
190 0 0.2392054 0.0370807 -0.9702606 119.4096 -0.01844662 0.9992637 0.03364133 104.8432 0.9707937 0.00985084 0.2397133 -156.7195 0 0 0 1
190 1 0.2392054 0.0370807 -0.9702606 118.8769 -0.01844662 0.9992637 0.03364133 104.8432 0.9707937 0.00985084 0.2397133 -156.7195 0 0 0 1
191 0 0.2384406 0.03634029 -0.9704769 119.7161 -0.01808847 0.9992925 0.03297508 104.8961 0.9709886 0.009691847 0.2389293 -157.0776 0 0 0 1
191 1 0.2384406 0.03634029 -0.9704769 119.1834 -0.01808847 0.9992925 0.03297508 104.8961 0.9709886 0.009691847 0.2389293 -157.0776 0 0 0 1
192 0 0.2376017 0.03678305 -0.9706661 120.1257 -0.01795365 0.9992784 0.03347258 104.7981 0.9711968 0.009473858 0.2380906 -157.3919 0 0 0 1
192 1 0.2376017 0.03678305 -0.9706661 119.593 -0.01795365 0.9992784 0.03347258 104.7982 0.9711968 0.009473858 0.2380906 -157.3919 0 0 0 1
193 0 0.2366785 0.03805509 -0.9708425 120.6286 -0.01825405 0.9992304 0.03471775 104.6386 0.9714166 0.009504857 0.2371911 -157.6673 0 0 0 1
193 1 0.2366785 0.03805509 -0.9708425 120.0958 -0.01825405 0.9992304 0.03471775 104.6386 0.9714166 0.009504857 0.2371911 -157.6673 0 0 0 1
194 0 0.2359306 0.03918103 -0.9709797 121.105 -0.01891881 0.9991826 0.03572215 104.5608 0.9715858 0.009941838 0.236479 -157.9519 0 0 0 1
194 1 0.2359306 0.03918103 -0.9709797 120.5723 -0.01891881 0.9991826 0.03572215 104.5608 0.9715858 0.009941838 0.236479 -157.9519 0 0 0 1
195 0 0.2352564 0.03966756 -0.9711236 121.4789 -0.01917423 0.9991618 0.03616785 104.5188 0.9717442 0.01011183 0.2358198 -158.2261 0 0 0 1
195 1 0.2352564 0.03966756 -0.9711236 120.9462 -0.01917423 0.9991618 0.03616785 104.5188 0.9717442 0.01011183 0.2358198 -158.226 0 0 0 1
196 0 0.2342377 0.04013975 -0.9713504 121.9279 -0.02018215 0.9991327 0.03642097 104.6005 0.9719699 0.01107278 0.2348446 -158.4037 0 0 0 1
196 1 0.2342377 0.04013975 -0.9713504 121.3951 -0.02018215 0.9991327 0.03642097 104.6005 0.9719699 0.01107278 0.2348446 -158.4037 0 0 0 1
197 0 0.2333693 0.03967066 -0.9715787 122.2307 -0.02108363 0.999139 0.03573178 104.8169 0.9721596 0.0121457 0.2340047 -158.5402 0 0 0 1
197 1 0.2333693 0.03967066 -0.9715787 121.698 -0.02108363 0.999139 0.03573178 104.8169 0.9721596 0.0121457 0.2340047 -158.5402 0 0 0 1
198 0 0.2326831 0.03922699 -0.9717612 122.5013 -0.02104522 0.9991553 0.03529364 104.8766 0.9723249 0.0122387 0.2333121 -158.7917 0 0 0 1
198 1 0.2326831 0.03922699 -0.9717612 121.9686 -0.02104522 0.9991553 0.03529364 104.8766 0.9723249 0.0122387 0.2333121 -158.7917 0 0 0 1
199 0 0.2320789 0.03912738 -0.9719097 122.8056 -0.02038109 0.9991668 0.03535797 104.7789 0.9724835 0.01160274 0.232683 -159.1577 0 0 0 1
199 1 0.2320789 0.03912738 -0.9719097 122.2729 -0.02038109 0.9991668 0.03535797 104.7789 0.9724835 0.01160274 0.232683 -159.1577 0 0 0 1
200 0 0.2315063 0.03962816 -0.9720259 123.1441 -0.02002404 0.9991524 0.03596497 104.6349 0.9726273 0.01113777 0.2321036 -159.4724 0 0 0 1
200 1 0.2315063 0.03962816 -0.9720259 122.6114 -0.02002404 0.9991524 0.03596497 104.6349 0.9726273 0.01113777 0.2321036 -159.4724 0 0 0 1
201 0 0.2306808 0.03943148 -0.9722302 123.4729 -0.01960329 0.9991641 0.03587259 104.5917 0.972832 0.01078379 0.231261 -159.7713 0 0 0 1
201 1 0.2306808 0.03943148 -0.9722302 122.9401 -0.01960329 0.9991641 0.03587259 104.5917 0.972832 0.01078379 0.231261 -159.7713 0 0 0 1
202 0 0.2300142 0.04030507 -0.9723524 123.8627 -0.01900629 0.9991375 0.03691933 104.3469 0.9730017 0.009988836 0.2305819 -160.1013 0 0 0 1
202 1 0.2300142 0.04030507 -0.9723524 123.33 -0.01900629 0.9991375 0.03691933 104.3469 0.9730017 0.009988836 0.2305819 -160.1013 0 0 0 1
203 0 0.2295985 0.04111961 -0.9724166 124.2009 -0.0185725 0.9991103 0.03786321 104.1384 0.9731084 0.009366866 0.2301579 -160.4399 0 0 0 1
203 1 0.2295985 0.04111961 -0.9724166 123.6682 -0.0185725 0.9991103 0.03786321 104.1384 0.9731084 0.009366866 0.2301579 -160.4399 0 0 0 1
204 0 0.2286627 0.04151211 -0.9726202 124.6011 -0.01897395 0.9990907 0.03818111 104.1343 0.9733208 0.009723848 0.2292424 -160.6383 0 0 0 1
204 1 0.2286627 0.04151211 -0.9726202 124.0684 -0.01897395 0.9990907 0.03818111 104.1343 0.9733208 0.009723848 0.2292424 -160.6383 0 0 0 1
205 0 0.2279656 0.04175885 -0.9727734 124.9252 -0.01906835 0.9990798 0.03841953 104.104 0.9734825 0.009790846 0.228552 -160.8616 0 0 0 1
205 1 0.2279656 0.04175885 -0.9727734 124.3924 -0.01906835 0.9990798 0.03841953 104.104 0.9734825 0.009790846 0.228552 -160.8616 0 0 0 1
206 0 0.2271249 0.04246513 -0.9729394 125.3394 -0.01934437 0.9990485 0.0390889 104.0281 0.9736735 0.009942837 0.2277303 -161.0892 0 0 0 1
206 1 0.2271249 0.04246513 -0.9729394 124.8067 -0.01934437 0.9990485 0.0390889 104.0281 0.9736735 0.009942837 0.2277303 -161.0892 0 0 0 1
207 0 0.2264996 0.04255787 -0.9730811 125.638 -0.01972729 0.9990405 0.03910138 104.0706 0.9738115 0.01033981 0.2271218 -161.2825 0 0 0 1
207 1 0.2264996 0.04255787 -0.9730811 125.1053 -0.01972729 0.9990405 0.03910138 104.0706 0.9738115 0.01033981 0.2271218 -161.2825 0 0 0 1
208 0 0.2256405 0.04198029 -0.9733058 125.9071 -0.01984069 0.9990619 0.03849155 104.1777 0.9740086 0.0106258 0.2262618 -161.4518 0 0 0 1
208 1 0.2256405 0.04198029 -0.9733058 125.3743 -0.01984069 0.9990619 0.03849155 104.1777 0.9740086 0.0106258 0.2262618 -161.4518 0 0 0 1
209 0 0.2247333 0.04138175 -0.9735413 126.1988 -0.01986764 0.9990847 0.03788125 104.2736 0.9742178 0.01082879 0.2253497 -161.6487 0 0 0 1
209 1 0.2247333 0.04138175 -0.9735413 125.6661 -0.01986764 0.9990847 0.03788125 104.2736 0.9742178 0.01082879 0.2253497 -161.6487 0 0 0 1
210 0 0.224057 0.04204509 -0.9736688 126.5616 -0.02010666 0.9990557 0.03851448 104.1991 0.9743688 0.01094778 0.2246909 -161.8571 0 0 0 1
210 1 0.224057 0.04204509 -0.9736688 126.0289 -0.02010666 0.9990557 0.03851448 104.1991 0.9743688 0.01094778 0.2246909 -161.8571 0 0 0 1
211 0 0.2229408 0.04255969 -0.9739026 127.0034 -0.01996216 0.9990363 0.03908841 104.0836 0.9746276 0.01072679 0.2235755 -162.075 0 0 0 1
211 1 0.2229408 0.04255969 -0.9739026 126.4706 -0.01996216 0.9990363 0.03908841 104.0836 0.9746276 0.01072679 0.2235755 -162.075 0 0 0 1
212 0 0.2222565 0.04301821 -0.9740388 127.3463 -0.01775099 0.9990391 0.04007192 103.6341 0.9748267 0.008383898 0.2228066 -162.5416 0 0 0 1
212 1 0.2222565 0.04301821 -0.9740388 126.8136 -0.01775099 0.9990391 0.04007192 103.6341 0.9748267 0.008383898 0.2228066 -162.5416 0 0 0 1
213 0 0.2215082 0.04309477 -0.9742059 127.6694 -0.01578929 0.9990506 0.04060374 103.2872 0.9750307 0.006387956 0.2219783 -162.9685 0 0 0 1
213 1 0.2215082 0.04309477 -0.9742059 127.1367 -0.01578929 0.9990506 0.04060374 103.2872 0.9750307 0.006387956 0.2219783 -162.9685 0 0 0 1
214 0 0.2205 0.04279136 -0.974448 128.0192 -0.01448528 0.9990707 0.04059488 103.1111 0.9752795 0.005163977 0.2209149 -163.3247 0 0 0 1
214 1 0.2205 0.04279136 -0.974448 127.4865 -0.01448528 0.9990707 0.04059488 103.1111 0.9752795 0.005163977 0.2209149 -163.3247 0 0 0 1
215 0 0.2195865 0.0420611 -0.974686 128.3043 -0.01394261 0.9991034 0.03997368 103.133 0.9754935 0.00481198 0.2199761 -163.5798 0 0 0 1
215 1 0.2195865 0.0420611 -0.974686 127.7715 -0.01394261 0.9991034 0.03997368 103.133 0.9754935 0.00481198 0.2199761 -163.5798 0 0 0 1
216 0 0.2187345 0.04272539 -0.9748487 128.7411 -0.01456423 0.9990726 0.04051918 103.119 0.9756758 0.005334977 0.2191539 -163.8021 0 0 0 1
216 1 0.2187345 0.04272539 -0.9748487 128.2084 -0.01456423 0.9990726 0.04051918 103.119 0.9756758 0.005334977 0.2191539 -163.8021 0 0 0 1
217 0 0.217811 0.04315902 -0.9750363 129.1547 -0.01445459 0.9990548 0.0409932 103.0206 0.975884 0.005164979 0.2182291 -164.0613 0 0 0 1
217 1 0.217811 0.04315902 -0.9750363 128.6219 -0.01445459 0.9990548 0.0409932 103.0206 0.975884 0.005164979 0.2182291 -164.0613 0 0 0 1
218 0 0.2168669 0.04342985 -0.9752346 129.558 -0.01407328 0.9990451 0.04136066 102.9031 0.9760997 0.004754985 0.217271 -164.3508 0 0 0 1
218 1 0.2168669 0.04342985 -0.9752346 129.0252 -0.01407328 0.9990451 0.04136066 102.9031 0.9760997 0.004754985 0.217271 -164.3508 0 0 0 1
219 0 0.2159826 0.04242691 -0.975475 129.8575 -0.01317635 0.9990911 0.04053665 102.9091 0.9763083 0.004097991 0.2163454 -164.7158 0 0 0 1
219 1 0.2159826 0.04242691 -0.975475 129.3247 -0.01317635 0.9990911 0.04053665 102.9091 0.9763083 0.004097991 0.2163454 -164.7158 0 0 0 1
220 0 0.2153071 0.04184655 -0.9756494 130.1487 -0.01226254 0.9991185 0.04014706 102.8425 0.9764695 0.003319994 0.2156304 -165.0952 0 0 0 1
220 1 0.2153071 0.04184655 -0.9756494 129.6159 -0.01226254 0.9991185 0.04014706 102.8425 0.9764695 0.003319994 0.2156304 -165.0952 0 0 0 1
221 0 0.2143074 0.04172571 -0.9758747 130.5685 -0.01177312 0.9991249 0.04013439 102.7697 0.9766953 0.002888 0.2146111 -165.4495 0 0 0 1
221 1 0.2143074 0.04172571 -0.9758747 130.0358 -0.01177312 0.9991249 0.04013439 102.7697 0.9766953 0.002888 0.2146111 -165.4495 0 0 0 1
222 0 0.2135158 0.04279373 -0.9760019 131.0508 -0.0121737 0.9990791 0.04114238 102.6497 0.9768638 0.003097 0.2138402 -165.7381 0 0 0 1
222 1 0.2135158 0.04279373 -0.9760019 130.518 -0.0121737 0.9990791 0.04114238 102.6497 0.9768638 0.003097 0.2138402 -165.7381 0 0 0 1
223 0 0.212758 0.04353101 -0.9761349 131.4967 -0.01248397 0.9990467 0.04183177 102.5692 0.9770253 0.003285995 0.2130986 -166.0411 0 0 0 1
223 1 0.212758 0.04353101 -0.9761349 130.964 -0.01248397 0.9990467 0.04183177 102.5692 0.9770253 0.003285995 0.2130986 -166.0411 0 0 0 1
224 0 0.2120699 0.04504052 -0.9762161 132.0388 -0.01273957 0.9989799 0.04332329 102.348 0.9771716 0.003248997 0.2124274 -166.4287 0 0 0 1
224 1 0.2120699 0.04504052 -0.9762161 131.506 -0.01273957 0.9989799 0.04332329 102.348 0.9771716 0.003248997 0.2124274 -166.4287 0 0 0 1
225 0 0.211555 0.0447658 -0.9763405 132.3563 -0.01266131 0.9989922 0.04306093 102.3706 0.9772841 0.003251992 0.2119086 -166.7966 0 0 0 1
225 1 0.211555 0.0447658 -0.9763405 131.8236 -0.01266131 0.9989922 0.04306093 102.3706 0.9772841 0.003251992 0.2119086 -166.7966 0 0 0 1
226 0 0.2110894 0.04393352 -0.976479 132.6445 -0.01311505 0.9990268 0.04211285 102.577 0.9773788 0.00391699 0.2114602 -167.1528 0 0 0 1
226 1 0.2110894 0.04393352 -0.976479 132.1118 -0.01311505 0.9990268 0.04211285 102.577 0.9773788 0.00391699 0.2114602 -167.1528 0 0 0 1
227 0 0.2108054 0.04298836 -0.9765823 132.8647 -0.01323157 0.9990665 0.04112192 102.7468 0.9774385 0.004252991 0.2111774 -167.5278 0 0 0 1
227 1 0.2108054 0.04298836 -0.9765823 132.3319 -0.01323157 0.9990665 0.04112192 102.7468 0.9774385 0.004252991 0.2111774 -167.5278 0 0 0 1
228 0 0.2105623 0.04338395 -0.9766173 133.2449 -0.01350354 0.9990485 0.04146899 102.7155 0.9774872 0.004455987 0.2109478 -167.9729 0 0 0 1
228 1 0.2105623 0.04338395 -0.9766173 132.7122 -0.01350354 0.9990485 0.04146899 102.7155 0.9774872 0.004455987 0.2109478 -167.9729 0 0 0 1
229 0 0.2103342 0.04500536 -0.9765931 133.7158 -0.01376476 0.9989771 0.04307232 102.475 0.9775327 0.004382987 0.2107385 -168.4107 0 0 0 1
229 1 0.2103342 0.04500536 -0.9765931 133.1831 -0.01376476 0.9989771 0.04307232 102.475 0.9775327 0.004382987 0.2107385 -168.4107 0 0 0 1
230 0 0.2100735 0.04476563 -0.9766603 134.0138 -0.0135794 0.9989884 0.04286821 102.4732 0.9775913 0.004256988 0.2104689 -168.8482 0 0 0 1
230 1 0.2100735 0.04476563 -0.9766603 133.4811 -0.0135794 0.9989884 0.04286821 102.4732 0.9775913 0.004256988 0.2104689 -168.8481 0 0 0 1
231 0 0.2095814 0.04401834 -0.9767999 134.3281 -0.01358164 0.9990209 0.04210563 102.5894 0.9776968 0.004441988 0.209974 -169.2694 0 0 0 1
231 1 0.2095814 0.04401834 -0.9767999 133.7954 -0.01358164 0.9990209 0.04210563 102.5894 0.9776968 0.004441988 0.209974 -169.2694 0 0 0 1
232 0 0.2092479 0.04287234 -0.9769225 134.5493 -0.01380613 0.9990684 0.04088707 102.814 0.9777653 0.004931983 0.2096449 -169.6335 0 0 0 1
232 1 0.2092479 0.04287234 -0.9769225 134.0166 -0.01380613 0.9990684 0.04088707 102.814 0.9777653 0.004931983 0.2096449 -169.6334 0 0 0 1
233 0 0.20889 0.04332287 -0.9769791 134.9613 -0.0140706 0.999048 0.04129302 102.7719 0.977838 0.005120978 0.2093007 -170.0802 0 0 0 1
233 1 0.20889 0.04332287 -0.9769791 134.4285 -0.0140706 0.999048 0.04129302 102.7719 0.977838 0.005120978 0.2093007 -170.0802 0 0 0 1
234 0 0.2090397 0.04360366 -0.9769346 135.2481 -0.01387942 0.9990371 0.04162031 102.6805 0.9778087 0.00485898 0.2094437 -170.5964 0 0 0 1
234 1 0.2090397 0.04360366 -0.9769346 134.7154 -0.01387942 0.9990371 0.04162031 102.6805 0.9778087 0.00485898 0.2094437 -170.5964 0 0 0 1
235 0 0.2087653 0.04361076 -0.9769928 135.5818 -0.01328193 0.9990395 0.04175677 102.5644 0.9778755 0.004258985 0.2091441 -171.0989 0 0 0 1
235 1 0.2087653 0.04361076 -0.9769928 135.0491 -0.01328193 0.9990395 0.04175677 102.5644 0.9778755 0.004258985 0.2091441 -171.0989 0 0 0 1
236 0 0.208605 0.04280756 -0.9770627 135.8497 -0.01296793 0.9990749 0.04100328 102.6361 0.977914 0.00411699 0.2089671 -171.6195 0 0 0 1
236 1 0.208605 0.04280756 -0.9770627 135.317 -0.01296793 0.9990749 0.04100328 102.6361 0.977914 0.00411699 0.2089671 -171.6195 0 0 0 1
237 0 0.2084492 0.04247393 -0.9771106 136.1378 -0.01247168 0.9990908 0.04076877 102.5958 0.9779537 0.003687991 0.2087895 -172.13 0 0 0 1
237 1 0.2084492 0.04247393 -0.9771106 135.605 -0.01247168 0.9990908 0.04076877 102.5958 0.9779537 0.003687991 0.2087895 -172.13 0 0 0 1
238 0 0.2081121 0.04305454 -0.977157 136.582 -0.01150301 0.9990694 0.04157015 102.312 0.9780374 0.002588997 0.2084137 -172.7435 0 0 0 1
238 1 0.2081121 0.04305454 -0.977157 136.0492 -0.01150301 0.9990694 0.04157015 102.312 0.9780374 0.002588997 0.2084137 -172.7435 0 0 0 1
239 0 0.2073129 0.04345924 -0.977309 137.0653 -0.01079338 0.9990535 0.04213663 102.1039 0.9782152 0.001812998 0.2075858 -173.2267 0 0 0 1
239 1 0.2073129 0.04345924 -0.977309 136.5326 -0.01079338 0.9990535 0.04213663 102.1039 0.9782152 0.001812998 0.2075858 -173.2267 0 0 0 1
240 0 0.2064866 0.042681 -0.9775181 137.4395 -0.01008537 0.9990879 0.04149241 102.1013 0.9783975 0.001291003 0.2067288 -173.6889 0 0 0 1
240 1 0.2064866 0.042681 -0.9775181 136.9068 -0.01008537 0.9990879 0.04149241 102.1013 0.9783975 0.001291003 0.2067288 -173.6889 0 0 0 1
241 0 0.2055202 0.04211654 -0.9777462 137.8952 -0.009265868 0.9991125 0.04108923 102.04 0.9786091 0.0006150007 0.205728 -174.2134 0 0 0 1
241 1 0.2055202 0.04211654 -0.9777462 137.3625 -0.009265868 0.9991125 0.04108923 102.04 0.9786091 0.0006150007 0.205728 -174.2134 0 0 0 1
242 0 0.2048764 0.04249321 -0.9778651 138.3607 -0.008754872 0.9990968 0.04158156 101.87 0.9787488 4.200265E-05 0.2050633 -174.7297 0 0 0 1
242 1 0.2048764 0.04249321 -0.9778651 137.828 -0.008754872 0.9990968 0.04158156 101.87 0.9787488 4.200265E-05 0.2050633 -174.7297 0 0 0 1
243 0 0.2039077 0.04286087 -0.9780515 138.9253 -0.009027932 0.999081 0.04190026 101.8392 0.9789485 0.0002859961 0.2041072 -175.1836 0 0 0 1
243 1 0.2039077 0.04286087 -0.9780515 138.3926 -0.009027932 0.999081 0.04190026 101.8392 0.9789485 0.0002859961 0.2041072 -175.1836 0 0 0 1
244 0 0.2030875 0.04243722 -0.9782405 139.3598 -0.00983556 0.9990984 0.04130015 102.0446 0.9791113 0.001233997 0.2033218 -175.5381 0 0 0 1
244 1 0.2030875 0.04243722 -0.9782405 138.8271 -0.00983556 0.9990984 0.04130015 102.0446 0.9791113 0.001233997 0.2033218 -175.5381 0 0 0 1
245 0 0.2020465 0.04206345 -0.9784723 139.8446 -0.01108617 0.9991115 0.0406615 102.3213 0.9793133 0.002632 0.2023332 -175.821 0 0 0 1
245 1 0.2020465 0.04206345 -0.9784723 139.3118 -0.01108617 0.9991115 0.0406615 102.3213 0.9793133 0.002632 0.2023332 -175.821 0 0 0 1
246 0 0.2008355 0.0422079 -0.9787154 140.4472 -0.01352189 0.9990956 0.04031209 102.7193 0.9795317 0.005137978 0.2012246 -176.0296 0 0 0 1
246 1 0.2008355 0.0422079 -0.9787154 139.9144 -0.01352189 0.9990956 0.04031209 102.7194 0.9795317 0.005137978 0.2012246 -176.0296 0 0 0 1
247 0 0.1999537 0.04307756 -0.9788581 141.0337 -0.01567232 0.9990458 0.04076456 102.9402 0.9796801 0.007189943 0.2004381 -176.2738 0 0 0 1
247 1 0.1999537 0.04307756 -0.9788581 140.501 -0.01567232 0.9990458 0.04076456 102.9402 0.9796801 0.007189943 0.2004381 -176.2738 0 0 0 1
248 0 0.1988879 0.04361754 -0.9790511 141.6488 -0.01713246 0.9990112 0.04102642 103.0949 0.9798725 0.00861389 0.1994386 -176.6094 0 0 0 1
248 1 0.1988879 0.04361754 -0.9790511 141.116 -0.01713246 0.9990112 0.04102642 103.0949 0.9798725 0.00861389 0.1994386 -176.6094 0 0 0 1
249 0 0.1979836 0.04314175 -0.9792554 142.1118 -0.01765817 0.9990258 0.04044266 103.2629 0.9800463 0.009284869 0.1985525 -176.9825 0 0 0 1
249 1 0.1979836 0.04314175 -0.9792554 141.5791 -0.01765817 0.9990258 0.04044266 103.2629 0.9800463 0.009284869 0.1985525 -176.9825 0 0 0 1
250 0 0.1971481 0.04293192 -0.9794332 142.5813 -0.01765273 0.9990342 0.04023781 103.2886 0.9802148 0.009356862 0.1977155 -177.4259 0 0 0 1
250 1 0.1971481 0.04293192 -0.9794332 142.0486 -0.01765273 0.9990342 0.04023781 103.2886 0.9802148 0.009356862 0.1977155 -177.4259 0 0 0 1
251 0 0.1962612 0.04355142 -0.9795839 143.1718 -0.01747055 0.9990099 0.04091483 103.1333 0.980396 0.009083876 0.1968278 -177.9553 0 0 0 1
251 1 0.1962612 0.04355142 -0.9795839 142.639 -0.01747055 0.9990099 0.04091483 103.1333 0.980396 0.009083876 0.1968278 -177.9552 0 0 0 1
252 0 0.1954237 0.04257946 -0.9797941 143.5594 -0.01699348 0.9990541 0.04002704 103.2101 0.9805716 0.008827881 0.1959624 -178.424 0 0 0 1
252 1 0.1954237 0.04257946 -0.9797941 143.0267 -0.01699348 0.9990541 0.04002704 103.2101 0.9805716 0.008827881 0.1959624 -178.424 0 0 0 1
253 0 0.1943523 0.04177516 -0.9800419 144.0412 -0.01694093 0.9990867 0.0392274 103.3331 0.9807855 0.008978881 0.1948825 -178.8717 0 0 0 1
253 1 0.1943523 0.04177516 -0.9800419 143.5085 -0.01694093 0.9990867 0.0392274 103.3331 0.9807855 0.008978881 0.1948825 -178.8716 0 0 0 1
254 0 0.1934221 0.04109175 -0.9802549 144.4743 -0.01683377 0.9991145 0.03856073 103.4262 0.9809713 0.00904288 0.1939425 -179.2915 0 0 0 1
254 1 0.1934221 0.04109175 -0.9802549 143.9415 -0.01683377 0.9991145 0.03856073 103.4262 0.9809713 0.00904288 0.1939425 -179.2915 0 0 0 1
255 0 0.1925383 0.04200385 -0.9803901 145.0545 -0.01715803 0.9990748 0.03943472 103.3112 0.9811394 0.009228868 0.1930808 -179.7064 0 0 0 1
255 1 0.1925383 0.04200385 -0.9803901 144.5218 -0.01715803 0.9990748 0.03943472 103.3112 0.9811394 0.009228868 0.1930808 -179.7064 0 0 0 1
256 0 0.1915896 0.04218934 -0.9805679 145.6066 -0.01798257 0.9990589 0.03947137 103.418 0.9813104 0.01007083 0.1921679 -180.0954 0 0 0 1
256 1 0.1915896 0.04218934 -0.9805679 145.0738 -0.01798257 0.9990589 0.03947137 103.418 0.9813104 0.01007083 0.1921679 -180.0954 0 0 0 1
257 0 0.1904821 0.04263445 -0.9807645 146.1797 -0.01903211 0.9990291 0.03973204 103.5201 0.9815062 0.01109777 0.1911086 -180.3835 0 0 0 1
257 1 0.1904821 0.04263445 -0.9807645 145.647 -0.01903211 0.9990291 0.03973204 103.5201 0.9815062 0.01109777 0.1911086 -180.3835 0 0 0 1
258 0 0.1898184 0.04178721 -0.9809296 146.5767 -0.01893989 0.9990638 0.03889469 103.6471 0.9816365 0.01119576 0.1904322 -180.88 0 0 0 1
258 1 0.1898184 0.04178721 -0.9809296 146.044 -0.01893989 0.9990638 0.03889469 103.6471 0.9816365 0.01119576 0.1904322 -180.88 0 0 0 1
259 0 0.1891331 0.04250526 -0.9810311 147.0988 -0.01957098 0.9990274 0.0395119 103.6241 0.9817564 0.01172673 0.1897811 -181.2767 0 0 0 1
259 1 0.1891331 0.04250526 -0.9810311 146.5661 -0.01957098 0.9990274 0.0395119 103.6241 0.9817564 0.01172673 0.1897811 -181.2767 0 0 0 1
260 0 0.1884879 0.0438053 -0.9810981 147.6719 -0.0209933 0.9989561 0.04056943 103.6411 0.9818512 0.01294964 0.1892107 -181.6074 0 0 0 1
260 1 0.1884879 0.0438053 -0.9810981 147.1392 -0.0209933 0.9989561 0.04056943 103.6411 0.9818512 0.01294964 0.1892107 -181.6075 0 0 0 1
261 0 0.1880106 0.04595393 -0.9810914 148.3895 -0.02142905 0.998859 0.04267962 103.3179 0.9819333 0.01299963 0.1887808 -182.2451 0 0 0 1
261 1 0.1880106 0.04595393 -0.9810914 147.8567 -0.02142905 0.998859 0.04267962 103.3179 0.9819333 0.01299963 0.1887808 -182.2451 0 0 0 1
262 0 0.1876808 0.04605094 -0.9811499 148.7165 -0.02121381 0.9988574 0.04282414 103.2531 0.9820009 0.01277665 0.1884433 -182.6516 0 0 0 1
262 1 0.1876808 0.04605094 -0.9811499 148.1838 -0.02121381 0.9988574 0.04282414 103.2531 0.9820009 0.01277665 0.1884433 -182.6516 0 0 0 1
263 0 0.1872209 0.04530725 -0.9812725 149.0778 -0.02022784 0.9989018 0.04226188 103.1965 0.9821095 0.01193672 0.1879318 -183.259 0 0 0 1
263 1 0.1872209 0.04530725 -0.9812725 148.545 -0.02022784 0.9989018 0.04226188 103.1965 0.9821095 0.01193672 0.1879318 -183.259 0 0 0 1
264 0 0.1870511 0.04497445 -0.9813201 149.3938 -0.01851703 0.9989353 0.04225221 102.9293 0.9821756 0.01026782 0.1876848 -183.9404 0 0 0 1
264 1 0.1870511 0.04497445 -0.9813201 148.861 -0.01851703 0.9989353 0.04225221 102.9293 0.9821756 0.01026782 0.1876848 -183.9404 0 0 0 1
265 0 0.1868498 0.04623075 -0.9813001 149.865 -0.01723998 0.9988925 0.04377689 102.4481 0.9822372 0.00873789 0.1874399 -184.603 0 0 0 1
265 1 0.1868498 0.04623075 -0.9813001 149.3323 -0.01723998 0.9988925 0.04377689 102.4481 0.9822372 0.00873789 0.1874399 -184.603 0 0 0 1
266 0 0.1865732 0.04680717 -0.9813254 150.312 -0.01716268 0.9988673 0.04438085 102.3156 0.9822912 0.008561892 0.1871652 -185.1625 0 0 0 1
266 1 0.1865732 0.04680717 -0.9813254 149.7793 -0.01716268 0.9988673 0.04438085 102.3156 0.9822912 0.008561892 0.1871652 -185.1625 0 0 0 1
267 0 0.1862134 0.04648314 -0.9814092 150.652 -0.01802196 0.9988738 0.04389083 102.5278 0.982344 0.009513853 0.1868415 -185.5283 0 0 0 1
267 1 0.1862134 0.04648314 -0.9814092 150.1193 -0.01802196 0.9988738 0.04389083 102.5278 0.982344 0.009513853 0.1868415 -185.5283 0 0 0 1
268 0 0.1856567 0.04631131 -0.9815228 151.0701 -0.02002736 0.9988596 0.0433411 102.9282 0.9824107 0.01161074 0.1863725 -185.7843 0 0 0 1
268 1 0.1856567 0.04631131 -0.9815228 150.5374 -0.02002736 0.9988596 0.0433411 102.9282 0.9824107 0.01161074 0.1863725 -185.7843 0 0 0 1
269 0 0.1854855 0.04640731 -0.9815506 151.3999 -0.02154934 0.9988361 0.04315234 103.1907 0.9824107 0.01314762 0.1862697 -186.0877 0 0 0 1
269 1 0.1854855 0.04640731 -0.9815506 150.8672 -0.02154934 0.9988361 0.04315234 103.1907 0.9824107 0.01314762 0.1862697 -186.0877 0 0 0 1
270 0 0.1853196 0.04608579 -0.9815971 151.7049 -0.02131587 0.9988531 0.04287165 103.1987 0.9824471 0.01297863 0.1860894 -186.595 0 0 0 1
270 1 0.1853196 0.04608579 -0.9815971 151.1722 -0.02131587 0.9988531 0.04287165 103.1987 0.9824471 0.01297863 0.1860894 -186.595 0 0 0 1
271 0 0.1853382 0.04528057 -0.981631 151.8889 -0.02137208 0.9988872 0.04204138 103.3538 0.9824424 0.01318762 0.1860997 -187.0238 0 0 0 1
271 1 0.1853382 0.04528057 -0.981631 151.3562 -0.02137208 0.9988872 0.04204138 103.3538 0.9824424 0.01318762 0.1860997 -187.0238 0 0 0 1
272 0 0.1859828 0.04430935 -0.9815536 151.9253 -0.02169291 0.9989243 0.04098318 103.593 0.9823136 0.01367058 0.1867439 -187.4997 0 0 0 1
272 1 0.1859828 0.04430935 -0.9815536 151.3926 -0.02169291 0.9989243 0.04098318 103.593 0.9823136 0.01367058 0.1867439 -187.4997 0 0 0 1
273 0 0.1871774 0.04346897 -0.9813639 151.885 -0.0219984 0.9989554 0.04005238 103.8066 0.9820797 0.01409154 0.1879382 -188.0877 0 0 0 1
273 1 0.1871774 0.04346897 -0.9813639 151.3523 -0.0219984 0.9989554 0.04005238 103.8066 0.9820797 0.01409154 0.1879382 -188.0877 0 0 0 1
274 0 0.1880306 0.04332196 -0.9812073 151.9406 -0.02227864 0.9989578 0.03983638 103.8857 0.9819105 0.01436951 0.1887998 -188.581 0 0 0 1
274 1 0.1880306 0.04332196 -0.9812073 151.4079 -0.02227864 0.9989578 0.03983638 103.8857 0.9819105 0.01436951 0.1887998 -188.581 0 0 0 1
275 0 0.1887915 0.04397216 -0.9810323 152.1022 -0.02407214 0.998904 0.04014073 104.1059 0.9817222 0.01603732 0.189643 -188.9371 0 0 0 1
275 1 0.1887915 0.04397216 -0.9810323 151.5695 -0.02407214 0.998904 0.04014073 104.1059 0.9817222 0.01603732 0.189643 -188.9371 0 0 0 1
276 0 0.1896604 0.04413312 -0.9808574 152.1583 -0.02528301 0.9988775 0.04005516 104.3083 0.9815241 0.01720215 0.1905633 -189.303 0 0 0 1
276 1 0.1896604 0.04413312 -0.9808574 151.6256 -0.02528301 0.9988775 0.04005516 104.3083 0.9815241 0.01720215 0.1905633 -189.303 0 0 0 1
277 0 0.1901683 0.0445267 -0.9807413 152.2972 -0.02535453 0.9988605 0.04043302 104.2464 0.9814242 0.01717716 0.1910805 -189.7222 0 0 0 1
277 1 0.1901683 0.0445267 -0.9807413 151.7645 -0.02535453 0.9988605 0.04043302 104.2464 0.9814242 0.01717716 0.1910805 -189.7222 0 0 0 1
278 0 0.1907695 0.04352136 -0.9806696 152.2901 -0.02579035 0.998894 0.03931315 104.5199 0.9812961 0.01779206 0.1916809 -190.0972 0 0 0 1
278 1 0.1907695 0.04352136 -0.9806696 151.7574 -0.02579035 0.998894 0.03931315 104.5199 0.9812961 0.01779206 0.1916809 -190.0972 0 0 0 1
279 0 0.1912379 0.043029 -0.9806001 152.3298 -0.02681725 0.9988948 0.03860184 104.8117 0.9811773 0.01891487 0.1921804 -190.3522 0 0 0 1
279 1 0.1912379 0.043029 -0.9806001 151.7971 -0.02681725 0.9988948 0.03860184 104.8117 0.9811773 0.01891487 0.1921804 -190.3522 0 0 0 1
280 0 0.1919698 0.04326799 -0.9804466 152.3926 -0.02777403 0.998867 0.03864279 104.9531 0.9810078 0.0198127 0.192954 -190.6834 0 0 0 1
280 1 0.1919698 0.04326799 -0.9804466 151.8599 -0.02777403 0.998867 0.03864279 104.9531 0.9810078 0.0198127 0.192954 -190.6834 0 0 0 1
281 0 0.1925772 0.04367907 -0.9803092 152.4688 -0.02836662 0.9988391 0.03893221 104.9914 0.9808718 0.0203106 0.1935927 -190.9933 0 0 0 1
281 1 0.1925772 0.04367907 -0.9803092 151.9361 -0.02836662 0.9988391 0.03893221 104.9914 0.9808718 0.0203106 0.1935927 -190.9933 0 0 0 1
282 0 0.1930515 0.04380523 -0.9802104 152.5341 -0.02808405 0.9988403 0.03910667 104.9129 0.9807868 0.01997868 0.1940578 -191.3528 0 0 0 1
282 1 0.1930515 0.04380523 -0.9802104 152.0014 -0.02808405 0.9988403 0.03910667 104.9129 0.9807868 0.01997868 0.1940578 -191.3528 0 0 0 1
283 0 0.1937484 0.04315482 -0.9801018 152.4911 -0.02575086 0.9989116 0.03889256 104.5813 0.9807133 0.01770308 0.1946488 -191.9565 0 0 0 1
283 1 0.1937484 0.04315482 -0.9801018 151.9584 -0.02575086 0.9989116 0.03889256 104.5813 0.9807133 0.01770308 0.1946488 -191.9565 0 0 0 1
284 0 0.1946118 0.04302907 -0.9799362 152.4476 -0.02280619 0.9989657 0.03933543 104.0284 0.9806153 0.01469347 0.1953918 -192.6326 0 0 0 1
284 1 0.1946118 0.04302907 -0.9799362 151.9148 -0.02280619 0.9989657 0.03933543 104.0284 0.9806153 0.01469347 0.1953918 -192.6325 0 0 0 1
285 0 0.1956251 0.04278051 -0.9797451 152.3761 -0.02079898 0.9990043 0.03946854 103.6804 0.9804581 0.01265666 0.1963202 -193.2498 0 0 0 1
285 1 0.1956251 0.04278051 -0.9797451 151.8434 -0.02079898 0.9990043 0.03946854 103.6804 0.9804581 0.01265666 0.1963202 -193.2498 0 0 0 1
286 0 0.196354 0.04300365 -0.9795897 152.3925 -0.0202081 0.9990031 0.03980528 103.5198 0.9803249 0.01197971 0.1970273 -193.6606 0 0 0 1
286 1 0.196354 0.04300365 -0.9795897 151.8597 -0.0202081 0.9990031 0.03980528 103.5198 0.9803249 0.01197971 0.1970273 -193.6606 0 0 0 1
287 0 0.197172 0.04323456 -0.9794152 152.3925 -0.02000259 0.9989966 0.04007211 103.4335 0.9801649 0.01168974 0.1978389 -194.0436 0 0 0 1
287 1 0.197172 0.04323456 -0.9794152 151.8597 -0.02000259 0.9989966 0.04007211 103.4335 0.9801649 0.01168974 0.1978389 -194.0436 0 0 0 1
288 0 0.1976231 0.04384102 -0.9792973 152.5183 -0.02000319 0.9989718 0.04068514 103.3145 0.9800741 0.01154874 0.1982968 -194.3777 0 0 0 1
288 1 0.1976231 0.04384102 -0.9792973 151.9856 -0.02000319 0.9989718 0.04068514 103.3145 0.9800741 0.01154874 0.1982968 -194.3777 0 0 0 1
289 0 0.1980647 0.04433056 -0.9791859 152.616 -0.02000718 0.9989515 0.04117845 103.2188 0.9799847 0.01143475 0.1987439 -194.6822 0 0 0 1
289 1 0.1980647 0.04433056 -0.9791859 152.0833 -0.02000718 0.9989515 0.04117845 103.2188 0.9799847 0.01143475 0.1987439 -194.6822 0 0 0 1
290 0 0.1980191 0.04389636 -0.9792148 152.7336 -0.01923805 0.9989784 0.04089196 103.1452 0.9800094 0.01074079 0.1986613 -194.9874 0 0 0 1
290 1 0.1980191 0.04389636 -0.9792148 152.2009 -0.01923805 0.9989784 0.04089196 103.1452 0.9800094 0.01074079 0.1986613 -194.9874 0 0 0 1
291 0 0.1981527 0.04261194 -0.9792445 152.7156 -0.01831595 0.9990411 0.03976712 103.2053 0.98 0.01005583 0.1987432 -195.2943 0 0 0 1
291 1 0.1981527 0.04261194 -0.9792445 152.1829 -0.01831595 0.9990411 0.03976712 103.2053 0.98 0.01005583 0.1987432 -195.2942 0 0 0 1
292 0 0.1983184 0.04213145 -0.9792318 152.7827 -0.0181014 0.9990628 0.03931871 103.2514 0.9799705 0.00992784 0.1988952 -195.5731 0 0 0 1
292 1 0.1983184 0.04213145 -0.9792318 152.25 -0.0181014 0.9990628 0.03931871 103.2514 0.9799705 0.00992784 0.1988952 -195.5731 0 0 0 1
293 0 0.1980284 0.04253394 -0.979273 153.012 -0.01846116 0.9990427 0.03965941 103.2418 0.9800225 0.01022482 0.198624 -195.7179 0 0 0 1
293 1 0.1980284 0.04253394 -0.979273 152.4792 -0.01846116 0.9990427 0.03965941 103.2418 0.9800225 0.01022482 0.198624 -195.7179 0 0 0 1
294 0 0.1977216 0.04315125 -0.979308 153.2631 -0.01876953 0.9990141 0.04023001 103.1805 0.9800786 0.01042681 0.1983366 -195.8673 0 0 0 1
294 1 0.1977216 0.04315125 -0.979308 152.7304 -0.01876953 0.9990141 0.04023001 103.1805 0.9800786 0.01042681 0.1983366 -195.8673 0 0 0 1
295 0 0.1975468 0.04248684 -0.9793724 153.3723 -0.01876683 0.9990411 0.03955469 103.3043 0.9801139 0.01056581 0.1981547 -196.0603 0 0 0 1
295 1 0.1975468 0.04248684 -0.9793724 152.8395 -0.01876683 0.9990411 0.03955469 103.3043 0.9801139 0.01056581 0.1981547 -196.0603 0 0 0 1
296 0 0.1973641 0.04135606 -0.9794575 153.4231 -0.01814086 0.9990928 0.03852968 103.3938 0.9801624 0.01016383 0.1979353 -196.2835 0 0 0 1
296 1 0.1973641 0.04135606 -0.9794575 152.8904 -0.01814086 0.9990928 0.03852968 103.3938 0.9801624 0.01016383 0.1979353 -196.2835 0 0 0 1
297 0 0.1971305 0.0402921 -0.979549 153.5028 -0.01770714 0.9991384 0.03753439 103.5086 0.9802174 0.009945836 0.1976741 -196.5027 0 0 0 1
297 1 0.1971305 0.0402921 -0.979549 152.9701 -0.01770714 0.9991384 0.03753439 103.5086 0.9802174 0.009945836 0.1976741 -196.5027 0 0 0 1
298 0 0.1969934 0.0412095 -0.9795384 153.7448 -0.01736735 0.9991061 0.03854001 103.2599 0.980251 0.00941986 0.197533 -196.753 0 0 0 1
298 1 0.1969934 0.0412095 -0.9795384 153.212 -0.01736735 0.9991061 0.03854001 103.2599 0.980251 0.00941986 0.197533 -196.753 0 0 0 1
299 0 0.1968483 0.04223083 -0.9795241 153.9982 -0.01690426 0.9990696 0.03967638 102.9658 0.9802884 0.008747891 0.1973791 -197.0165 0 0 0 1
299 1 0.1968483 0.04223083 -0.9795241 153.4655 -0.01690426 0.9990696 0.03967638 102.9658 0.9802884 0.008747891 0.1973791 -197.0165 0 0 0 1
300 0 0.196335 0.04225573 -0.9796259 154.2387 -0.01704635 0.9990671 0.03967792 102.985 0.9803886 0.008908886 0.1968722 -197.1539 0 0 0 1
300 1 0.196335 0.04225573 -0.9796259 153.706 -0.01704635 0.9990671 0.03967792 102.985 0.9803886 0.008908886 0.1968722 -197.1539 0 0 0 1
301 0 0.1958812 0.04152644 -0.9797481 154.3802 -0.01681187 0.9990984 0.0389854 103.0752 0.9804836 0.008834882 0.1964027 -197.2987 0 0 0 1
301 1 0.1958812 0.04152644 -0.9797481 153.8475 -0.01681187 0.9990984 0.0389854 103.0752 0.9804836 0.008834882 0.1964027 -197.2987 0 0 0 1
302 0 0.1956473 0.04115375 -0.9798105 154.5272 -0.01677938 0.9991133 0.03861402 103.1369 0.9805309 0.008885884 0.1961643 -197.4853 0 0 0 1
302 1 0.1956473 0.04115375 -0.9798105 153.9945 -0.01677938 0.9991133 0.03861402 103.1369 0.9805309 0.008885884 0.1961643 -197.4853 0 0 0 1
303 0 0.1953654 0.04129365 -0.9798608 154.72 -0.01672408 0.9991082 0.03877033 103.0949 0.9805879 0.008812887 0.1958818 -197.6566 0 0 0 1
303 1 0.1953654 0.04129365 -0.9798608 154.1873 -0.01672408 0.9991082 0.03877033 103.0949 0.9805879 0.008812887 0.1958818 -197.6566 0 0 0 1
304 0 0.1950675 0.04139048 -0.979916 154.9104 -0.016957 0.9991021 0.03882532 103.1194 0.9806432 0.009042878 0.1955941 -197.7929 0 0 0 1
304 1 0.1950675 0.04139048 -0.979916 154.3776 -0.016957 0.9991021 0.03882532 103.1194 0.9806432 0.009042878 0.1955941 -197.7929 0 0 0 1
305 0 0.1947988 0.0414843 -0.9799657 155.1062 -0.01720912 0.999096 0.03887329 103.1481 0.9806924 0.00929187 0.1953366 -197.9506 0 0 0 1
305 1 0.1947988 0.0414843 -0.9799657 154.5735 -0.01720912 0.999096 0.03887329 103.1481 0.9806924 0.00929187 0.1953366 -197.9507 0 0 0 1
306 0 0.1944762 0.041812 -0.9800157 155.3232 -0.01729469 0.999082 0.03919346 103.098 0.9807548 0.009326865 0.1950208 -198.1021 0 0 0 1
306 1 0.1944762 0.041812 -0.9800157 154.7905 -0.01729469 0.999082 0.03919346 103.0979 0.9807548 0.009326865 0.1950208 -198.102 0 0 0 1
307 0 0.194329 0.04087682 -0.9800843 155.3936 -0.01712687 0.9991205 0.03827489 103.2425 0.9807868 0.009347864 0.1948581 -198.2974 0 0 0 1
307 1 0.194329 0.04087682 -0.9800843 154.8609 -0.01712687 0.9991205 0.03827489 103.2425 0.9807868 0.009347864 0.1948581 -198.2974 0 0 0 1
308 0 0.1944497 0.04012981 -0.9800913 155.4146 -0.01605225 0.9991592 0.03772578 103.1677 0.9807811 0.008396902 0.1949304 -198.6129 0 0 0 1
308 1 0.1944497 0.04012981 -0.9800913 154.8819 -0.01605225 0.9991592 0.03772578 103.1677 0.9807811 0.008396902 0.1949304 -198.6129 0 0 0 1
309 0 0.1943357 0.03986026 -0.9801249 155.5285 -0.01530423 0.9991757 0.03760055 103.0654 0.9808157 0.007692924 0.1947855 -198.8675 0 0 0 1
309 1 0.1943357 0.03986026 -0.9801249 154.9958 -0.01530423 0.9991757 0.03760055 103.0654 0.9808157 0.007692924 0.1947855 -198.8675 0 0 0 1
310 0 0.1939573 0.04037388 -0.9801789 155.7846 -0.01524345 0.9991562 0.0381392 102.9488 0.9808916 0.007543929 0.194409 -199.045 0 0 0 1
310 1 0.1939573 0.04037388 -0.9801789 155.2518 -0.01524345 0.9991562 0.0381392 102.9488 0.9808916 0.007543929 0.194409 -199.045 0 0 0 1
311 0 0.1938044 0.0404009 -0.9802079 155.935 -0.01508372 0.9991563 0.03819957 102.9077 0.9809242 0.007381934 0.1942503 -199.2357 0 0 0 1
311 1 0.1938044 0.0404009 -0.9802079 155.4023 -0.01508372 0.9991563 0.03819957 102.9077 0.9809242 0.007381934 0.1942503 -199.2357 0 0 0 1
312 0 0.1938015 0.03997032 -0.9802262 156.0228 -0.0147976 0.9991751 0.03781734 102.93 0.9809292 0.007175939 0.1942331 -199.472 0 0 0 1
312 1 0.1938015 0.03997032 -0.9802262 155.4901 -0.0147976 0.9991751 0.03781734 102.93 0.9809292 0.007175939 0.1942331 -199.472 0 0 0 1
313 0 0.1936089 0.03930688 -0.9802912 156.1145 -0.01458762 0.999202 0.03718407 103.0135 0.9809704 0.00710094 0.1940278 -199.6448 0 0 0 1
313 1 0.1936089 0.03930688 -0.9802912 155.5818 -0.01458762 0.999202 0.03718407 103.0135 0.9809704 0.00710094 0.1940278 -199.6448 0 0 0 1
314 0 0.1932982 0.03955169 -0.9803426 156.328 -0.01461057 0.9991924 0.03743136 102.9664 0.9810314 0.007087943 0.1937199 -199.8127 0 0 0 1
314 1 0.1932982 0.03955169 -0.9803426 155.7953 -0.01461057 0.9991924 0.03743136 102.9664 0.9810314 0.007087943 0.1937199 -199.8127 0 0 0 1
315 0 0.1932201 0.03986843 -0.9803452 156.4895 -0.01468963 0.9991797 0.03773915 102.9172 0.9810455 0.007108941 0.1936473 -199.9925 0 0 0 1
315 1 0.1932201 0.03986843 -0.9803452 155.9568 -0.01468963 0.9991797 0.03773915 102.9172 0.9810455 0.007108941 0.1936473 -199.9925 0 0 0 1
316 0 0.1931897 0.04008432 -0.9803424 156.6314 -0.01447799 0.9991728 0.03800118 102.8284 0.9810547 0.006851946 0.1936103 -200.2073 0 0 0 1
316 1 0.1931897 0.04008432 -0.9803424 156.0987 -0.01447799 0.9991728 0.03800118 102.8284 0.9810547 0.006851946 0.1936103 -200.2073 0 0 0 1
317 0 0.1931004 0.03997554 -0.9803644 156.761 -0.01395761 0.9991805 0.0379936 102.7399 0.9810798 0.006346958 0.1935002 -200.4561 0 0 0 1
317 1 0.1931004 0.03997554 -0.9803644 156.2283 -0.01395761 0.9991805 0.0379936 102.7399 0.9810798 0.006346958 0.1935002 -200.4561 0 0 0 1
318 0 0.1928986 0.03958584 -0.9804198 156.8745 -0.01395976 0.9991955 0.03759733 102.8134 0.9811193 0.006433956 0.1932961 -200.6037 0 0 0 1
318 1 0.1928986 0.03958584 -0.9804198 156.3418 -0.01395976 0.9991955 0.03759733 102.8134 0.9811193 0.006433956 0.1932961 -200.6037 0 0 0 1
319 0 0.1925606 0.03849144 -0.98053 156.9564 -0.01465832 0.9992317 0.03634693 103.1674 0.9811757 0.007373934 0.1929768 -200.6529 0 0 0 1
319 1 0.1925606 0.03849144 -0.98053 156.4236 -0.01465832 0.9992317 0.03634693 103.1674 0.9811757 0.007373934 0.1929768 -200.6529 0 0 0 1
320 0 0.1924029 0.0373698 -0.9806043 156.9842 -0.0159971 0.9992613 0.03494203 103.6586 0.9811857 0.008963882 0.1928586 -200.6366 0 0 0 1
320 1 0.1924029 0.0373698 -0.9806043 156.4514 -0.0159971 0.9992613 0.03494203 103.6586 0.9811857 0.008963882 0.1928586 -200.6366 0 0 0 1
321 0 0.1921701 0.03710143 -0.9806602 157.1084 -0.01746684 0.9992561 0.03438217 104.0092 0.9812063 0.01052181 0.1926752 -200.6069 0 0 0 1
321 1 0.1921701 0.03710143 -0.9806602 156.5757 -0.01746684 0.9992561 0.03438217 104.0092 0.9812063 0.01052181 0.1926752 -200.6069 0 0 0 1
322 0 0.19191 0.03751973 -0.9806951 157.3103 -0.01844465 0.9992303 0.03461947 104.1243 0.9812391 0.01144475 0.1924543 -200.6487 0 0 0 1
322 1 0.19191 0.03751973 -0.9806951 156.7775 -0.01844465 0.9992303 0.03461947 104.1243 0.9812391 0.01144475 0.1924543 -200.6487 0 0 0 1
323 0 0.1918976 0.03818893 -0.9806718 157.4681 -0.01918885 0.9991976 0.03515548 104.1432 0.9812274 0.01207171 0.1924765 -200.7348 0 0 0 1
323 1 0.1918976 0.03818893 -0.9806718 156.9354 -0.01918885 0.9991976 0.03515548 104.1432 0.9812274 0.01207171 0.1924765 -200.7348 0 0 0 1
324 0 0.1915289 0.03810969 -0.9807469 157.6276 -0.01979084 0.9991927 0.03496153 104.2795 0.9812875 0.01271366 0.1921285 -200.7627 0 0 0 1
324 1 0.1915289 0.03810969 -0.9807469 157.0949 -0.01979084 0.9991927 0.03496153 104.2795 0.9812875 0.01271366 0.1921285 -200.7627 0 0 0 1
325 0 0.1913165 0.03734807 -0.9808176 157.6746 -0.02010337 0.9992153 0.0341273 104.4915 0.9813226 0.01318862 0.1919172 -200.8038 0 0 0 1
325 1 0.1913165 0.03734807 -0.9808176 157.1418 -0.02010337 0.9992153 0.0341273 104.4915 0.9813226 0.01318862 0.1919172 -200.8038 0 0 0 1
326 0 0.1913249 0.0368602 -0.9808344 157.6985 -0.02047733 0.999227 0.03355702 104.6629 0.9813132 0.01366458 0.1919318 -200.868 0 0 0 1
326 1 0.1913249 0.0368602 -0.9808344 157.1658 -0.02047733 0.999227 0.03355702 104.6629 0.9813132 0.01366458 0.1919318 -200.868 0 0 0 1
327 0 0.1910788 0.03705788 -0.9808749 157.8371 -0.02084369 0.9992149 0.03369033 104.6973 0.9813534 0.01400754 0.1917013 -200.9035 0 0 0 1
327 1 0.1910788 0.03705788 -0.9808749 157.3044 -0.02084369 0.9992149 0.03369033 104.6973 0.9813534 0.01400754 0.1917013 -200.9035 0 0 0 1
328 0 0.1910406 0.03779844 -0.9808542 157.9705 -0.02068105 0.9991915 0.03447706 104.5171 0.9813643 0.01369857 0.1916678 -201.019 0 0 0 1
328 1 0.1910406 0.03779844 -0.9808542 157.4377 -0.02068105 0.9991915 0.03447706 104.5171 0.9813643 0.01369857 0.1916678 -201.019 0 0 0 1
329 0 0.1910699 0.03835941 -0.9808266 158.0692 -0.0199766 0.9991811 0.0351857 104.2614 0.9813731 0.01287065 0.1916797 -201.1916 0 0 0 1
329 1 0.1910699 0.03835941 -0.9808266 157.5365 -0.0199766 0.9991811 0.0351857 104.2614 0.9813731 0.01287065 0.1916797 -201.1916 0 0 0 1
330 0 0.1909285 0.03886119 -0.9808343 158.1915 -0.01966705 0.9991669 0.03575916 104.0977 0.9814069 0.01246268 0.1915337 -201.2767 0 0 0 1
330 1 0.1909285 0.03886119 -0.9808343 157.6588 -0.01966705 0.9991669 0.03575916 104.0977 0.9814069 0.01246268 0.1915337 -201.2767 0 0 0 1
331 0 0.1908531 0.03970655 -0.9808153 158.326 -0.01967317 0.9991356 0.03662009 103.9311 0.9814215 0.01230669 0.1914693 -201.3385 0 0 0 1
331 1 0.1908531 0.03970655 -0.9808153 157.7933 -0.01967317 0.9991356 0.03662009 103.9311 0.9814215 0.01230669 0.1914693 -201.3385 0 0 0 1
332 0 0.1907603 0.04075756 -0.9807901 158.4817 -0.01999689 0.9990917 0.03762877 103.7888 0.9814329 0.01243468 0.1914021 -201.3643 0 0 0 1
332 1 0.1907603 0.04075756 -0.9807901 157.9489 -0.01999689 0.9990917 0.03762877 103.7888 0.9814329 0.01243468 0.1914021 -201.3643 0 0 0 1
333 0 0.1905755 0.04128294 -0.9808041 158.5938 -0.02034877 0.9990668 0.03809775 103.7562 0.9814617 0.01269766 0.1912377 -201.3441 0 0 0 1
333 1 0.1905755 0.04128294 -0.9808041 158.061 -0.02034877 0.9990668 0.03809775 103.7562 0.9814617 0.01269766 0.1912377 -201.3441 0 0 0 1
334 0 0.1905392 0.04139188 -0.9808066 158.631 -0.02028669 0.9990634 0.0382213 103.7214 0.98147 0.01261466 0.1912004 -201.374 0 0 0 1
334 1 0.1905392 0.04139188 -0.9808066 158.0983 -0.02028669 0.9990634 0.0382213 103.7214 0.98147 0.01261466 0.1912004 -201.374 0 0 0 1
335 0 0.1904648 0.04129297 -0.9808252 158.6477 -0.02026387 0.9990675 0.03812596 103.7358 0.9814849 0.01261366 0.191124 -201.3753 0 0 0 1
335 1 0.1904648 0.04129297 -0.9808252 158.115 -0.02026387 0.9990675 0.03812596 103.7358 0.9814849 0.01261366 0.191124 -201.3753 0 0 0 1
336 0 0.1904203 0.04135285 -0.9808314 158.6685 -0.02039444 0.9990634 0.03816212 103.7504 0.9814909 0.01273665 0.1910853 -201.359 0 0 0 1
336 1 0.1904203 0.04135285 -0.9808314 158.1358 -0.02039444 0.9990634 0.03816212 103.7504 0.9814909 0.01273665 0.1910853 -201.359 0 0 0 1
337 0 0.1904697 0.04116552 -0.9808296 158.6423 -0.01939389 0.9990832 0.03816547 103.5821 0.9815015 0.01175273 0.1910935 -201.4659 0 0 0 1
337 1 0.1904697 0.04116552 -0.9808296 158.1096 -0.01939389 0.9990832 0.03816547 103.5822 0.9815015 0.01175273 0.1910935 -201.4659 0 0 0 1
338 0 0.1905676 0.04073575 -0.9808286 158.5839 -0.01743328 0.9991215 0.03810834 103.2646 0.9815193 0.00983684 0.1911104 -201.6783 0 0 0 1
338 1 0.1905676 0.04073575 -0.9808286 158.0512 -0.01743328 0.9991215 0.03810834 103.2646 0.9815193 0.00983684 0.1911104 -201.6783 0 0 0 1
