frame cameraID r1,1 r1,2 r1,3 t1 r2,1 r2,2 r2,3 t2 r3,1 r3,2 r3,3 t3 0 0 0 1
0 0 0.6600683 0.03758863 -0.7502646 3.99355 -0.03350758 0.9992265 0.02058242 107.5819 0.7504579 0.01155374 0.6608173 0.1030425 0 0 0 1
0 1 0.6600683 0.03758863 -0.7502646 3.460824 -0.03350758 0.9992265 0.02058242 107.5819 0.7504579 0.01155374 0.6608173 0.1030424 0 0 0 1
1 0 0.6590399 0.03708325 -0.7511932 4.373763 -0.03272902 0.9992517 0.0206149 107.5858 0.7513955 0.01099978 0.6597604 -1.587246 0 0 0 1
1 1 0.6590399 0.03708325 -0.7511932 3.841038 -0.03272902 0.9992517 0.0206149 107.5858 0.7513955 0.01099978 0.6597604 -1.587245 0 0 0 1
2 0 0.657934 0.03695524 -0.7521684 4.760363 -0.03281452 0.9992534 0.02039153 107.5888 0.7523604 0.01126576 0.6586554 -3.050692 0 0 0 1
2 1 0.657934 0.03695524 -0.7521684 4.227638 -0.03281452 0.9992534 0.02039153 107.5888 0.7523604 0.01126576 0.6586554 -3.050692 0 0 0 1
3 0 0.656768 0.03651405 -0.7532082 5.115592 -0.03338211 0.9992557 0.01933406 107.5982 0.7533535 0.01244568 0.6574981 -4.411792 0 0 0 1
3 1 0.656768 0.03651405 -0.7532082 4.582866 -0.03338211 0.9992557 0.01933406 107.5982 0.7533535 0.01244568 0.6574981 -4.411792 0 0 0 1
4 0 0.655098 0.03573656 -0.7546983 5.490579 -0.03294137 0.9992819 0.01872412 107.6068 0.7548255 0.01259467 0.6558048 -6.017991 0 0 0 1
4 1 0.655098 0.03573656 -0.7546983 4.957854 -0.03294137 0.9992819 0.01872412 107.6069 0.7548255 0.01259467 0.6558048 -6.017991 0 0 0 1
5 0 0.6532036 0.03505221 -0.7563706 5.837033 -0.03214215 0.9993111 0.01855268 107.6114 0.7564998 0.0121927 0.6538802 -7.530903 0 0 0 1
5 1 0.6532036 0.03505221 -0.7563706 5.304308 -0.03214215 0.9993111 0.01855268 107.6114 0.7564998 0.0121927 0.6538802 -7.530903 0 0 0 1
6 0 0.6508464 0.03441607 -0.7584291 6.240041 -0.03266067 0.9993165 0.0173193 107.6304 0.7585067 0.01349859 0.6515256 -9.004238 0 0 0 1
6 1 0.6508464 0.03441607 -0.7584291 5.707316 -0.03266067 0.9993165 0.0173193 107.6304 0.7585067 0.01349859 0.6515256 -9.004238 0 0 0 1
7 0 0.6490427 0.03514098 -0.7599399 6.742099 -0.0339859 0.9992746 0.01718186 107.643 0.7599925 0.01467547 0.6497662 -10.34363 0 0 0 1
7 1 0.6490427 0.03514098 -0.7599399 6.209375 -0.0339859 0.9992746 0.01718186 107.643 0.7599925 0.01467547 0.6497662 -10.34363 0 0 0 1
8 0 0.647617 0.03578908 -0.761125 7.232725 -0.03495837 0.99924 0.0172406 107.654 0.7611637 0.01544238 0.648376 -11.72678 0 0 0 1
8 1 0.647617 0.03578908 -0.761125 6.699999 -0.03495837 0.99924 0.0172406 107.6541 0.7611637 0.01544238 0.648376 -11.72678 0 0 0 1
9 0 0.6461506 0.03705196 -0.76231 7.836404 -0.03591827 0.9991904 0.01812039 107.6554 0.7623643 0.01567236 0.6469584 -13.31189 0 0 0 1
9 1 0.6461506 0.03705196 -0.76231 7.303679 -0.03591827 0.9991904 0.01812039 107.6554 0.7623643 0.01567236 0.6469584 -13.31189 0 0 0 1
10 0 0.6448084 0.03786232 -0.7634059 8.34807 -0.03638708 0.9991605 0.0188207 107.6554 0.7634776 0.01564236 0.6456448 -14.77594 0 0 0 1
10 1 0.6448084 0.03786232 -0.7634059 7.815346 -0.03638708 0.9991605 0.0188207 107.6554 0.7634776 0.01564236 0.6456448 -14.77594 0 0 0 1
11 0 0.6434605 0.03847042 -0.764512 8.841745 -0.03720892 0.9991276 0.01895901 107.6665 0.7645745 0.01624729 0.6443306 -16.1707 0 0 0 1
11 1 0.6434605 0.03847042 -0.764512 8.309021 -0.03720892 0.9991276 0.01895901 107.6665 0.7645745 0.01624729 0.6443306 -16.1707 0 0 0 1
12 0 0.6421461 0.03862062 -0.7656088 9.321972 -0.03552429 0.9991564 0.02060616 107.6324 0.7657588 0.01396555 0.6429763 -18.01713 0 0 0 1
12 1 0.6421461 0.03862062 -0.7656088 8.789245 -0.03552429 0.9991564 0.02060616 107.6324 0.7657588 0.01396555 0.6429763 -18.01713 0 0 0 1
13 0 0.6408932 0.03761756 -0.7667078 9.636375 -0.03469045 0.9991974 0.02002653 107.6422 0.7668459 0.01376257 0.6416838 -19.49187 0 0 0 1
13 1 0.6408932 0.03761756 -0.7667078 9.10365 -0.03469045 0.9991974 0.02002653 107.6422 0.7668459 0.01376257 0.6416838 -19.49187 0 0 0 1
14 0 0.6395465 0.03638367 -0.7678909 9.97218 -0.03509553 0.9992198 0.01811463 107.6926 0.7679509 0.01536439 0.6403244 -20.91545 0 0 0 1
14 1 0.6395465 0.03638367 -0.7678909 9.439457 -0.03509553 0.9992198 0.01811463 107.6926 0.7679509 0.01536439 0.6403244 -20.91545 0 0 0 1
15 0 0.6385885 0.0364574 -0.7686843 10.39747 -0.03540396 0.9992114 0.01797889 107.7071 0.7687336 0.01573335 0.6393757 -22.32441 0 0 0 1
15 1 0.6385885 0.0364574 -0.7686843 9.864742 -0.03540396 0.9992114 0.01797889 107.7071 0.7687336 0.01573335 0.6393757 -22.32441 0 0 0 1
16 0 0.6377522 0.03665815 -0.7693688 10.83402 -0.03423915 0.9992287 0.01922847 107.673 0.7694803 0.01407954 0.6385154 -23.94486 0 0 0 1
16 1 0.6377522 0.03665815 -0.7693688 10.30129 -0.03423915 0.9992287 0.01922847 107.673 0.7694803 0.01407954 0.6385154 -23.94486 0 0 0 1
17 0 0.6369042 0.03726084 -0.7700421 11.35155 -0.0327382 0.9992375 0.0212733 107.6098 0.7702476 0.01166074 0.6376384 -25.78735 0 0 0 1
17 1 0.6369042 0.03726084 -0.7700421 10.81883 -0.0327382 0.9992375 0.0212733 107.6098 0.7702476 0.01166074 0.6376384 -25.78735 0 0 0 1
18 0 0.6361805 0.03774855 -0.7706163 11.81525 -0.03287797 0.9992215 0.02180442 107.6002 0.7708395 0.01146475 0.6369263 -27.24844 0 0 0 1
18 1 0.6361805 0.03774855 -0.7706163 11.28253 -0.03287797 0.9992215 0.02180442 107.6002 0.7708395 0.01146475 0.6369263 -27.24844 0 0 0 1
19 0 0.6356423 0.03737513 -0.7710785 12.23542 -0.03382037 0.9992166 0.02055327 107.6501 0.7712426 0.01301363 0.6364083 -28.66521 0 0 0 1
19 1 0.6356423 0.03737513 -0.7710785 11.70269 -0.03382037 0.9992166 0.02055327 107.6501 0.7712426 0.01301363 0.6364083 -28.66522 0 0 0 1
20 0 0.6349733 0.03768747 -0.7716142 12.69835 -0.0360193 0.9991674 0.01916087 107.7271 0.7716938 0.01562636 0.6358021 -29.81744 0 0 0 1
20 1 0.6349733 0.03768747 -0.7716142 12.16563 -0.0360193 0.9991674 0.01916087 107.7271 0.7716938 0.01562636 0.6358021 -29.81745 0 0 0 1
21 0 0.6341705 0.03776131 -0.7722706 13.1362 -0.0374104 0.9991354 0.01813366 107.7872 0.7722877 0.01739112 0.6350349 -31.05332 0 0 0 1
21 1 0.6341705 0.03776131 -0.7722706 12.60348 -0.0374104 0.9991354 0.01813366 107.7872 0.7722877 0.01739112 0.6350349 -31.05332 0 0 0 1
22 0 0.6335217 0.03840215 -0.7727714 13.67509 -0.03733108 0.9991214 0.0190462 107.768 0.7728238 0.01678221 0.6343987 -32.68386 0 0 0 1
22 1 0.6335217 0.03840215 -0.7727714 13.14236 -0.03733108 0.9991214 0.0190462 107.768 0.7728238 0.01678221 0.6343987 -32.68386 0 0 0 1
23 0 0.6328743 0.03925509 -0.7732589 14.18719 -0.03698553 0.9991065 0.0204496 107.7251 0.7733707 0.01565736 0.6337607 -34.2185 0 0 0 1
23 1 0.6328743 0.03925509 -0.7732589 13.65446 -0.03698553 0.9991065 0.0204496 107.7251 0.7733707 0.01565736 0.6337607 -34.2185 0 0 0 1
24 0 0.6323327 0.03857943 -0.7737357 14.53363 -0.03555166 0.9991521 0.02076451 107.6949 0.7738808 0.01437751 0.6331681 -35.76909 0 0 0 1
24 1 0.6323327 0.03857943 -0.7737357 14.00091 -0.03555166 0.9991521 0.02076451 107.6949 0.7738808 0.01437751 0.6331681 -35.76909 0 0 0 1
25 0 0.6315109 0.03825751 -0.7744227 14.96414 -0.03411812 0.9991857 0.02153914 107.6457 0.7746161 0.01281965 0.6323018 -37.483 0 0 0 1
25 1 0.6315109 0.03825751 -0.7744227 14.43141 -0.03411812 0.9991857 0.02153914 107.6457 0.7746161 0.01281965 0.6323018 -37.48301 0 0 0 1
26 0 0.630057 0.03658529 -0.7756866 15.25144 -0.03222127 0.999261 0.02095823 107.6311 0.7758801 0.01178873 0.6307702 -38.97898 0 0 0 1
26 1 0.630057 0.03658529 -0.7756866 14.71872 -0.03222127 0.999261 0.02095823 107.6311 0.7758801 0.01178873 0.6307702 -38.97897 0 0 0 1
27 0 0.6278983 0.03545612 -0.7774874 15.66495 -0.03140885 0.9993024 0.02020589 107.6448 0.7776614 0.01173273 0.6285739 -40.49853 0 0 0 1
27 1 0.6278983 0.03545612 -0.7774874 15.13222 -0.03140885 0.9993024 0.02020589 107.6448 0.7776614 0.01173273 0.6285739 -40.49853 0 0 0 1
28 0 0.626196 0.03497832 -0.7788807 16.07501 -0.03132514 0.9993152 0.01969325 107.6662 0.7790362 0.01206671 0.6268629 -41.83344 0 0 0 1
28 1 0.626196 0.03497832 -0.7788807 15.54229 -0.03132514 0.9993152 0.01969325 107.6662 0.7790362 0.01206671 0.6268629 -41.83344 0 0 0 1
29 0 0.6249711 0.03477903 -0.7798728 16.48856 -0.03192643 0.99931 0.01897994 107.7128 0.7799948 0.01303663 0.6256502 -43.10509 0 0 0 1
29 1 0.6249711 0.03477903 -0.7798728 15.95583 -0.03192643 0.99931 0.01897994 107.7128 0.7799948 0.01303663 0.6256502 -43.10509 0 0 0 1
30 0 0.6234046 0.03436478 -0.781144 16.93645 -0.03251442 0.9993089 0.01801384 107.7728 0.7812231 0.01416853 0.6240911 -44.48754 0 0 0 1
30 1 0.6234046 0.03436478 -0.781144 16.40373 -0.03251442 0.9993089 0.01801384 107.7728 0.7812231 0.01416853 0.6240911 -44.48754 0 0 0 1
31 0 0.6215574 0.0342922 -0.7826177 17.40486 -0.03339687 0.9992931 0.01726244 107.8337 0.7826564 0.01540739 0.6222632 -45.71063 0 0 0 1
31 1 0.6215574 0.0342922 -0.7826177 16.87213 -0.03339687 0.9992931 0.01726244 107.8337 0.7826564 0.01540739 0.6222632 -45.71063 0 0 0 1
32 0 0.6194518 0.03380303 -0.7843066 17.84875 -0.0337978 0.9992945 0.01637508 107.8912 0.7843069 0.01636427 0.6201572 -46.95474 0 0 0 1
32 1 0.6194518 0.03380303 -0.7843066 17.31603 -0.0337978 0.9992945 0.01637508 107.8911 0.7843069 0.01636427 0.6201572 -46.95474 0 0 0 1
33 0 0.6172216 0.03380929 -0.7860627 18.38425 -0.03338142 0.999302 0.01676959 107.874 0.7860809 0.01588933 0.6179194 -48.47775 0 0 0 1
33 1 0.6172216 0.03380929 -0.7860627 17.85152 -0.03338142 0.999302 0.01676959 107.874 0.7860809 0.01588933 0.6179194 -48.47775 0 0 0 1
34 0 0.6155143 0.0335808 -0.78741 18.83688 -0.03266121 0.9993204 0.01708709 107.8491 0.7874486 0.01520042 0.6161928 -49.89343 0 0 0 1
34 1 0.6155143 0.0335808 -0.78741 18.30416 -0.03266121 0.9993204 0.01708709 107.8491 0.7874486 0.01520042 0.6161928 -49.89343 0 0 0 1
35 0 0.6138043 0.03467132 -0.7886965 19.45615 -0.03286377 0.9992913 0.01835285 107.8055 0.7887739 0.01465448 0.6145088 -51.42746 0 0 0 1
35 1 0.6138043 0.03467132 -0.7886965 18.92343 -0.03286377 0.9992913 0.01835285 107.8055 0.7887739 0.01465448 0.6145088 -51.42746 0 0 0 1
36 0 0.6124676 0.03531507 -0.7897064 19.97447 -0.03291158 0.9992746 0.01916177 107.7756 0.7898102 0.01425452 0.6131856 -52.81493 0 0 0 1
36 1 0.6124676 0.03531507 -0.7897064 19.44174 -0.03291158 0.9992746 0.01916177 107.7756 0.7898102 0.01425452 0.6131856 -52.81493 0 0 0 1
37 0 0.6113187 0.0348108 -0.7906185 20.36195 -0.03196082 0.999303 0.01928654 107.7474 0.7907388 0.01347859 0.6120052 -54.24406 0 0 0 1
37 1 0.6113187 0.0348108 -0.7906185 19.82923 -0.03196082 0.999303 0.01928654 107.7474 0.7907388 0.01347859 0.6120052 -54.24406 0 0 0 1
38 0 0.6098516 0.0342946 -0.7917733 20.81056 -0.03082989 0.9993337 0.01953854 107.7056 0.7919158 0.01249467 0.6105025 -55.82362 0 0 0 1
38 1 0.6098516 0.0342946 -0.7917733 20.27784 -0.03082989 0.9993337 0.01953854 107.7056 0.7919158 0.01249467 0.6105025 -55.82362 0 0 0 1
39 0 0.6084584 0.03327768 -0.7928878 21.1701 -0.02934799 0.9993805 0.01942271 107.668 0.793043 0.01145175 0.6090581 -57.26511 0 0 0 1
39 1 0.6084584 0.03327768 -0.7928878 20.63738 -0.02934799 0.9993805 0.01942271 107.668 0.793043 0.01145175 0.6090581 -57.26512 0 0 0 1
40 0 0.6069851 0.03260064 -0.7940443 21.61715 -0.02979729 0.9993893 0.01825366 107.7484 0.7941545 0.01258067 0.6075858 -58.6094 0 0 0 1
40 1 0.6069851 0.03260064 -0.7940443 21.08442 -0.02979729 0.9993893 0.01825366 107.7484 0.7941545 0.01258067 0.6075858 -58.6094 0 0 0 1
41 0 0.6058469 0.0332343 -0.7948868 22.14025 -0.03182368 0.9993398 0.01752712 107.8619 0.7949445 0.01467747 0.6065046 -59.71971 0 0 0 1
41 1 0.6058469 0.0332343 -0.7948868 21.60753 -0.03182368 0.9993398 0.01752712 107.8619 0.7949445 0.01467747 0.6065046 -59.71971 0 0 0 1
42 0 0.6046828 0.03444791 -0.7957211 22.72666 -0.03337567 0.9992826 0.01789761 107.9035 0.7957668 0.01573535 0.6053987 -60.94133 0 0 0 1
42 1 0.6046828 0.03444791 -0.7957211 22.19394 -0.03337567 0.9992826 0.01789761 107.9035 0.7957668 0.01573535 0.6053987 -60.94133 0 0 0 1
43 0 0.6032708 0.03457934 -0.7967865 23.26114 -0.03263796 0.9992931 0.01865666 107.8439 0.7968684 0.01475047 0.6039729 -62.50848 0 0 0 1
43 1 0.6032708 0.03457934 -0.7967865 22.72841 -0.03263796 0.9992931 0.01865666 107.8439 0.7968684 0.01475047 0.6039729 -62.50848 0 0 0 1
44 0 0.6013607 0.03382133 -0.7982616 23.71186 -0.031376 0.9993326 0.01870373 107.802 0.7983615 0.01379856 0.6020205 -63.92134 0 0 0 1
44 1 0.6013607 0.03382133 -0.7982616 23.17914 -0.031376 0.9993326 0.01870373 107.802 0.7983615 0.01379856 0.6020205 -63.92134 0 0 0 1
45 0 0.5989367 0.0319786 -0.8001576 24.09957 -0.03003812 0.9993963 0.01745701 107.8304 0.8002328 0.01357959 0.5995357 -65.23976 0 0 0 1
45 1 0.5989367 0.0319786 -0.8001576 23.56684 -0.03003812 0.9993963 0.01745701 107.8304 0.8002328 0.01357959 0.5995357 -65.23975 0 0 0 1
46 0 0.59622 0.03106747 -0.8022197 24.65511 -0.02877883 0.9994358 0.01731624 107.7967 0.8023051 0.01276266 0.5967777 -66.74895 0 0 0 1
46 1 0.59622 0.03106747 -0.8022197 24.12238 -0.02877883 0.9994358 0.01731624 107.7967 0.8023051 0.01276266 0.5967777 -66.74895 0 0 0 1
47 0 0.5941331 0.03076199 -0.8037784 25.17696 -0.02781685 0.9994565 0.0176894 107.7415 0.8038857 0.01184873 0.5946659 -68.14861 0 0 0 1
47 1 0.5941331 0.03076199 -0.8037784 24.64423 -0.02781685 0.9994565 0.0176894 107.7415 0.8038857 0.01184873 0.5946659 -68.14862 0 0 0 1
48 0 0.5922182 0.03086336 -0.8051864 25.77605 -0.02683573 0.9994673 0.01857248 107.6516 0.8053306 0.0106088 0.592731 -69.73029 0 0 0 1
48 1 0.5922182 0.03086336 -0.8051864 25.24333 -0.02683573 0.9994673 0.01857248 107.6516 0.8053306 0.0106088 0.592731 -69.73029 0 0 0 1
49 0 0.5905116 0.03143684 -0.8064167 26.36823 -0.02762051 0.9994429 0.01873609 107.6768 0.8065565 0.01120976 0.5910509 -70.98569 0 0 0 1
49 1 0.5905116 0.03143684 -0.8064167 25.83551 -0.02762051 0.9994429 0.01873609 107.6768 0.8065565 0.01120976 0.5910509 -70.98569 0 0 0 1
50 0 0.5890018 0.03205013 -0.807496 26.94864 -0.0287456 0.9994118 0.01869987 107.7303 0.8076203 0.0121977 0.5895767 -72.19943 0 0 0 1
50 1 0.5890018 0.03205013 -0.807496 26.41592 -0.0287456 0.9994118 0.01869987 107.7303 0.8076203 0.0121977 0.5895767 -72.19943 0 0 0 1
51 0 0.5873058 0.03291925 -0.8086954 27.60905 -0.02989822 0.999373 0.01896785 107.7678 0.8088127 0.01303863 0.5879217 -73.55865 0 0 0 1
51 1 0.5873058 0.03291925 -0.8086954 27.07632 -0.02989822 0.999373 0.01896785 107.7678 0.8088127 0.01303863 0.5879217 -73.55865 0 0 0 1
52 0 0.5860324 0.03377166 -0.8095836 28.19268 -0.0304636 0.999343 0.01963579 107.7536 0.8097149 0.01315562 0.5866761 -74.86995 0 0 0 1
52 1 0.5860324 0.03377166 -0.8095836 27.65996 -0.0304636 0.999343 0.01963579 107.7536 0.8097149 0.01315562 0.5866761 -74.86996 0 0 0 1
53 0 0.5847943 0.03411287 -0.8104641 28.71122 -0.02981428 0.9993442 0.0205503 107.6679 0.8106336 0.0121457 0.5854278 -76.29658 0 0 0 1
53 1 0.5847943 0.03411287 -0.8104641 28.17849 -0.02981428 0.9993442 0.0205503 107.6679 0.8106336 0.0121457 0.5854278 -76.29658 0 0 0 1
54 0 0.5837907 0.03402295 -0.8111911 29.20027 -0.02969238 0.9993479 0.02054587 107.667 0.8113612 0.01209171 0.5844201 -77.75979 0 0 0 1
54 1 0.5837907 0.03402295 -0.8111911 28.66754 -0.02969238 0.9993479 0.02054587 107.667 0.8113612 0.01209171 0.5844201 -77.7598 0 0 0 1
55 0 0.5828216 0.03370328 -0.811901 29.62858 -0.03108828 0.9993328 0.0191672 107.833 0.8120053 0.01406954 0.5834806 -78.86758 0 0 0 1
55 1 0.5828216 0.03370328 -0.811901 29.09586 -0.03108828 0.9993328 0.0191672 107.833 0.8120053 0.01406954 0.5834806 -78.86758 0 0 0 1
56 0 0.5817282 0.03358374 -0.8126897 30.12568 -0.0335015 0.9992887 0.01731421 108.0872 0.812693 0.01715416 0.5824395 -79.98199 0 0 0 1
56 1 0.5817282 0.03358374 -0.8126897 29.59295 -0.0335015 0.9992887 0.01731421 108.0872 0.812693 0.01715416 0.5824395 -79.98199 0 0 0 1
57 0 0.5807462 0.03422043 -0.8133652 30.65224 -0.03497741 0.9992424 0.01706677 108.1873 0.813333 0.01853794 0.5815032 -81.14617 0 0 0 1
57 1 0.5807462 0.03422043 -0.8133652 30.11952 -0.03497741 0.9992424 0.01706677 108.1873 0.813333 0.01853794 0.5815032 -81.14618 0 0 0 1
58 0 0.5800132 0.0345425 -0.8138745 31.1224 -0.03474854 0.9992403 0.01764602 108.1462 0.8138657 0.01804602 0.5807728 -82.51698 0 0 0 1
58 1 0.5800132 0.0345425 -0.8138745 30.58967 -0.03474854 0.9992403 0.01764602 108.1462 0.8138657 0.01804602 0.5807728 -82.51698 0 0 0 1
59 0 0.5789776 0.03519923 -0.8145834 31.69158 -0.03343283 0.9992524 0.01941613 107.9613 0.8146577 0.01599232 0.5797216 -84.17426 0 0 0 1
59 1 0.5789776 0.03519923 -0.8145834 31.15885 -0.03343283 0.9992524 0.01941613 107.9613 0.8146577 0.01599232 0.5797216 -84.17425 0 0 0 1
60 0 0.5781982 0.03432979 -0.8151738 32.03864 -0.03143726 0.9993098 0.01978613 107.84 0.8152905 0.01418653 0.5788783 -85.67461 0 0 0 1
60 1 0.5781982 0.03432979 -0.8151738 31.50591 -0.03143726 0.9993098 0.01978613 107.84 0.8152905 0.01418653 0.5788783 -85.67461 0 0 0 1
61 0 0.5773413 0.03383477 -0.8158016 32.42878 -0.02998958 0.9993456 0.02022356 107.7376 0.815952 0.01278965 0.5779782 -87.12698 0 0 0 1
61 1 0.5773413 0.03383477 -0.8158016 31.89605 -0.02998958 0.9993456 0.02022356 107.7376 0.815952 0.01278965 0.5779782 -87.12698 0 0 0 1
62 0 0.57645 0.03326405 -0.8164552 32.85193 -0.02772425 0.999392 0.02114284 107.5505 0.816662 0.01044781 0.5770217 -88.81078 0 0 0 1
62 1 0.57645 0.03326405 -0.8164552 32.31921 -0.02772425 0.999392 0.02114284 107.5505 0.816662 0.01044781 0.5770217 -88.81078 0 0 0 1
63 0 0.5757333 0.03382415 -0.8169377 33.33324 -0.02690368 0.9993866 0.02241794 107.4073 0.8171948 0.009071877 0.5762901 -90.26391 0 0 0 1
63 1 0.5757333 0.03382415 -0.8169377 32.80052 -0.02690368 0.9993866 0.02241794 107.4073 0.8171948 0.009071877 0.5762901 -90.26391 0 0 0 1
64 0 0.5751359 0.03412718 -0.8173457 33.81452 -0.02648596 0.9993825 0.02309068 107.3303 0.8176289 0.008367903 0.5756847 -91.7771 0 0 0 1
64 1 0.5751359 0.03412718 -0.8173457 33.2818 -0.02648596 0.9993825 0.02309068 107.3303 0.8176289 0.008367903 0.5756847 -91.77711 0 0 0 1
65 0 0.5744053 0.03436068 -0.8178496 34.2642 -0.02752882 0.9993643 0.02265226 107.4243 0.818108 0.009502856 0.5749861 -92.95335 0 0 0 1
65 1 0.5744053 0.03436068 -0.8178496 33.73147 -0.02752882 0.9993643 0.02265226 107.4243 0.818108 0.009502856 0.5749861 -92.95335 0 0 0 1
66 0 0.5729933 0.03331886 -0.8188826 34.66804 -0.02802422 0.9993855 0.02105393 107.5849 0.8190808 0.01088479 0.573575 -94.06744 0 0 0 1
66 1 0.5729933 0.03331886 -0.8188826 34.1353 -0.02802422 0.9993855 0.02105393 107.5849 0.8190808 0.01088479 0.573575 -94.06744 0 0 0 1
67 0 0.5705105 0.03296361 -0.8206285 35.30508 -0.0287748 0.999383 0.02013937 107.7078 0.8207861 0.0121237 0.571107 -95.28122 0 0 0 1
67 1 0.5705105 0.03296361 -0.8206285 34.77235 -0.0287748 0.999383 0.02013937 107.7078 0.8207861 0.0121237 0.571107 -95.28122 0 0 0 1
68 0 0.5685421 0.03300341 -0.8219919 35.8857 -0.02910284 0.9993764 0.0199961 107.7438 0.8221393 0.01255367 0.5691481 -96.46355 0 0 0 1
68 1 0.5685421 0.03300341 -0.8219919 35.35298 -0.02910284 0.9993764 0.0199961 107.7438 0.8221393 0.01255367 0.5691481 -96.46354 0 0 0 1
69 0 0.5672835 0.03492719 -0.8227816 36.61082 -0.03007264 0.9993124 0.02168675 107.6627 0.8229733 0.01244068 0.5679438 -97.85468 0 0 0 1
69 1 0.5672835 0.03492719 -0.8227816 36.07809 -0.03007264 0.9993124 0.02168675 107.6627 0.8229733 0.01244068 0.5679438 -97.85468 0 0 0 1
70 0 0.5667381 0.03588936 -0.823116 37.11623 -0.03088731 0.999274 0.0223034 107.6627 0.8233189 0.01278365 0.5674351 -99.08398 0 0 0 1
70 1 0.5667381 0.03588936 -0.823116 36.5835 -0.03088731 0.999274 0.0223034 107.6627 0.8233189 0.01278365 0.5674351 -99.08398 0 0 0 1
71 0 0.56591 0.03633297 -0.8236661 37.60008 -0.03122777 0.9992563 0.02262305 107.6598 0.8238754 0.01291864 0.5666237 -100.3114 0 0 0 1
71 1 0.56591 0.03633297 -0.8236661 37.06736 -0.03122777 0.9992563 0.02262305 107.6598 0.8238754 0.01291864 0.5666237 -100.3114 0 0 0 1
72 0 0.5648978 0.03576123 -0.8243856 38.03347 -0.03115267 0.9992725 0.0220008 107.7151 0.8245726 0.01325361 0.5656009 -101.6184 0 0 0 1
72 1 0.5648978 0.03576123 -0.8243856 37.50075 -0.03115267 0.9992725 0.0220008 107.715 0.8245726 0.01325361 0.5656009 -101.6184 0 0 0 1
73 0 0.5641237 0.0341705 -0.8249829 38.29834 -0.02993882 0.9993328 0.02091983 107.74 0.8251473 0.01289764 0.5647705 -102.8666 0 0 0 1
73 1 0.5641237 0.0341705 -0.8249829 37.76561 -0.02993882 0.9993328 0.02091983 107.74 0.8251473 0.01289764 0.5647705 -102.8666 0 0 0 1
74 0 0.5631289 0.03349407 -0.8256901 38.68096 -0.02930633 0.9993592 0.02055173 107.7374 0.8258494 0.01262467 0.5637497 -104.0795 0 0 0 1
74 1 0.5631289 0.03349407 -0.8256901 38.14824 -0.02930633 0.9993592 0.02055173 107.7374 0.8258494 0.01262467 0.5637497 -104.0795 0 0 0 1
75 0 0.5613333 0.03216069 -0.8269647 39.13162 -0.02891059 0.9993968 0.01924243 107.8364 0.8270847 0.01310663 0.5619245 -105.2823 0 0 0 1
75 1 0.5613333 0.03216069 -0.8269647 38.5989 -0.02891059 0.9993968 0.01924243 107.8364 0.8270847 0.01310663 0.5619245 -105.2823 0 0 0 1
76 0 0.5595533 0.03188732 -0.8281807 39.65455 -0.02973852 0.9993886 0.01838673 107.9755 0.8282607 0.01434051 0.5601594 -106.2662 0 0 0 1
76 1 0.5595533 0.03188732 -0.8281807 39.12183 -0.02973852 0.9993886 0.01838673 107.9754 0.8282607 0.01434051 0.5601594 -106.2662 0 0 0 1
77 0 0.5580509 0.03328191 -0.829139 40.34285 -0.03288588 0.9992974 0.01797832 108.2306 0.8291548 0.01723415 0.5587533 -107.1846 0 0 0 1
77 1 0.5580509 0.03328191 -0.829139 39.81013 -0.03288588 0.9992974 0.01797832 108.2306 0.8291548 0.01723415 0.5587533 -107.1846 0 0 0 1
78 0 0.5567877 0.03478606 -0.8299262 40.97435 -0.03470919 0.9992244 0.01859615 108.3044 0.8299294 0.01845195 0.5575632 -108.1572 0 0 0 1
78 1 0.5567877 0.03478606 -0.8299262 40.44162 -0.03470919 0.9992244 0.01859615 108.3044 0.8299294 0.01845195 0.5575632 -108.1572 0 0 0 1
79 0 0.5556158 0.03639985 -0.830642 41.6017 -0.03416846 0.9991969 0.02093089 108.0557 0.8307368 0.01675222 0.5564134 -109.4321 0 0 0 1
79 1 0.5556158 0.03639985 -0.830642 41.06898 -0.03416846 0.9991969 0.02093089 108.0557 0.8307368 0.01675222 0.5564134 -109.4321 0 0 0 1
80 0 0.5545553 0.03649002 -0.8313465 42.08256 -0.03238216 0.9992277 0.02225804 107.8136 0.8315166 0.01457748 0.5553087 -110.8522 0 0 0 1
80 1 0.5545553 0.03649002 -0.8313465 41.54984 -0.03238216 0.9992277 0.02225804 107.8136 0.8315166 0.01457748 0.5553087 -110.8522 0 0 0 1
81 0 0.5531429 0.03622575 -0.8322984 42.54244 -0.03132646 0.999252 0.02267294 107.705 0.8324972 0.01353158 0.553864 -112.0049 0 0 0 1
81 1 0.5531429 0.03622575 -0.8322984 42.00971 -0.03132646 0.999252 0.02267294 107.705 0.8324972 0.01353158 0.553864 -112.0049 0 0 0 1
82 0 0.5518399 0.03546153 -0.8331959 42.93412 -0.03047716 0.9992857 0.02234492 107.6816 0.833393 0.01306263 0.5525265 -113.0844 0 0 0 1
82 1 0.5518399 0.03546153 -0.8331959 42.4014 -0.03047716 0.9992857 0.02234492 107.6816 0.833393 0.01306263 0.5525265 -113.0844 0 0 0 1
83 0 0.5504251 0.0349642 -0.8341522 43.39379 -0.02959464 0.9993119 0.02235863 107.6214 0.8343599 0.01237968 0.5510811 -114.2693 0 0 0 1
83 1 0.5504251 0.0349642 -0.8341522 42.86106 -0.02959464 0.9993119 0.02235863 107.6214 0.8343599 0.01237968 0.5510811 -114.2693 0 0 0 1
84 0 0.5492265 0.03503429 -0.8349389 43.85043 -0.02930944 0.9993137 0.02265164 107.5748 0.8351594 0.01203071 0.5498763 -115.3058 0 0 0 1
84 1 0.5492265 0.03503429 -0.8349389 43.3177 -0.02930944 0.9993137 0.02265164 107.5748 0.8351594 0.01203071 0.5498763 -115.3058 0 0 0 1
85 0 0.5480958 0.03470553 -0.8356953 44.28451 -0.0290781 0.9993255 0.02242987 107.5833 0.83591 0.01200671 0.5487353 -116.4021 0 0 0 1
85 1 0.5480958 0.03470553 -0.8356953 43.75177 -0.0290781 0.9993255 0.02242987 107.5833 0.83591 0.01200671 0.5487353 -116.4021 0 0 0 1
86 0 0.54699 0.03537213 -0.8363914 44.78444 -0.0293008 0.9993037 0.02309953 107.5344 0.8366262 0.01187172 0.5476456 -117.3954 0 0 0 1
86 1 0.54699 0.03537213 -0.8363914 44.25172 -0.0293008 0.9993037 0.02309953 107.5344 0.8366262 0.01187172 0.5476456 -117.3954 0 0 0 1
87 0 0.5461602 0.0355772 -0.836925 45.19561 -0.0289587 0.9993024 0.02358191 107.462 0.8371801 0.01135675 0.5468094 -118.4298 0 0 0 1
87 1 0.5461602 0.0355772 -0.836925 44.66287 -0.0289587 0.9993024 0.02358191 107.462 0.8371801 0.01135675 0.5468094 -118.4298 0 0 0 1
88 0 0.5450764 0.03561687 -0.8376296 45.65361 -0.0295409 0.9992927 0.02326761 107.5404 0.8378658 0.01206171 0.545743 -119.4147 0 0 0 1
88 1 0.5450764 0.03561687 -0.8376296 45.12087 -0.0295409 0.9992927 0.02326761 107.5404 0.8378658 0.01206171 0.545743 -119.4147 0 0 0 1
89 0 0.5442119 0.03543442 -0.8381992 46.02673 -0.03051134 0.9992826 0.02243424 107.7033 0.8383928 0.0133656 0.5449026 -120.2349 0 0 0 1
89 1 0.5442119 0.03543442 -0.8381992 45.494 -0.03051134 0.9992826 0.02243424 107.7033 0.8383928 0.0133656 0.5449026 -120.2349 0 0 0 1
90 0 0.5431562 0.03506918 -0.838899 46.4339 -0.03114735 0.9992812 0.021607 107.8431 0.8390538 0.0143935 0.5438581 -121.1639 0 0 0 1
90 1 0.5431562 0.03506918 -0.838899 45.90118 -0.03114735 0.9992812 0.021607 107.8431 0.8390538 0.0143935 0.5438581 -121.1639 0 0 0 1
91 0 0.5423009 0.03429563 -0.8394841 46.7386 -0.03084522 0.9993057 0.02089907 107.8997 0.839618 0.01456049 0.5429822 -122.0879 0 0 0 1
91 1 0.5423009 0.03429563 -0.8394841 46.20588 -0.03084522 0.9993057 0.02089907 107.8997 0.839618 0.01456049 0.5429822 -122.0879 0 0 0 1
92 0 0.5415245 0.03403194 -0.8399958 47.08308 -0.03048608 0.9993181 0.02083316 107.8841 0.8401319 0.01432651 0.5421928 -123.0497 0 0 0 1
92 1 0.5415245 0.03403194 -0.8399958 46.55035 -0.03048608 0.9993181 0.02083316 107.8841 0.8401319 0.01432651 0.5421928 -123.0497 0 0 0 1
93 0 0.5405862 0.03462411 -0.8405759 47.56403 -0.02974886 0.9993146 0.0220308 107.7036 0.8407626 0.01309662 0.5412457 -124.2003 0 0 0 1
93 1 0.5405862 0.03462411 -0.8405759 47.0313 -0.02974886 0.9993146 0.0220308 107.7036 0.8407626 0.01309662 0.5412457 -124.2003 0 0 0 1
94 0 0.5398251 0.03496243 -0.8410508 47.97243 -0.02883025 0.9993188 0.02303704 107.5256 0.8412834 0.01181172 0.5404654 -125.2632 0 0 0 1
94 1 0.5398251 0.03496243 -0.8410508 47.43971 -0.02883025 0.9993188 0.02303704 107.5256 0.8412834 0.01181172 0.5404654 -125.2632 0 0 0 1
95 0 0.5388153 0.03519636 -0.8416885 48.42794 -0.02874103 0.9993132 0.0233888 107.4829 0.8419335 0.01158874 0.5394568 -126.2936 0 0 0 1
95 1 0.5388153 0.03519636 -0.8416885 47.89522 -0.02874103 0.9993132 0.0233888 107.4829 0.8419335 0.01158874 0.5394568 -126.2936 0 0 0 1
96 0 0.5381224 0.03543618 -0.8421214 48.80992 -0.02889325 0.9993042 0.02358736 107.4757 0.8423713 0.01163874 0.5387719 -127.2111 0 0 0 1
96 1 0.5381224 0.03543618 -0.8421214 48.27719 -0.02889325 0.9993042 0.02358736 107.4757 0.8423713 0.01163874 0.5387719 -127.2111 0 0 0 1
97 0 0.5373566 0.03618363 -0.8425786 49.25446 -0.02930807 0.9992769 0.02422157 107.4418 0.8428457 0.01167873 0.5380285 -128.1233 0 0 0 1
97 1 0.5373566 0.03618363 -0.8425786 48.72174 -0.02930807 0.9992769 0.02422157 107.4418 0.8428457 0.01167873 0.5380285 -128.1233 0 0 0 1
98 0 0.5366366 0.03672745 -0.8430138 49.69648 -0.02914867 0.9992629 0.02497958 107.3466 0.8433099 0.01116777 0.5373116 -129.1876 0 0 0 1
98 1 0.5366366 0.03672745 -0.8430138 49.16375 -0.02914867 0.9992629 0.02497958 107.3466 0.8433099 0.01116777 0.5373116 -129.1876 0 0 0 1
99 0 0.5359873 0.03673683 -0.8434264 50.04885 -0.02830113 0.9992731 0.02553996 107.2149 0.8437516 0.01018082 0.5366374 -130.2068 0 0 0 1
99 1 0.5359873 0.03673683 -0.8434264 49.51612 -0.02830113 0.9992731 0.02553996 107.2149 0.8437516 0.01018082 0.5366374 -130.2068 0 0 0 1
100 0 0.5351965 0.036768 -0.843927 50.44731 -0.02783854 0.9992773 0.02588179 107.1382 0.8442687 0.00964185 0.5358334 -131.2586 0 0 0 1
100 1 0.5351965 0.036768 -0.843927 49.91459 -0.02783854 0.9992773 0.02588179 107.1382 0.8442687 0.00964185 0.5358334 -131.2586 0 0 0 1
101 0 0.5346861 0.03697089 -0.8442417 50.79566 -0.02784372 0.9992708 0.02612556 107.1109 0.8445919 0.009537855 0.5353256 -132.1814 0 0 0 1
101 1 0.5346861 0.03697089 -0.8442417 50.26294 -0.02784372 0.9992708 0.02612556 107.1109 0.8445919 0.009537855 0.5353256 -132.1814 0 0 0 1
102 0 0.5342468 0.0369579 -0.8445203 51.10868 -0.02783501 0.9992712 0.02612158 107.1105 0.8448702 0.009551857 0.5348862 -133.0919 0 0 0 1
102 1 0.5342468 0.0369579 -0.8445203 50.57596 -0.02783501 0.9992712 0.02612158 107.1105 0.8448702 0.009551857 0.5348862 -133.092 0 0 0 1
103 0 0.5338964 0.03615974 -0.8447763 51.35352 -0.02669599 0.9993079 0.02590249 107.0376 0.8451284 0.008722889 0.5344923 -134.1827 0 0 0 1
103 1 0.5338964 0.03615974 -0.8447763 50.82079 -0.02669599 0.9993079 0.02590249 107.0376 0.8451284 0.008722889 0.5344923 -134.1827 0 0 0 1
104 0 0.5333341 0.03588304 -0.8451433 51.66019 -0.02623304 0.9993209 0.02587454 107 0.8454978 0.008370902 0.5339133 -135.1132 0 0 0 1
104 1 0.5333341 0.03588304 -0.8451433 51.12746 -0.02623304 0.9993209 0.02587454 106.9999 0.8454978 0.008370902 0.5339133 -135.1132 0 0 0 1
105 0 0.5329708 0.03536502 -0.8453943 51.93226 -0.02692012 0.9993291 0.02483298 107.1802 0.8457053 0.009522857 0.5335652 -135.9731 0 0 0 1
105 1 0.5329708 0.03536502 -0.8453943 51.39954 -0.02692012 0.9993291 0.02483298 107.1802 0.8457053 0.009522857 0.5335652 -135.9731 0 0 0 1
106 0 0.5321687 0.03469758 -0.8459271 52.23295 -0.02853035 0.9993274 0.02304133 107.5315 0.8461575 0.01187272 0.5328007 -136.5783 0 0 0 1
106 1 0.5321687 0.03469758 -0.8459271 51.70022 -0.02853035 0.9993274 0.02304133 107.5315 0.8461575 0.01187272 0.5328007 -136.5783 0 0 0 1
107 0 0.5312781 0.03470104 -0.8464866 52.61562 -0.02958558 0.9993113 0.02239725 107.7029 0.8466808 0.01314462 0.5319389 -137.2841 0 0 0 1
107 1 0.5312781 0.03470104 -0.8464866 52.0829 -0.02958558 0.9993113 0.02239725 107.7029 0.8466808 0.01314462 0.5319389 -137.2841 0 0 0 1
108 0 0.5302792 0.03564083 -0.8470736 53.13032 -0.03100136 0.999263 0.02263697 107.8044 0.8472561 0.01425652 0.5309932 -138.0804 0 0 0 1
108 1 0.5302792 0.03564083 -0.8470736 52.5976 -0.03100136 0.999263 0.02263697 107.8044 0.8472561 0.01425652 0.5309932 -138.0804 0 0 0 1
109 0 0.5292544 0.0365009 -0.8476777 53.61483 -0.03188669 0.9992241 0.02311775 107.8307 0.8478638 0.01479446 0.5300077 -138.8338 0 0 0 1
109 1 0.5292544 0.0365009 -0.8476777 53.08211 -0.03188669 0.9992241 0.02311775 107.8306 0.8478638 0.01479446 0.5300077 -138.8338 0 0 0 1
110 0 0.52809 0.03733576 -0.8483673 54.13603 -0.03300678 0.9991806 0.02342689 107.8995 0.8485467 0.01563036 0.5288896 -139.617 0 0 0 1
110 1 0.52809 0.03733576 -0.8483673 53.6033 -0.03300678 0.9991806 0.02342689 107.8995 0.8485467 0.01563036 0.5288896 -139.617 0 0 0 1
111 0 0.5270839 0.03842811 -0.848944 54.63453 -0.03317555 0.999146 0.02462941 107.7749 0.8491655 0.01518242 0.5279087 -140.4472 0 0 0 1
111 1 0.5270839 0.03842811 -0.848944 54.1018 -0.03317555 0.999146 0.02462941 107.7749 0.8491655 0.01518242 0.5279087 -140.4472 0 0 0 1
112 0 0.5261693 0.03903252 -0.8494836 55.06574 -0.03356059 0.999121 0.02512074 107.7546 0.8497174 0.0152914 0.5270168 -141.2077 0 0 0 1
112 1 0.5261693 0.03903252 -0.8494836 54.53302 -0.03356059 0.999121 0.02512074 107.7546 0.8497174 0.0152914 0.5270168 -141.2077 0 0 0 1
113 0 0.5251669 0.04045195 -0.8500373 55.61329 -0.0346572 0.9990575 0.02613181 107.7363 0.8502933 0.01573635 0.5260739 -141.9937 0 0 0 1
113 1 0.5251669 0.04045195 -0.8500373 55.08057 -0.0346572 0.9990575 0.02613181 107.7363 0.8502933 0.01573635 0.5260739 -141.9937 0 0 0 1
114 0 0.5245845 0.04077943 -0.8503812 55.95756 -0.03509425 0.9990389 0.02625921 107.7649 0.8506348 0.01606831 0.5255115 -142.7171 0 0 0 1
114 1 0.5245845 0.04077943 -0.8503812 55.42485 -0.03509425 0.9990389 0.02625921 107.7649 0.8506348 0.01606831 0.5255115 -142.7171 0 0 0 1
115 0 0.5238085 0.04049243 -0.8508732 56.29223 -0.03525511 0.9990442 0.02584029 107.8357 0.8511062 0.01646226 0.5247355 -143.4808 0 0 0 1
115 1 0.5238085 0.04049243 -0.8508732 55.75951 -0.03525511 0.9990442 0.02584029 107.8357 0.8511062 0.01646226 0.5247355 -143.4808 0 0 0 1
116 0 0.5231937 0.03998701 -0.8512752 56.55194 -0.03485106 0.9990669 0.02550979 107.843 0.851501 0.01632128 0.5240991 -144.214 0 0 0 1
116 1 0.5231937 0.03998701 -0.8512752 56.0192 -0.03485106 0.9990669 0.02550979 107.843 0.851501 0.01632128 0.5240991 -144.214 0 0 0 1
117 0 0.5226065 0.04002919 -0.8516337 56.85848 -0.03455632 0.9990709 0.02575362 107.7891 0.8518733 0.01597032 0.5235043 -144.9548 0 0 0 1
117 1 0.5226065 0.04002919 -0.8516337 56.32576 -0.03455632 0.9990709 0.02575362 107.7891 0.8518733 0.01597032 0.5235043 -144.9548 0 0 0 1
118 0 0.5220183 0.03929899 -0.8520285 57.09955 -0.03398139 0.9991031 0.02526304 107.8002 0.8522571 0.01576535 0.5228856 -145.7271 0 0 0 1
118 1 0.5220183 0.03929899 -0.8520285 56.56683 -0.03398139 0.9991031 0.02526304 107.8002 0.8522571 0.01576535 0.5228856 -145.7271 0 0 0 1
119 0 0.5212808 0.03883355 -0.8525012 57.37353 -0.03351568 0.999125 0.02501872 107.7901 0.8527268 0.01553038 0.5221263 -146.4076 0 0 0 1
119 1 0.5212808 0.03883355 -0.8525012 56.8408 -0.03351568 0.999125 0.02501872 107.7901 0.8527268 0.01553038 0.5221263 -146.4076 0 0 0 1
120 0 0.5205203 0.03809531 -0.8529991 57.63566 -0.0329219 0.9991568 0.02453305 107.7981 0.8532144 0.0153124 0.5213355 -147.1296 0 0 0 1
120 1 0.5205203 0.03809531 -0.8529991 57.10294 -0.0329219 0.9991568 0.02453305 107.7982 0.8532144 0.0153124 0.5213355 -147.1296 0 0 0 1
121 0 0.5198174 0.03818823 -0.8534235 57.9535 -0.03295865 0.9991531 0.0246342 107.792 0.8536415 0.0153224 0.5206357 -147.7464 0 0 0 1
121 1 0.5198174 0.03818823 -0.8534235 57.42077 -0.03295865 0.9991531 0.0246342 107.792 0.8536415 0.0153224 0.5206357 -147.7464 0 0 0 1
122 0 0.5192144 0.03789434 -0.8538035 58.20638 -0.03298225 0.9991608 0.02428859 107.8411 0.8540074 0.01554937 0.5200285 -148.3232 0 0 0 1
122 1 0.5192144 0.03789434 -0.8538035 57.67366 -0.03298225 0.9991608 0.02428859 107.8411 0.8540074 0.01554937 0.5200285 -148.3232 0 0 0 1
123 0 0.5183164 0.03802786 -0.8543431 58.57056 -0.03354858 0.999146 0.02411982 107.9209 0.8545307 0.0161603 0.5191495 -148.8848 0 0 0 1
123 1 0.5183164 0.03802786 -0.8543431 58.03783 -0.03354858 0.999146 0.02411982 107.9209 0.8545307 0.0161603 0.5191495 -148.8848 0 0 0 1
124 0 0.5174711 0.0370926 -0.8548964 58.79435 -0.03309594 0.9991801 0.02331978 107.9823 0.8550605 0.01622629 0.5182744 -149.4233 0 0 0 1
124 1 0.5174711 0.0370926 -0.8548964 58.26163 -0.03309594 0.9991801 0.02331978 107.9823 0.8550605 0.01622629 0.5182744 -149.4233 0 0 0 1
125 0 0.5159474 0.0376258 -0.8557935 59.2988 -0.03382441 0.9991506 0.02353631 108.0295 0.8559522 0.01680321 0.5167818 -149.9081 0 0 0 1
125 1 0.5159474 0.0376258 -0.8557935 58.76607 -0.03382441 0.9991506 0.02353631 108.0295 0.8559522 0.01680321 0.5167818 -149.9081 0 0 0 1
126 0 0.5148481 0.03771954 -0.8564513 59.65865 -0.03407829 0.9991424 0.02351804 108.0604 0.8566039 0.01707817 0.515692 -150.3707 0 0 0 1
126 1 0.5148481 0.03771954 -0.8564513 59.12593 -0.03407829 0.9991424 0.02351804 108.0604 0.8566039 0.01707817 0.515692 -150.3707 0 0 0 1
127 0 0.5136426 0.03708437 -0.8572025 59.97635 -0.0333294 0.9991738 0.0232551 108.0246 0.8573567 0.01662523 0.5144542 -150.9458 0 0 0 1
127 1 0.5136426 0.03708437 -0.8572025 59.44363 -0.0333294 0.9991738 0.0232551 108.0246 0.8573567 0.01662523 0.5144542 -150.9458 0 0 0 1
128 0 0.5126802 0.03595477 -0.8578265 60.18174 -0.03200154 0.9992287 0.02275574 107.9611 0.857983 0.01578535 0.5134355 -151.5087 0 0 0 1
128 1 0.5126802 0.03595477 -0.8578265 59.64902 -0.03200154 0.9992287 0.02275574 107.9611 0.857983 0.01578535 0.5134355 -151.5087 0 0 0 1
129 0 0.5116015 0.03618428 -0.8584606 60.5427 -0.03100974 0.9992396 0.02363782 107.7509 0.8586631 0.01452749 0.5123345 -152.1048 0 0 0 1
129 1 0.5116015 0.03618428 -0.8584606 60.00997 -0.03100974 0.9992396 0.02363782 107.7509 0.8586631 0.01452749 0.5123345 -152.1049 0 0 0 1
130 0 0.5106381 0.03717039 -0.8589919 60.9698 -0.03000563 0.9992269 0.02540144 107.4233 0.8592721 0.01280365 0.5113587 -152.8075 0 0 0 1
130 1 0.5106381 0.03717039 -0.8589919 60.43708 -0.03000563 0.9992269 0.02540144 107.4233 0.8592721 0.01280365 0.5113587 -152.8075 0 0 0 1
131 0 0.5097491 0.03724971 -0.8595163 61.27562 -0.02930315 0.9992343 0.02592613 107.2855 0.8598239 0.01197072 0.5104502 -153.3612 0 0 0 1
131 1 0.5097491 0.03724971 -0.8595163 60.7429 -0.02930315 0.9992343 0.02592613 107.2855 0.8598239 0.01197072 0.5104502 -153.3612 0 0 0 1
132 0 0.5084664 0.03713588 -0.8602806 61.64798 -0.02903333 0.9992409 0.02597434 107.2531 0.8605921 0.01176973 0.5091586 -153.8714 0 0 0 1
132 1 0.5084664 0.03713588 -0.8602806 61.11525 -0.02903333 0.9992409 0.02597434 107.2531 0.8605921 0.01176973 0.5091586 -153.8714 0 0 0 1
133 0 0.5074632 0.03639165 -0.8609046 61.89253 -0.02816769 0.9992744 0.0256372 107.2106 0.8612128 0.01123976 0.5081201 -154.3775 0 0 0 1
133 1 0.5074632 0.03639165 -0.8609046 61.3598 -0.02816769 0.9992744 0.0256372 107.2106 0.8612128 0.01123976 0.5081201 -154.3775 0 0 0 1
134 0 0.5067038 0.036142 -0.8613623 62.14673 -0.02768372 0.9992877 0.02564404 107.161 0.8616756 0.01085179 0.5073434 -154.887 0 0 0 1
134 1 0.5067038 0.036142 -0.8613623 61.61401 -0.02768372 0.9992877 0.02564404 107.161 0.8616756 0.01085179 0.5073434 -154.887 0 0 0 1
135 0 0.5057412 0.03602703 -0.8619328 62.46198 -0.02771327 0.9992904 0.02550748 107.1828 0.8622401 0.01098678 0.5063807 -155.3726 0 0 0 1
135 1 0.5057412 0.03602703 -0.8619328 61.92924 -0.02771327 0.9992904 0.02550748 107.1828 0.8622401 0.01098678 0.5063807 -155.3726 0 0 0 1
136 0 0.5047498 0.03617197 -0.8625075 62.79451 -0.027645 0.9992866 0.02573005 107.1469 0.8628229 0.01085679 0.5053897 -155.831 0 0 0 1
136 1 0.5047498 0.03617197 -0.8625075 62.26179 -0.027645 0.9992866 0.02573005 107.1469 0.8628229 0.01085679 0.5053897 -155.831 0 0 0 1
137 0 0.5039225 0.03583849 -0.863005 63.06039 -0.02681347 0.9993064 0.02584193 107.0468 0.8633326 0.01011783 0.5045339 -156.4101 0 0 0 1
137 1 0.5039225 0.03583849 -0.863005 62.52767 -0.02681347 0.9993064 0.02584193 107.0468 0.8633326 0.01011783 0.5045339 -156.4101 0 0 0 1
138 0 0.5032394 0.03506297 -0.8634355 63.24421 -0.0265073 0.9993327 0.02513222 107.1101 0.8637404 0.01023982 0.5038329 -156.8554 0 0 0 1
138 1 0.5032394 0.03506297 -0.8634355 62.71148 -0.0265073 0.9993327 0.02513222 107.1101 0.8637404 0.01023982 0.5038329 -156.8554 0 0 0 1
139 0 0.5024014 0.03513095 -0.8639205 63.5414 -0.02646957 0.9993308 0.02524432 107.0916 0.8642293 0.01018482 0.5029951 -157.308 0 0 0 1
139 1 0.5024014 0.03513095 -0.8639205 63.00867 -0.02646957 0.9993308 0.02524432 107.0916 0.8642293 0.01018482 0.5029951 -157.308 0 0 0 1
140 0 0.5015613 0.03582273 -0.8643802 63.9164 -0.02616199 0.9993134 0.02623417 106.9267 0.8647265 0.009455861 0.5021541 -157.8822 0 0 0 1
140 1 0.5015613 0.03582273 -0.8643802 63.38367 -0.02616199 0.9993134 0.02623417 106.9267 0.8647265 0.009455861 0.5021541 -157.8822 0 0 0 1
141 0 0.5008303 0.03633456 -0.8647825 64.23791 -0.02591972 0.9993 0.02697527 106.8012 0.8651573 0.008904882 0.5014215 -158.3915 0 0 0 1
141 1 0.5008303 0.03633456 -0.8647825 63.70518 -0.02591972 0.9993 0.02697527 106.8012 0.8651573 0.008904882 0.5014215 -158.3915 0 0 0 1
142 0 0.5000283 0.03616469 -0.8652537 64.519 -0.0257905 0.9993064 0.02686336 106.8021 0.865625 0.008882883 0.5006142 -158.8864 0 0 0 1
142 1 0.5000283 0.03616469 -0.8652537 63.98627 -0.0257905 0.9993064 0.02686336 106.8021 0.865625 0.008882883 0.5006142 -158.8864 0 0 0 1
143 0 0.4993403 0.035662 -0.8656718 64.73349 -0.02559208 0.9993237 0.02640576 106.8427 0.866028 0.00896888 0.4999152 -159.3262 0 0 0 1
143 1 0.4993403 0.035662 -0.8656718 64.20078 -0.02559208 0.9993237 0.02640576 106.8427 0.866028 0.00896888 0.4999152 -159.3261 0 0 0 1
144 0 0.4987464 0.03544303 -0.8660231 64.95818 -0.02581301 0.9993278 0.02603286 106.9164 0.8663636 0.009370862 0.499326 -159.7361 0 0 0 1
144 1 0.4987464 0.03544303 -0.8660231 64.42545 -0.02581301 0.9993278 0.02603286 106.9164 0.8663636 0.009370862 0.499326 -159.7361 0 0 0 1
145 0 0.498196 0.03604555 -0.8663149 65.26945 -0.02624995 0.9993045 0.02648328 106.9013 0.866667 0.009546855 0.4987957 -160.2209 0 0 0 1
145 1 0.498196 0.03604555 -0.8663149 64.73673 -0.02624995 0.9993045 0.02648328 106.9013 0.866667 0.009546855 0.4987957 -160.2209 0 0 0 1
146 0 0.4977719 0.03731268 -0.866505 65.60873 -0.02674605 0.9992594 0.02766472 106.7924 0.8668956 0.00940486 0.4984012 -160.6976 0 0 0 1
146 1 0.4977719 0.03731268 -0.866505 65.07602 -0.02674605 0.9992594 0.02766472 106.7924 0.8668956 0.00940486 0.4984012 -160.6976 0 0 0 1
147 0 0.4973854 0.03804314 -0.8666952 65.89859 -0.02709881 0.9992318 0.02830911 106.7413 0.8671064 0.009405863 0.4980343 -161.2069 0 0 0 1
147 1 0.4973854 0.03804314 -0.8666952 65.36585 -0.02709881 0.9992318 0.02830911 106.7413 0.8671064 0.009405863 0.4980343 -161.2069 0 0 0 1
148 0 0.4969271 0.03782036 -0.8669677 66.09322 -0.02683049 0.9992418 0.02821199 106.7254 0.8673775 0.009241872 0.4975651 -161.6738 0 0 0 1
148 1 0.4969271 0.03782036 -0.8669677 65.56049 -0.02683049 0.9992418 0.02821199 106.7254 0.8673775 0.009241872 0.4975651 -161.6738 0 0 0 1
149 0 0.4967599 0.0372408 -0.8670887 66.2005 -0.02652602 0.9992637 0.02772072 106.7598 0.8674825 0.009229873 0.497382 -162.1453 0 0 0 1
149 1 0.4967599 0.0372408 -0.8670887 65.66779 -0.02652602 0.9992637 0.02772072 106.7598 0.8674825 0.009229873 0.497382 -162.1453 0 0 0 1
150 0 0.4965437 0.03784042 -0.8671865 66.4463 -0.02663439 0.9992431 0.0283522 106.6836 0.8676031 0.009018879 0.4971757 -162.6801 0 0 0 1
150 1 0.4965437 0.03784042 -0.8671865 65.91357 -0.02663439 0.9992431 0.0283522 106.6836 0.8676031 0.009018879 0.4971757 -162.6801 0 0 0 1
151 0 0.4962498 0.03858671 -0.867322 66.70908 -0.02735038 0.9992108 0.02880549 106.6976 0.867749 0.009426862 0.4969135 -163.096 0 0 0 1
151 1 0.4962498 0.03858671 -0.867322 66.17635 -0.02735038 0.9992108 0.02880549 106.6976 0.867749 0.009426862 0.4969135 -163.096 0 0 0 1
152 0 0.4959819 0.03852554 -0.8674778 66.89467 -0.0278209 0.9992074 0.02846913 106.7951 0.8678871 0.01001383 0.4966606 -163.5356 0 0 0 1
152 1 0.4959819 0.03852554 -0.8674778 66.36195 -0.0278209 0.9992074 0.02846913 106.7951 0.8678871 0.01001383 0.4966606 -163.5356 0 0 0 1
153 0 0.4956679 0.03907006 -0.8676329 67.13794 -0.02815419 0.9991854 0.02890982 106.7697 0.8680558 0.01009783 0.4963642 -163.9794 0 0 0 1
153 1 0.4956679 0.03907006 -0.8676329 66.60522 -0.02815419 0.9991854 0.02890982 106.7697 0.8680558 0.01009783 0.4963642 -163.9794 0 0 0 1
154 0 0.4954618 0.03912018 -0.8677484 67.30907 -0.02782294 0.9991875 0.02915959 106.6983 0.8681841 0.009695846 0.4961476 -164.4774 0 0 0 1
154 1 0.4954618 0.03912018 -0.8677484 66.77635 -0.02782294 0.9991875 0.02915959 106.6983 0.8681841 0.009695846 0.4961476 -164.4774 0 0 0 1
155 0 0.495135 0.03919718 -0.8679314 67.51816 -0.0276955 0.9991862 0.02932521 106.6606 0.8683745 0.009517855 0.4958176 -164.9885 0 0 0 1
155 1 0.495135 0.03919718 -0.8679314 66.98543 -0.0276955 0.9991862 0.02932521 106.6606 0.8683745 0.009517855 0.4958176 -164.9885 0 0 0 1
156 0 0.4952736 0.03917034 -0.8678535 67.61342 -0.02736099 0.9991907 0.02948362 106.601 0.868306 0.00914287 0.4959445 -165.5049 0 0 0 1
156 1 0.4952736 0.03917034 -0.8678535 67.08069 -0.02736099 0.9991907 0.02948362 106.601 0.868306 0.00914287 0.4959445 -165.5049 0 0 0 1
157 0 0.4959159 0.03949644 -0.8674719 67.66064 -0.02658253 0.9991874 0.03029683 106.3994 0.8679636 0.008034913 0.4965628 -166.1851 0 0 0 1
157 1 0.4959159 0.03949644 -0.8674719 67.12791 -0.02658253 0.9991874 0.03029683 106.3994 0.8679636 0.008034913 0.4965628 -166.1851 0 0 0 1
158 0 0.4962897 0.04017318 -0.8672271 67.78245 -0.02609257 0.9991677 0.03135312 106.1942 0.8677648 0.007067941 0.4969249 -166.7838 0 0 0 1
158 1 0.4962897 0.04017318 -0.8672271 67.24973 -0.02609257 0.9991677 0.03135312 106.1942 0.8677648 0.007067941 0.4969249 -166.7838 0 0 0 1
159 0 0.496647 0.04019015 -0.8670217 67.85307 -0.02616777 0.9991666 0.03132623 106.2044 0.8675582 0.00712994 0.4972848 -167.3171 0 0 0 1
159 1 0.496647 0.04019015 -0.8670217 67.32036 -0.02616777 0.9991666 0.03132623 106.2044 0.8675582 0.00712994 0.4972848 -167.3171 0 0 0 1
160 0 0.4970136 0.03967566 -0.8668352 67.85571 -0.02567374 0.9991892 0.03101315 106.1921 0.8673629 0.006840947 0.4976293 -167.84 0 0 0 1
160 1 0.4970136 0.03967566 -0.8668352 67.32298 -0.02567374 0.9991892 0.03101315 106.1921 0.8673629 0.006840947 0.4976293 -167.84 0 0 0 1
161 0 0.4972791 0.03896341 -0.8667153 67.85747 -0.02467722 0.9992221 0.03076171 106.1143 0.8672396 0.006090965 0.4978538 -168.4046 0 0 0 1
161 1 0.4972791 0.03896341 -0.8667153 67.32475 -0.02467722 0.9992221 0.03076171 106.1143 0.8672396 0.006090965 0.4978538 -168.4046 0 0 0 1
162 0 0.4970591 0.03910852 -0.866835 68.05116 -0.02386933 0.999222 0.03139424 105.9306 0.8673884 0.00508598 0.4976059 -169.0118 0 0 0 1
162 1 0.4970591 0.03910852 -0.866835 67.51842 -0.02386933 0.999222 0.03139424 105.9306 0.8673884 0.00508598 0.4976059 -169.0118 0 0 0 1
163 0 0.4969355 0.03947433 -0.8668893 68.23663 -0.02361651 0.9992101 0.03196172 105.8181 0.8674662 0.004589984 0.4974752 -169.5278 0 0 0 1
163 1 0.4969355 0.03947433 -0.8668893 67.7039 -0.02361651 0.9992101 0.03196172 105.8181 0.8674662 0.004589984 0.4974752 -169.5278 0 0 0 1
164 0 0.4970173 0.04004589 -0.8668162 68.41487 -0.02381839 0.9991878 0.03250425 105.7599 0.8674138 0.004490986 0.4975674 -170.0693 0 0 0 1
164 1 0.4970173 0.04004589 -0.8668162 67.88216 -0.02381839 0.9991878 0.03250425 105.76 0.8674138 0.004490986 0.4975674 -170.0693 0 0 0 1
165 0 0.4968795 0.04015576 -0.86689 68.57832 -0.02401555 0.9991826 0.03251866 105.7774 0.8674873 0.004660983 0.4974377 -170.519 0 0 0 1
165 1 0.4968795 0.04015576 -0.86689 68.04561 -0.02401555 0.9991826 0.03251866 105.7774 0.8674873 0.004660983 0.4974377 -170.519 0 0 0 1
166 0 0.4967118 0.04004296 -0.8669914 68.72667 -0.02340519 0.9991899 0.03273953 105.6729 0.8676 0.004029986 0.4972466 -171.0533 0 0 0 1
166 1 0.4967118 0.04004296 -0.8669914 68.19395 -0.02340519 0.9991899 0.03273953 105.6729 0.8676 0.004029986 0.4972466 -171.0533 0 0 0 1
167 0 0.4965644 0.04061057 -0.8670495 68.95399 -0.02328971 0.9991686 0.03346058 105.5516 0.8676875 0.003577995 0.4970974 -171.6226 0 0 0 1
167 1 0.4965644 0.04061057 -0.8670495 68.42127 -0.02328971 0.9991686 0.03346058 105.5516 0.8676875 0.003577995 0.4970974 -171.6226 0 0 0 1
168 0 0.4965907 0.04013793 -0.8670562 69.03606 -0.02319174 0.9991872 0.03297191 105.6077 0.8676749 0.00373499 0.4971179 -172.0983 0 0 0 1
168 1 0.4965907 0.04013793 -0.8670562 68.50334 -0.02319174 0.9991872 0.03297191 105.6077 0.8676749 0.00373499 0.4971179 -172.0983 0 0 0 1
169 0 0.4964548 0.04006999 -0.8671372 69.20148 -0.0231649 0.9991899 0.03290966 105.6098 0.8677534 0.00374899 0.4969808 -172.6263 0 0 0 1
169 1 0.4964548 0.04006999 -0.8671372 68.66875 -0.0231649 0.9991899 0.03290966 105.6098 0.8677534 0.00374899 0.4969808 -172.6263 0 0 0 1
170 0 0.4962106 0.04009801 -0.8672757 69.38583 -0.02294635 0.9991897 0.03306825 105.5579 0.8678989 0.003491994 0.4967287 -173.1288 0 0 0 1
170 1 0.4962106 0.04009801 -0.8672757 68.85312 -0.02294635 0.9991897 0.03306825 105.5579 0.8678989 0.003491994 0.4967287 -173.1288 0 0 0 1
171 0 0.4961176 0.03931454 -0.8673649 69.45899 -0.02307865 0.9992185 0.03209041 105.7129 0.8679487 0.00409699 0.4966372 -173.5501 0 0 0 1
171 1 0.4961176 0.03931454 -0.8673649 68.92627 -0.02307865 0.9992185 0.03209041 105.7129 0.8679487 0.00409699 0.4966372 -173.5501 0 0 0 1
172 0 0.4961082 0.0395142 -0.8673612 69.63161 -0.02404709 0.999206 0.03176631 105.8696 0.8679277 0.005097978 0.4966645 -173.9902 0 0 0 1
172 1 0.4961082 0.0395142 -0.8673612 69.09888 -0.02404709 0.999206 0.03176631 105.8696 0.8679277 0.005097978 0.4966645 -173.9902 0 0 0 1
173 0 0.4959733 0.03967891 -0.8674307 69.8112 -0.02477816 0.9991953 0.03153874 105.9856 0.8679842 0.005850967 0.4965574 -174.3953 0 0 0 1
173 1 0.4959733 0.03967891 -0.8674307 69.27846 -0.02477816 0.9991953 0.03153874 105.9856 0.8679842 0.005850967 0.4965574 -174.3953 0 0 0 1
174 0 0.4956818 0.03979364 -0.8675922 70.03033 -0.02540757 0.9991866 0.03131334 106.0899 0.8681325 0.006521952 0.4962897 -174.844 0 0 0 1
174 1 0.4956818 0.03979364 -0.8675922 69.4976 -0.02540757 0.9991866 0.03131334 106.0899 0.8681325 0.006521952 0.4962897 -174.844 0 0 0 1
175 0 0.495684 0.03948983 -0.8676047 70.13284 -0.0254643 0.9991971 0.03093099 106.1509 0.8681296 0.006760949 0.4962916 -175.3066 0 0 0 1
175 1 0.495684 0.03948983 -0.8676047 69.60012 -0.0254643 0.9991971 0.03093099 106.1509 0.8681296 0.006760949 0.4962916 -175.3066 0 0 0 1
176 0 0.4956456 0.03880635 -0.8676575 70.20454 -0.02517195 0.9992235 0.03031133 106.2064 0.8681601 0.006816947 0.4962376 -175.7821 0 0 0 1
176 1 0.4956456 0.03880635 -0.8676575 69.67181 -0.02517195 0.9992235 0.03031133 106.2064 0.8681601 0.006816947 0.4962376 -175.7821 0 0 0 1
177 0 0.4951575 0.03782498 -0.8679794 70.35567 -0.02502407 0.9992582 0.02927036 106.3413 0.8684428 0.007226937 0.4957368 -176.2355 0 0 0 1
177 1 0.4951575 0.03782498 -0.8679794 69.82294 -0.02502407 0.9992582 0.02927036 106.3413 0.8684428 0.007226937 0.4957368 -176.2355 0 0 0 1
178 0 0.4943798 0.03704958 -0.8684561 70.56963 -0.0245188 0.9992881 0.02867342 106.3687 0.8689001 0.00711794 0.4949362 -176.6682 0 0 0 1
178 1 0.4943798 0.03704958 -0.8684561 70.03691 -0.0245188 0.9992881 0.02867342 106.3687 0.8689001 0.00711794 0.4949362 -176.6682 0 0 0 1
179 0 0.4932953 0.03685488 -0.8690809 70.91594 -0.02384115 0.9992995 0.02884465 106.2609 0.8695352 0.006490952 0.4938284 -177.1786 0 0 0 1
179 1 0.4932953 0.03685488 -0.8690809 70.38321 -0.02384115 0.9992995 0.02884465 106.2609 0.8695352 0.006490952 0.4938284 -177.1786 0 0 0 1
180 0 0.4923977 0.03662014 -0.8695996 71.20424 -0.02333854 0.9993107 0.02886737 106.1958 0.8700574 0.006080962 0.4929129 -177.6281 0 0 0 1
180 1 0.4923977 0.03662014 -0.8695996 70.67151 -0.02333854 0.9993107 0.02886737 106.1958 0.8700574 0.006080962 0.4929129 -177.6281 0 0 0 1
181 0 0.4915025 0.03691698 -0.8700935 71.54845 -0.02326689 0.9993011 0.02925599 106.1271 0.8705654 0.005864967 0.4920179 -178.0564 0 0 0 1
181 1 0.4915025 0.03691698 -0.8700935 71.01573 -0.02326689 0.9993011 0.02925599 106.1271 0.8705654 0.005864967 0.4920179 -178.0564 0 0 0 1
182 0 0.4903048 0.03663449 -0.8707808 71.90695 -0.0215821 0.9993201 0.02989016 105.827 0.8712838 0.004137987 0.4907621 -178.6622 0 0 0 1
182 1 0.4903048 0.03663449 -0.8707808 71.37424 -0.0215821 0.9993201 0.02989016 105.827 0.8712838 0.004137987 0.4907621 -178.6623 0 0 0 1
183 0 0.4893537 0.03559041 -0.871359 72.12465 -0.01917922 0.9993644 0.03004775 105.5101 0.8718746 0.002007999 0.4897254 -179.2764 0 0 0 1
183 1 0.4893537 0.03559041 -0.871359 71.59192 -0.01917922 0.9993644 0.03004775 105.5101 0.8718746 0.002007999 0.4897254 -179.2764 0 0 0 1
184 0 0.4884396 0.03478896 -0.871904 72.37056 -0.01803268 0.999394 0.02977392 105.4083 0.8724114 0.001180002 0.4887709 -179.8001 0 0 0 1
184 1 0.4884396 0.03478896 -0.871904 71.83784 -0.01803268 0.999394 0.02977392 105.4084 0.8724114 0.001180002 0.4887709 -179.8001 0 0 0 1
185 0 0.4873288 0.03478795 -0.8725253 72.72586 -0.01808947 0.9993939 0.0297428 105.4161 0.8730311 0.001289001 0.4876627 -180.1631 0 0 0 1
185 1 0.4873288 0.03478795 -0.8725253 72.19315 -0.01808947 0.9993939 0.0297428 105.4161 0.8730311 0.001289001 0.4876627 -180.1631 0 0 0 1
186 0 0.4863096 0.03514764 -0.8730794 73.09852 -0.01937334 0.9993787 0.02944104 105.6149 0.8735718 0.002596998 0.4866884 -180.4068 0 0 0 1
186 1 0.4863096 0.03514764 -0.8730794 72.56579 -0.01937334 0.9993787 0.02944104 105.6149 0.8735718 0.002596998 0.4866884 -180.4068 0 0 0 1
187 0 0.4853321 0.0359799 -0.8735893 73.52605 -0.02124602 0.9993432 0.02935578 105.8532 0.8740718 0.004312988 0.4857778 -180.6565 0 0 0 1
187 1 0.4853321 0.0359799 -0.8735893 72.99332 -0.02124602 0.9993432 0.02935578 105.8532 0.8740718 0.004312988 0.4857778 -180.6565 0 0 0 1
188 0 0.484293 0.0370977 -0.874119 73.97829 -0.02367297 0.9992905 0.02929433 106.1572 0.8745856 0.006505954 0.4848276 -180.8002 0 0 0 1
188 1 0.484293 0.0370977 -0.874119 73.44557 -0.02367297 0.9992905 0.02929433 106.1572 0.8745856 0.006505954 0.4848276 -180.8002 0 0 0 1
189 0 0.4831108 0.03757667 -0.8747526 74.40999 -0.02593837 0.9992543 0.02859957 106.5389 0.8751751 0.008872888 0.4837252 -180.9538 0 0 0 1
189 1 0.4831108 0.03757667 -0.8747526 73.87724 -0.02593837 0.9992543 0.02859957 106.5389 0.8751751 0.008872888 0.4837252 -180.9538 0 0 0 1
190 0 0.4821765 0.03708069 -0.875289 74.67746 -0.02652508 0.9992637 0.0277207 106.7447 0.8756725 0.009850841 0.4828051 -181.2198 0 0 0 1
190 1 0.4821765 0.03708069 -0.875289 74.14474 -0.02652508 0.9992637 0.0277207 106.7447 0.8756725 0.009850841 0.4828051 -181.2198 0 0 0 1
191 0 0.4814938 0.03634029 -0.8756958 74.88116 -0.0260067 0.9992925 0.02716984 106.765 0.8760636 0.009691848 0.4820982 -181.666 0 0 0 1
191 1 0.4814938 0.03634029 -0.8756958 74.34843 -0.0260067 0.9992925 0.02716984 106.765 0.8760636 0.009691848 0.4820982 -181.666 0 0 0 1
192 0 0.4807326 0.03678305 -0.8760955 75.2038 -0.02600524 0.9992784 0.02768527 106.6856 0.8764816 0.009473856 0.4813423 -182.0649 0 0 0 1
192 1 0.4807326 0.03678305 -0.8760955 74.67107 -0.02600524 0.9992784 0.02768527 106.6856 0.8764816 0.009473856 0.4813423 -182.0649 0 0 0 1
193 0 0.4798865 0.03805509 -0.8765048 75.62451 -0.02661767 0.9992304 0.02881027 106.5881 0.8769267 0.009504857 0.4805301 -182.4263 0 0 0 1
193 1 0.4798865 0.03805509 -0.8765048 75.09178 -0.02661767 0.9992304 0.02881027 106.5881 0.8769267 0.009504857 0.4805301 -182.4264 0 0 0 1
194 0 0.4791995 0.03918104 -0.876831 76.00554 -0.02751975 0.9991826 0.02960839 106.5764 0.8772745 0.009941835 0.4798861 -182.7917 0 0 0 1
194 1 0.4791995 0.03918104 -0.876831 75.47282 -0.02751975 0.9991826 0.02960839 106.5764 0.8772745 0.009941835 0.4798861 -182.7917 0 0 0 1
195 0 0.4785855 0.03966757 -0.8771444 76.29395 -0.02788181 0.9991618 0.02997281 106.5648 0.8775981 0.01011183 0.4792904 -183.1392 0 0 0 1
195 1 0.4785855 0.03966757 -0.8771444 75.76123 -0.02788181 0.9991618 0.02997281 106.5648 0.8775981 0.01011183 0.4792904 -183.1392 0 0 0 1
196 0 0.4776603 0.04013975 -0.8776271 76.65836 -0.0289209 0.9991327 0.02995642 106.6963 0.8780684 0.01107277 0.4784069 -183.4088 0 0 0 1
196 1 0.4776603 0.04013975 -0.8776271 76.12565 -0.0289209 0.9991327 0.02995642 106.6963 0.8780684 0.01107277 0.4784069 -183.4088 0 0 0 1
197 0 0.4768804 0.03967066 -0.8780725 76.88393 -0.02961328 0.999139 0.02905741 106.9223 0.8784692 0.0121457 0.4776446 -183.6257 0 0 0 1
197 1 0.4768804 0.03967066 -0.8780725 76.35121 -0.02961328 0.999139 0.02905741 106.9223 0.8784692 0.0121457 0.4776446 -183.6257 0 0 0 1
198 0 0.4762651 0.039227 -0.8784264 77.07527 -0.0294628 0.9991553 0.02864414 106.9682 0.8788081 0.0122387 0.4770185 -183.9503 0 0 0 1
198 1 0.4762651 0.039227 -0.8784264 76.54254 -0.0294628 0.9991553 0.02864414 106.9682 0.8788081 0.0122387 0.4770185 -183.9503 0 0 0 1
199 0 0.4757196 0.03912737 -0.8787263 77.29128 -0.02883793 0.9991668 0.02887817 106.8542 0.8791241 0.01160274 0.4764516 -184.3888 0 0 0 1
199 1 0.4757196 0.03912737 -0.8787263 76.75853 -0.02883793 0.9991668 0.02887817 106.8542 0.8791241 0.01160274 0.4764516 -184.3888 0 0 0 1
200 0 0.4751968 0.03962816 -0.8789868 77.55235 -0.02865016 0.9991524 0.02955689 106.7251 0.8794131 0.01113777 0.4759293 -184.7695 0 0 0 1
200 1 0.4751968 0.03962816 -0.8789868 77.01962 -0.02865016 0.9991524 0.02955689 106.7251 0.8794131 0.01113777 0.4759293 -184.7695 0 0 0 1
201 0 0.4744521 0.03943148 -0.8793977 77.80109 -0.02821983 0.9991641 0.02957656 106.668 0.8798289 0.01078379 0.4751683 -185.1507 0 0 0 1
201 1 0.4744521 0.03943148 -0.8793977 77.26837 -0.02821983 0.9991641 0.02957656 106.668 0.8798289 0.01078379 0.4751683 -185.1506 0 0 0 1
202 0 0.47384 0.04030507 -0.8796881 78.11875 -0.02791409 0.9991375 0.03074214 106.4467 0.8801684 0.009988834 0.4745564 -185.5512 0 0 0 1
202 1 0.47384 0.04030507 -0.8796881 77.58604 -0.02791409 0.9991375 0.03074214 106.4467 0.8801684 0.009988834 0.4745564 -185.5512 0 0 0 1
203 0 0.4734551 0.04111961 -0.8798577 78.37924 -0.02773938 0.9991103 0.03176613 106.2634 0.8803811 0.009366866 0.4741746 -185.9473 0 0 0 1
203 1 0.4734551 0.04111961 -0.8798577 77.84651 -0.02773938 0.9991103 0.03176613 106.2634 0.8803811 0.009366866 0.4741746 -185.9473 0 0 0 1
204 0 0.4726039 0.0415121 -0.8802967 78.70714 -0.02820943 0.9990907 0.0319693 106.2902 0.8808234 0.009723849 0.4733452 -186.23 0 0 0 1
204 1 0.4726039 0.0415121 -0.8802967 78.17441 -0.02820943 0.9990907 0.0319693 106.2902 0.8808234 0.009723849 0.4733452 -186.23 0 0 0 1
205 0 0.4719702 0.04175886 -0.880625 78.96206 -0.02836232 0.9990798 0.03217517 106.2767 0.8811582 0.009790843 0.4727202 -186.5226 0 0 0 1
205 1 0.4719702 0.04175886 -0.880625 78.42933 -0.02836232 0.9990798 0.03217517 106.2766 0.8811582 0.009790843 0.4727202 -186.5226 0 0 0 1
206 0 0.4712009 0.04246513 -0.8810031 79.30338 -0.02880218 0.9990485 0.03275029 106.2411 0.8815556 0.009942837 0.4719756 -186.8298 0 0 0 1
206 1 0.4712009 0.04246513 -0.8810031 78.77068 -0.02880218 0.9990485 0.03275029 106.2411 0.8815556 0.009942837 0.4719756 -186.8298 0 0 0 1
207 0 0.4706335 0.04255787 -0.8813019 79.53175 -0.02917528 0.9990405 0.03266323 106.3018 0.8818464 0.01033981 0.4714236 -187.089 0 0 0 1
207 1 0.4706335 0.04255787 -0.8813019 78.99901 -0.02917528 0.9990405 0.03266323 106.3018 0.8818464 0.01033981 0.4714236 -187.089 0 0 0 1
208 0 0.4698622 0.04198029 -0.881741 79.73672 -0.02912698 0.9990619 0.03204483 106.393 0.8822591 0.0106258 0.4706442 -187.3361 0 0 0 1
208 1 0.4698622 0.04198029 -0.881741 79.204 -0.02912698 0.9990619 0.03204483 106.393 0.8822591 0.0106258 0.4706442 -187.3361 0 0 0 1
209 0 0.4690467 0.04138175 -0.8822033 79.95877 -0.02899505 0.9990847 0.03144835 106.4703 0.8826972 0.01082879 0.4698172 -187.6169 0 0 0 1
209 1 0.4690467 0.04138175 -0.8822033 79.42604 -0.02899505 0.9990847 0.03144835 106.4703 0.8826972 0.01082879 0.4698172 -187.6169 0 0 0 1
210 0 0.4684264 0.04204508 -0.8825015 80.25597 -0.02938982 0.9990557 0.03199815 106.4332 0.8830135 0.01094778 0.4692197 -187.8935 0 0 0 1
210 1 0.4684264 0.04204508 -0.8825015 79.72325 -0.02938982 0.9990557 0.03199815 106.4331 0.8830135 0.01094778 0.4692197 -187.8935 0 0 0 1
211 0 0.4674088 0.04255969 -0.8830163 80.63528 -0.02939879 0.9990363 0.03258992 106.3395 0.8835524 0.0107268 0.4682096 -188.2058 0 0 0 1
211 1 0.4674088 0.04255969 -0.8830163 80.10257 -0.02939879 0.9990363 0.03258992 106.3395 0.8835524 0.0107268 0.4682096 -188.2058 0 0 0 1
212 0 0.4667832 0.04301821 -0.8833249 80.91153 -0.02751752 0.9990391 0.03411221 105.8535 0.8839436 0.008383901 0.4675184 -188.7465 0 0 0 1
212 1 0.4667832 0.04301821 -0.8833249 80.37881 -0.02751752 0.9990391 0.03411221 105.8535 0.8839436 0.008383901 0.4675184 -188.7465 0 0 0 1
213 0 0.4661034 0.04309477 -0.8836801 81.16721 -0.02576029 0.9990506 0.03513363 105.4612 0.8843552 0.006387955 0.466771 -189.2519 0 0 0 1
213 1 0.4661034 0.04309477 -0.8836801 80.63448 -0.02576029 0.9990506 0.03513363 105.4612 0.8843552 0.006387955 0.466771 -189.2519 0 0 0 1
214 0 0.4651924 0.04279136 -0.8841747 81.44393 -0.02449843 0.9990707 0.03546257 105.2423 0.8848705 0.005163978 0.4658084 -189.7016 0 0 0 1
214 1 0.4651924 0.04279136 -0.8841747 80.91119 -0.02449843 0.9990707 0.03546257 105.2423 0.8848705 0.005163978 0.4658084 -189.7016 0 0 0 1
215 0 0.4643714 0.0420611 -0.8846412 81.65863 -0.02381347 0.9991034 0.035003 105.2242 0.8853203 0.004811984 0.4649568 -190.0434 0 0 0 1
215 1 0.4643714 0.0420611 -0.8846412 81.1259 -0.02381347 0.9991034 0.035003 105.2242 0.8853203 0.004811984 0.4649568 -190.0434 0 0 0 1
216 0 0.4635908 0.04272538 -0.8850187 82.01293 -0.0245551 0.9990726 0.03536902 105.2591 0.885709 0.005334975 0.46421 -190.3505 0 0 0 1
216 1 0.4635908 0.04272538 -0.8850187 81.48022 -0.0245551 0.9990726 0.03536902 105.2591 0.885709 0.005334975 0.46421 -190.3505 0 0 0 1
217 0 0.4627474 0.04315901 -0.885439 82.35232 -0.02457188 0.9990548 0.03585526 105.1801 0.8861496 0.005164976 0.4633706 -190.6975 0 0 0 1
217 1 0.4627474 0.04315901 -0.885439 81.8196 -0.02457188 0.9990548 0.03585526 105.1801 0.8861496 0.005164976 0.4633706 -190.6975 0 0 0 1
218 0 0.4618868 0.04342985 -0.8858749 82.67948 -0.02429867 0.9990451 0.0363089 105.0681 0.8866059 0.004754983 0.4625011 -191.0767 0 0 0 1
218 1 0.4618868 0.04342985 -0.8858749 82.14676 -0.02429867 0.9990451 0.0363089 105.0681 0.8866059 0.004754983 0.4625011 -191.0767 0 0 0 1
219 0 0.4610948 0.04242691 -0.8863361 82.88629 -0.02321904 0.9990911 0.0357451 105.0137 0.8870472 0.004097987 0.4616609 -191.5373 0 0 0 1
219 1 0.4610948 0.04242691 -0.8863361 82.35356 -0.02321904 0.9990911 0.0357451 105.0137 0.8870472 0.004097987 0.4616609 -191.5373 0 0 0 1
220 0 0.4604871 0.04184655 -0.8866795 83.08701 -0.02223553 0.9991185 0.0356053 104.903 0.8873879 0.003319997 0.4610117 -191.9989 0 0 0 1
220 1 0.4604871 0.04184655 -0.8866795 82.55428 -0.02223553 0.9991185 0.0356053 104.903 0.8873879 0.003319997 0.4610117 -191.9989 0 0 0 1
221 0 0.45958 0.04172571 -0.8871557 83.41171 -0.02175951 0.9991249 0.03571973 104.8171 0.8878698 0.002887996 0.4600857 -192.4556 0 0 0 1
221 1 0.45958 0.04172571 -0.8871557 82.879 -0.02175951 0.9991249 0.03571973 104.8171 0.8878698 0.002887996 0.4600857 -192.4556 0 0 0 1
222 0 0.4588484 0.04279372 -0.8874835 83.80332 -0.02240731 0.9990791 0.0365897 104.7574 0.888232 0.003096996 0.4593847 -192.8296 0 0 0 1
222 1 0.4588484 0.04279372 -0.8874835 83.27061 -0.02240731 0.9990791 0.0365897 104.7574 0.888232 0.003096996 0.4593847 -192.8296 0 0 0 1
223 0 0.4581507 0.04353101 -0.887808 84.15486 -0.02288545 0.9990467 0.0371753 104.7214 0.8885799 0.003285998 0.4587101 -193.2171 0 0 0 1
223 1 0.4581507 0.04353101 -0.887808 83.62213 -0.02288545 0.9990467 0.0371753 104.7214 0.8885799 0.003285998 0.4587101 -193.2171 0 0 0 1
224 0 0.457507 0.04504052 -0.8880646 84.58786 -0.02351836 0.9989799 0.03854985 104.5761 0.888895 0.003248997 0.4580995 -193.692 0 0 0 1
224 1 0.457507 0.04504052 -0.8880646 84.05511 -0.02351836 0.9989799 0.03854985 104.5761 0.888895 0.003248997 0.4580995 -193.692 0 0 0 1
225 0 0.4570419 0.0447658 -0.8883179 84.79779 -0.02337487 0.9989922 0.03831667 104.5907 0.889138 0.003251992 0.4576277 -194.137 0 0 0 1
225 1 0.4570419 0.0447658 -0.8883179 84.26508 -0.02337487 0.9989922 0.03831667 104.5907 0.889138 0.003251992 0.4576277 -194.137 0 0 0 1
226 0 0.4566283 0.04393352 -0.8885722 84.96169 -0.02356778 0.9990268 0.03728347 104.7815 0.8893454 0.003916988 0.4572194 -194.574 0 0 0 1
226 1 0.4566283 0.04393352 -0.8885722 84.42894 -0.02356778 0.9990268 0.03728347 104.7815 0.8893454 0.003916988 0.4572194 -194.574 0 0 0 1
227 0 0.4563807 0.04298836 -0.8887455 85.06305 -0.02342386 0.9990665 0.03629614 104.9206 0.8894762 0.004252987 0.4569617 -195.0164 0 0 0 1
227 1 0.4563807 0.04298836 -0.8887455 84.53033 -0.02342386 0.9990665 0.03629614 104.9206 0.8894762 0.004252987 0.4569617 -195.0164 0 0 0 1
228 0 0.4561548 0.04338395 -0.8888423 85.3121 -0.02377638 0.9990485 0.036561 104.9199 0.8895828 0.004455982 0.4567523 -195.5332 0 0 0 1
228 1 0.4561548 0.04338395 -0.8888423 84.77938 -0.02377638 0.9990485 0.036561 104.92 0.8895828 0.004455982 0.4567523 -195.5332 0 0 0 1
229 0 0.4559283 0.04500536 -0.8888779 85.66503 -0.02444368 0.9989771 0.03804208 104.761 0.8896807 0.004382983 0.4565621 -196.0353 0 0 0 1
229 1 0.4559283 0.04500536 -0.8888779 85.13231 -0.02444368 0.9989771 0.03804208 104.761 0.8896807 0.004382983 0.4565621 -196.0353 0 0 0 1
230 0 0.4556936 0.04476564 -0.8890104 85.84181 -0.02421181 0.9989884 0.03789291 104.7499 0.8898074 0.00425699 0.4563165 -196.5421 0 0 0 1
230 1 0.4556936 0.04476564 -0.8890104 85.30908 -0.02421181 0.9989884 0.03789291 104.7499 0.8898074 0.00425699 0.4563165 -196.5421 0 0 0 1
231 0 0.4552544 0.04401834 -0.8892727 86.0273 -0.0240166 0.9990209 0.03715574 104.8412 0.8900375 0.004441984 0.4558658 -197.0493 0 0 0 1
231 1 0.4552544 0.04401834 -0.8892727 85.49458 -0.0240166 0.9990209 0.03715574 104.8412 0.8900375 0.004441984 0.4558658 -197.0493 0 0 0 1
232 0 0.4549642 0.04287233 -0.8894771 86.12715 -0.02391805 0.9990684 0.03592058 105.0294 0.8901885 0.004931982 0.4555658 -197.4859 0 0 0 1
232 1 0.4549642 0.04287233 -0.8894771 85.59444 -0.02391805 0.9990684 0.03592058 105.0294 0.8901885 0.004931982 0.4555658 -197.4859 0 0 0 1
233 0 0.4546329 0.04332287 -0.8896247 86.40723 -0.02427857 0.999048 0.03624426 105.0206 0.890348 0.005120978 0.455252 -198.011 0 0 0 1
233 1 0.4546329 0.04332287 -0.8896247 85.8745 -0.02427857 0.999048 0.03624426 105.0206 0.890348 0.005120978 0.455252 -198.011 0 0 0 1
234 0 0.4547662 0.04360366 -0.8895429 86.55939 -0.02417862 0.9990371 0.03660988 104.9416 0.8902827 0.004858982 0.4553825 -198.5779 0 0 0 1
234 1 0.4547662 0.04360366 -0.8895429 86.02666 -0.02417862 0.9990371 0.03660988 104.9416 0.8902827 0.004858982 0.4553825 -198.5779 0 0 0 1
235 0 0.4545163 0.04361077 -0.8896702 86.76779 -0.02363682 0.9990395 0.03689633 104.8149 0.8904248 0.004258988 0.4551105 -199.153 0 0 0 1
235 1 0.4545163 0.04361077 -0.8896702 86.23505 -0.02363682 0.9990395 0.03689633 104.8149 0.8904248 0.004258988 0.4551105 -199.153 0 0 0 1
236 0 0.4543794 0.04280755 -0.8897791 86.89111 -0.02313849 0.9990749 0.03624978 104.8498 0.8905077 0.00411699 0.4549496 -199.7475 0 0 0 1
236 1 0.4543794 0.04280755 -0.8897791 86.35838 -0.02313849 0.9990749 0.03624978 104.8498 0.8905077 0.00411699 0.4549496 -199.7475 0 0 0 1
237 0 0.4542415 0.04247393 -0.8898655 87.04678 -0.02259846 0.9990908 0.0361517 104.7869 0.890592 0.003687989 0.4547883 -200.3264 0 0 0 1
237 1 0.4542415 0.04247393 -0.8898655 86.51408 -0.02259846 0.9990908 0.0361517 104.7869 0.890592 0.003687989 0.4547883 -200.3264 0 0 0 1
238 0 0.4539278 0.04305454 -0.8899977 87.34969 -0.02187021 0.9990694 0.03717648 104.5069 0.8907701 0.002588997 0.4544469 -201.025 0 0 0 1
238 1 0.4539278 0.04305454 -0.8899977 86.81696 -0.02187021 0.9990694 0.03717648 104.5069 0.8907701 0.002588997 0.4544469 -201.0249 0 0 0 1
239 0 0.4531949 0.04345924 -0.8903515 87.71453 -0.02133136 0.9990535 0.03790732 104.3022 0.8911563 0.001813 0.453693 -201.6106 0 0 0 1
239 1 0.4531949 0.04345924 -0.8903515 87.1818 -0.02133136 0.9990535 0.03790732 104.3022 0.8911563 0.001813 0.453693 -201.6106 0 0 0 1
240 0 0.4524511 0.042681 -0.8907673 87.96584 -0.02048074 0.9990879 0.0374683 104.2516 0.8915541 0.001290999 0.4529126 -202.1775 0 0 0 1
240 1 0.4524511 0.042681 -0.8907673 87.43314 -0.02048074 0.9990879 0.0374683 104.2516 0.8915541 0.001290999 0.4529126 -202.1775 0 0 0 1
241 0 0.4515765 0.04211653 -0.8912379 88.28506 -0.01958481 0.9991125 0.03729096 104.1489 0.8920175 0.0006150007 0.4520006 -202.8209 0 0 0 1
241 1 0.4515765 0.04211653 -0.8912379 87.75233 -0.01958481 0.9991125 0.03729096 104.1489 0.8920175 0.0006150007 0.4520006 -202.8209 0 0 0 1
242 0 0.4509856 0.0424932 -0.8915191 88.61836 -0.01921866 0.9990968 0.03789877 103.9868 0.8923242 4.200079E-05 0.451395 -203.4335 0 0 0 1
242 1 0.4509856 0.0424932 -0.8915191 88.08564 -0.01921866 0.9990968 0.03789877 103.9868 0.8923242 4.200079E-05 0.451395 -203.4335 0 0 0 1
243 0 0.450098 0.04286086 -0.89195 89.04203 -0.0195649 0.999081 0.03813595 103.9875 0.8927647 0.000285998 0.450523 -204.007 0 0 0 1
243 1 0.450098 0.04286086 -0.89195 88.50931 -0.0195649 0.999081 0.03813595 103.9875 0.8927647 0.000285998 0.450523 -204.007 0 0 0 1
244 0 0.4493548 0.04243722 -0.8923449 89.34266 -0.02018969 0.9990984 0.03734725 104.2048 0.8931252 0.001233999 0.4498064 -204.4679 0 0 0 1
244 1 0.4493548 0.04243722 -0.8923449 88.80995 -0.02018969 0.9990984 0.03734725 104.2048 0.8931252 0.001233999 0.4498064 -204.4679 0 0 0 1
245 0 0.448409 0.04206345 -0.8928382 89.6987 -0.02123239 0.9991115 0.03640669 104.509 0.8935763 0.002631998 0.4489037 -204.8687 0 0 0 1
245 1 0.448409 0.04206345 -0.8928382 89.16597 -0.02123239 0.9991115 0.03640669 104.509 0.8935763 0.002631998 0.4489037 -204.8687 0 0 0 1
246 0 0.4473022 0.0422079 -0.8933864 90.1612 -0.02349467 0.9990956 0.03543876 104.9938 0.8940743 0.005137975 0.4478894 -205.2081 0 0 0 1
246 1 0.4473022 0.0422079 -0.8933864 89.62845 -0.02349467 0.9990956 0.03543876 104.9938 0.8940743 0.005137975 0.4478894 -205.2081 0 0 0 1
247 0 0.4464877 0.04307755 -0.8937523 90.61502 -0.02568894 0.9990458 0.03531925 105.325 0.894421 0.00718994 0.4471682 -205.5607 0 0 0 1
247 1 0.4464877 0.04307755 -0.8937523 90.08229 -0.02568894 0.9990458 0.03531925 105.325 0.894421 0.00718994 0.4471682 -205.5607 0 0 0 1
248 0 0.4455081 0.04361754 -0.8942147 91.08767 -0.02716711 0.9990112 0.03519427 105.556 0.8948656 0.008613893 0.4462526 -206.0213 0 0 0 1
248 1 0.4455081 0.04361754 -0.8942147 90.55493 -0.02716711 0.9990112 0.03519427 105.556 0.8948656 0.008613893 0.4462526 -206.0213 0 0 0 1
249 0 0.4446874 0.04314175 -0.8946463 91.41781 -0.0275238 0.9990258 0.03449434 105.7265 0.8952628 0.00928487 0.4454416 -206.5103 0 0 0 1
249 1 0.4446874 0.04314175 -0.8946463 90.88509 -0.0275238 0.9990258 0.03449434 105.7265 0.8952628 0.00928487 0.4454416 -206.5103 0 0 0 1
250 0 0.4439263 0.04293192 -0.8950342 91.75346 -0.02746554 0.9990342 0.03429789 105.7505 0.8956423 0.009356861 0.4446768 -207.0654 0 0 0 1
250 1 0.4439263 0.04293192 -0.8950342 91.22073 -0.02746554 0.9990342 0.03429789 105.7505 0.8956423 0.009356861 0.4446768 -207.0654 0 0 0 1
251 0 0.4431087 0.04355143 -0.8954095 92.19802 -0.02746479 0.9990099 0.03499898 105.6261 0.8960471 0.009083875 0.4438661 -207.7146 0 0 0 1
251 1 0.4431087 0.04355143 -0.8954095 91.66529 -0.02746479 0.9990099 0.03499898 105.6261 0.8960471 0.009083875 0.4438661 -207.7146 0 0 0 1
252 0 0.4423542 0.04257947 -0.8958292 92.45232 -0.02677421 0.9990541 0.03426491 105.6522 0.8964407 0.008827886 0.4430758 -208.2953 0 0 0 1
252 1 0.4423542 0.04257947 -0.8958292 91.9196 -0.02677421 0.9990541 0.03426491 105.6522 0.8964407 0.008827886 0.4430758 -208.2953 0 0 0 1
253 0 0.4413832 0.04177516 -0.8963459 92.79314 -0.02651647 0.9990867 0.03350613 105.7456 0.8969269 0.00897888 0.4420878 -208.8731 0 0 0 1
253 1 0.4413832 0.04177516 -0.8963459 92.26042 -0.02651647 0.9990867 0.03350613 105.7456 0.8969269 0.00897888 0.4420878 -208.8731 0 0 0 1
254 0 0.4405401 0.04109175 -0.8967921 93.09708 -0.02624042 0.9991145 0.0328899 105.8118 0.8973494 0.009042876 0.4412282 -209.4088 0 0 0 1
254 1 0.4405401 0.04109175 -0.8967921 92.56436 -0.02624042 0.9991145 0.0328899 105.8118 0.8973494 0.009042876 0.4412282 -209.4088 0 0 0 1
255 0 0.4397215 0.04200385 -0.8971514 93.55074 -0.02677985 0.9990748 0.03365018 105.7558 0.8977348 0.009228868 0.4404395 -209.9342 0 0 0 1
255 1 0.4397215 0.04200385 -0.8971514 93.01801 -0.02677985 0.9990748 0.03365018 105.7558 0.8977348 0.009228868 0.4404395 -209.9342 0 0 0 1
256 0 0.4388509 0.04218934 -0.897569 93.96212 -0.02758577 0.9990589 0.03347218 105.9048 0.8981364 0.01007083 0.4396017 -210.4429 0 0 0 1
256 1 0.4388509 0.04218934 -0.897569 93.4294 -0.02758577 0.9990589 0.03347218 105.9048 0.8981364 0.01007083 0.4396017 -210.4429 0 0 0 1
257 0 0.4378321 0.04263445 -0.8980454 94.41641 -0.02866702 0.9990291 0.03345233 106.0676 0.8985997 0.01109778 0.4386292 -210.8514 0 0 0 1
257 1 0.4378321 0.04263445 -0.8980454 93.88369 -0.02866702 0.9990291 0.03345233 106.0676 0.8985997 0.01109778 0.4386292 -210.8514 0 0 0 1
258 0 0.4372337 0.04178721 -0.8983766 94.66383 -0.02836121 0.9990638 0.03266738 106.1611 0.8989007 0.01119577 0.4380095 -211.4559 0 0 0 1
258 1 0.4372337 0.04178721 -0.8983766 94.13111 -0.02836121 0.9990638 0.03266738 106.1611 0.8989007 0.01119577 0.4380095 -211.4559 0 0 0 1
259 0 0.4365984 0.04250527 -0.8986519 95.05569 -0.02913056 0.9990274 0.03310022 106.1984 0.8991848 0.01172673 0.437412 -211.9518 0 0 0 1
259 1 0.4365984 0.04250527 -0.8986519 94.52293 -0.02913056 0.9990274 0.03310022 106.1984 0.8991848 0.01172673 0.437412 -211.9519 0 0 0 1
260 0 0.4359922 0.0438053 -0.8988837 95.49904 -0.03077812 0.9989561 0.03375359 106.3278 0.899424 0.01294964 0.4368854 -212.3772 0 0 0 1
260 1 0.4359922 0.0438053 -0.8988837 94.96632 -0.03077812 0.9989561 0.03375359 106.3278 0.899424 0.01294964 0.4368854 -212.3772 0 0 0 1
261 0 0.4355293 0.04595393 -0.8990009 96.03951 -0.03174517 0.998859 0.0356791 106.1282 0.8996148 0.01299964 0.4364911 -213.1209 0 0 0 1
261 1 0.4355293 0.04595393 -0.8990009 95.50677 -0.03174517 0.998859 0.0356791 106.1282 0.8996148 0.01299964 0.4364911 -213.1209 0 0 0 1
262 0 0.4352263 0.04605095 -0.8991426 96.25687 -0.03157468 0.9988574 0.0358744 106.0675 0.8997672 0.01277666 0.436183 -213.597 0 0 0 1
262 1 0.4352263 0.04605095 -0.8991426 95.72414 -0.03157468 0.9988574 0.0358744 106.0675 0.8997672 0.01277666 0.436183 -213.597 0 0 0 1
263 0 0.4348133 0.04530725 -0.8993801 96.46664 -0.03047678 0.9989018 0.0355865 105.9538 0.9000048 0.01193672 0.4357166 -214.3025 0 0 0 1
263 1 0.4348133 0.04530725 -0.8993801 95.93393 -0.03047678 0.9989018 0.0355865 105.9538 0.9000048 0.01193672 0.4357166 -214.3025 0 0 0 1
264 0 0.4346617 0.04497445 -0.8994702 96.63817 -0.02882176 0.9989353 0.03601994 105.6244 0.9001325 0.01026782 0.4354953 -215.0618 0 0 0 1
264 1 0.4346617 0.04497445 -0.8994702 96.10544 -0.02882176 0.9989353 0.03601994 105.6244 0.9001325 0.01026782 0.4354953 -215.0618 0 0 0 1
265 0 0.434462 0.04623075 -0.8995029 96.97056 -0.02798283 0.9988925 0.0378232 105.1691 0.9002554 0.00873789 0.4352745 -215.7998 0 0 0 1
265 1 0.434462 0.04623075 -0.8995029 96.43783 -0.02798283 0.9988925 0.0378232 105.1691 0.9002554 0.00873789 0.4352745 -215.7998 0 0 0 1
266 0 0.4342016 0.04680717 -0.8995988 97.2659 -0.02806449 0.9988673 0.03842658 105.0694 0.9003785 0.008561895 0.4350234 -216.4418 0 0 0 1
266 1 0.4342016 0.04680717 -0.8995988 96.73319 -0.02806449 0.9988673 0.03842658 105.0694 0.9003785 0.008561895 0.4350234 -216.4418 0 0 0 1
267 0 0.4338756 0.04648314 -0.8997729 97.4726 -0.02876765 0.9988738 0.03773086 105.3012 0.9005135 0.009513857 0.4347242 -216.8859 0 0 0 1
267 1 0.4338756 0.04648314 -0.8997729 96.93988 -0.02876765 0.9988738 0.03773086 105.3012 0.9005135 0.009513857 0.4347242 -216.8859 0 0 0 1
268 0 0.4333674 0.0463113 -0.9000266 97.75336 -0.03056245 0.9988596 0.03668083 105.7658 0.900699 0.01161074 0.4342886 -217.2328 0 0 0 1
268 1 0.4333674 0.0463113 -0.9000266 97.22063 -0.03056245 0.9988596 0.03668083 105.7658 0.900699 0.01161074 0.4342886 -217.2328 0 0 0 1
269 0 0.4332094 0.04640731 -0.9000978 97.95315 -0.03198371 0.9988361 0.03610458 106.0886 0.9007257 0.01314762 0.4341894 -217.5988 0 0 0 1
269 1 0.4332094 0.04640731 -0.9000978 97.42042 -0.03198371 0.9988361 0.03610458 106.0886 0.9007257 0.01314762 0.4341894 -217.5988 0 0 0 1
270 0 0.433061 0.04608578 -0.9001857 98.1191 -0.03168555 0.9988531 0.03589388 106.0814 0.9008075 0.01297864 0.4340246 -218.1775 0 0 0 1
270 1 0.433061 0.04608578 -0.9001857 97.58638 -0.03168555 0.9988531 0.03589388 106.0814 0.9008075 0.01297864 0.4340246 -218.1775 0 0 0 1
271 0 0.4330877 0.04528057 -0.9002138 98.17533 -0.03152495 0.9988872 0.03507735 106.2063 0.9008004 0.01318762 0.4340333 -218.6595 0 0 0 1
271 1 0.4330877 0.04528057 -0.9002138 97.64262 -0.03152495 0.9988872 0.03507735 106.2063 0.9008004 0.01318762 0.4340333 -218.6595 0 0 0 1
272 0 0.4336903 0.04430934 -0.8999719 98.06823 -0.03156096 0.9989243 0.03397217 106.4151 0.9005091 0.01367057 0.4346222 -219.1515 0 0 0 1
272 1 0.4336903 0.04430934 -0.8999719 97.53552 -0.03156096 0.9989243 0.03397217 106.4151 0.9005091 0.01367057 0.4346222 -219.1515 0 0 0 1
273 0 0.4347951 0.04346898 -0.8994797 97.8607 -0.03161515 0.9989554 0.03299402 106.6038 0.8999743 0.01409154 0.4357152 -219.7289 0 0 0 1
273 1 0.4347951 0.04346898 -0.8994797 97.32797 -0.03161515 0.9989554 0.03299402 106.6038 0.8999743 0.01409154 0.4357152 -219.7289 0 0 0 1
274 0 0.4355786 0.04332196 -0.8991076 97.77845 -0.03182993 0.9989578 0.03271285 106.6897 0.8995878 0.0143695 0.4365036 -220.2219 0 0 0 1
274 1 0.4355786 0.04332196 -0.8991076 97.24574 -0.03182993 0.9989578 0.03271285 106.6897 0.8995878 0.0143695 0.4365036 -220.2219 0 0 0 1
275 0 0.4362684 0.04397216 -0.8987416 97.80169 -0.03364109 0.998904 0.03254265 107.0042 0.8991876 0.01603731 0.4372695 -220.5793 0 0 0 1
275 1 0.4362684 0.04397216 -0.8987416 97.269 -0.03364109 0.998904 0.03254265 107.0042 0.8991876 0.01603731 0.4372695 -220.5793 0 0 0 1
276 0 0.4370625 0.04413312 -0.8983477 97.73091 -0.03478855 0.9988775 0.03214659 107.2578 0.8987581 0.01720215 0.4381073 -220.9354 0 0 0 1
276 1 0.4370625 0.04413312 -0.8983477 97.19817 -0.03478855 0.9988775 0.03214659 107.2578 0.8987581 0.01720215 0.4381073 -220.9354 0 0 0 1
277 0 0.4375228 0.0445267 -0.8981043 97.75998 -0.03495543 0.9988605 0.03249307 107.2217 0.8985277 0.01717716 0.4385808 -221.3657 0 0 0 1
277 1 0.4375228 0.0445267 -0.8981043 97.22724 -0.03495543 0.9988605 0.03249307 107.2217 0.8985277 0.01717716 0.4385808 -221.3656 0 0 0 1
278 0 0.4380851 0.04352136 -0.8978794 97.63293 -0.03508656 0.998894 0.03129856 107.4651 0.8982486 0.01779206 0.4391277 -221.7492 0 0 0 1
278 1 0.4380851 0.04352136 -0.8978794 97.1002 -0.03508656 0.998894 0.03129856 107.4651 0.8982486 0.01779206 0.4391277 -221.7492 0 0 0 1
279 0 0.4385194 0.04302901 -0.8976911 97.57181 -0.03589438 0.9988948 0.03034571 107.77 0.8980047 0.01891488 0.4395792 -222.0117 0 0 0 1
279 1 0.4385194 0.04302901 -0.8976911 97.03908 -0.03589438 0.9988948 0.03034571 107.77 0.8980047 0.01891488 0.4395792 -222.0117 0 0 0 1
280 0 0.4391868 0.04326799 -0.8973533 97.52394 -0.03682915 0.998867 0.03013762 107.9577 0.8976406 0.01981271 0.4402827 -222.3354 0 0 0 1
280 1 0.4391868 0.04326799 -0.8973533 96.99121 -0.03682915 0.998867 0.03013762 107.9577 0.8976406 0.01981271 0.4402827 -222.3354 0 0 0 1
281 0 0.439738 0.04367907 -0.8970634 97.50653 -0.03747645 0.9988391 0.0302638 108.0384 0.8973439 0.0203106 0.4408644 -222.64 0 0 0 1
281 1 0.439738 0.04367907 -0.8970634 96.97381 -0.03747645 0.9988391 0.0302638 108.0384 0.8973439 0.0203106 0.4408644 -222.6399 0 0 0 1
282 0 0.4401706 0.04380523 -0.896845 97.48646 -0.03724866 0.9988403 0.03050545 107.9601 0.8971413 0.01997868 0.4412918 -223.0028 0 0 0 1
282 1 0.4401706 0.04380523 -0.896845 96.95372 -0.03724866 0.9988403 0.03050545 107.9601 0.8971413 0.01997868 0.4412918 -223.0028 0 0 0 1
283 0 0.4408157 0.04315482 -0.8965596 97.34627 -0.03493955 0.9989116 0.03090252 107.5246 0.8969173 0.01770307 0.4418437 -223.6073 0 0 0 1
283 1 0.4408157 0.04315482 -0.8965596 96.81355 -0.03493955 0.9989116 0.03090252 107.5246 0.8969173 0.01770307 0.4418437 -223.6074 0 0 0 1
284 0 0.4416066 0.04302907 -0.8961765 97.20988 -0.03220985 0.9989657 0.03209243 106.873 0.8966305 0.01469347 0.4425358 -224.2718 0 0 0 1
284 1 0.4416066 0.04302907 -0.8961765 96.67715 -0.03220985 0.9989657 0.03209243 106.873 0.8966305 0.01469347 0.4425358 -224.2718 0 0 0 1
285 0 0.442536 0.04278051 -0.8957298 97.0344 -0.03030548 0.9990043 0.03274051 106.4509 0.8962386 0.01265666 0.4433919 -224.8691 0 0 0 1
285 1 0.442536 0.04278051 -0.8957298 96.50167 -0.03030548 0.9990043 0.03274051 106.4509 0.8962386 0.01265666 0.4433919 -224.8691 0 0 0 1
286 0 0.4432 0.04300365 -0.8953907 96.96347 -0.0298219 0.9990031 0.0332187 106.2848 0.8959266 0.01197972 0.4440406 -225.2684 0 0 0 1
286 1 0.4432 0.04300365 -0.8953907 96.43075 -0.0298219 0.9990031 0.0332187 106.2848 0.8959266 0.01197972 0.4440406 -225.2684 0 0 0 1
287 0 0.4439449 0.04323456 -0.8950104 96.87363 -0.02969244 0.9989966 0.03352963 106.2059 0.895562 0.01168973 0.4447831 -225.6339 0 0 0 1
287 1 0.4439449 0.04323456 -0.8950104 96.3409 -0.02969244 0.9989966 0.03352963 106.2059 0.895562 0.01168973 0.4447831 -225.6339 0 0 0 1
288 0 0.4443499 0.04384102 -0.89478 96.91644 -0.02985169 0.9989718 0.03412163 106.1199 0.8953559 0.01154874 0.4452018 -225.9738 0 0 0 1
288 1 0.4443499 0.04384102 -0.89478 96.38373 -0.02985169 0.9989718 0.03412163 106.1199 0.8953559 0.01154874 0.4452018 -225.9738 0 0 0 1
289 0 0.4447479 0.04433056 -0.8945581 96.93825 -0.02998323 0.9989515 0.03459709 106.0513 0.8951538 0.01143475 0.4456108 -226.2809 0 0 0 1
289 1 0.4447479 0.04433056 -0.8945581 96.40552 -0.02998323 0.9989515 0.03459709 106.0513 0.8951538 0.01143475 0.4456108 -226.2809 0 0 0 1
290 0 0.4447111 0.04389636 -0.8945977 96.98875 -0.02916615 0.9989784 0.03451943 105.9349 0.895199 0.0107408 0.4455371 -226.6221 0 0 0 1
290 1 0.4447111 0.04389636 -0.8945977 96.45601 -0.02916615 0.9989784 0.03451943 105.9349 0.895199 0.0107408 0.4455371 -226.6221 0 0 0 1
291 0 0.4448479 0.04261194 -0.8945918 96.90224 -0.02798434 0.9990411 0.03367157 105.9046 0.8951688 0.01005583 0.4456139 -226.9524 0 0 0 1
291 1 0.4448479 0.04261194 -0.8945918 96.36951 -0.02798434 0.9990411 0.03367157 105.9046 0.8951688 0.01005583 0.4456139 -226.9525 0 0 0 1
292 0 0.4450048 0.04213145 -0.8945366 96.89536 -0.02766103 0.9990628 0.03329396 105.9231 0.8951009 0.009927836 0.4457531 -227.2528 0 0 0 1
292 1 0.4450048 0.04213145 -0.8945366 96.36264 -0.02766103 0.9990628 0.03329396 105.9231 0.8951009 0.009927836 0.4457531 -227.2528 0 0 0 1
293 0 0.4447353 0.04253394 -0.8946515 97.07395 -0.02809672 0.9990427 0.03352994 105.948 0.8952212 0.01022482 0.4455047 -227.4394 0 0 0 1
293 1 0.4447353 0.04253394 -0.8946515 96.54124 -0.02809672 0.9990427 0.03352994 105.948 0.8952212 0.01022482 0.4455047 -227.4394 0 0 0 1
294 0 0.4444479 0.04315124 -0.8947648 97.27644 -0.02854226 0.9990141 0.03400129 105.9303 0.8953499 0.01042681 0.4452413 -227.6309 0 0 0 1
294 1 0.4444479 0.04315124 -0.8947648 96.74372 -0.02854226 0.9990141 0.03400129 105.9303 0.8953499 0.01042681 0.4452413 -227.6309 0 0 0 1
295 0 0.4442959 0.04248683 -0.8948721 97.32407 -0.02836487 0.9990411 0.03334968 106.0242 0.895431 0.0105658 0.445075 -227.8625 0 0 0 1
295 1 0.4442959 0.04248683 -0.8948721 96.79134 -0.02836487 0.9990411 0.03334968 106.0242 0.895431 0.0105658 0.445075 -227.8625 0 0 0 1
296 0 0.4441414 0.04135606 -0.8950018 97.31924 -0.02749494 0.9990928 0.03252161 106.0401 0.8955348 0.01016383 0.4448755 -228.1241 0 0 0 1
296 1 0.4441414 0.04135606 -0.8950018 96.78652 -0.02749494 0.9990928 0.03252161 106.0401 0.8955348 0.01016383 0.4448755 -228.1241 0 0 0 1
297 0 0.4439392 0.0402921 -0.8951506 97.3389 -0.02681839 0.9991384 0.03167249 106.0909 0.8956556 0.009945839 0.4446373 -228.3863 0 0 0 1
297 1 0.4439392 0.0402921 -0.8951506 96.80618 -0.02681839 0.9991384 0.03167249 106.0909 0.8956556 0.009945839 0.4446373 -228.3863 0 0 0 1
298 0 0.4438041 0.0412095 -0.8951758 97.52755 -0.02675046 0.9991061 0.03273178 105.8796 0.8957245 0.009419861 0.4445098 -228.6694 0 0 0 1
298 1 0.4438041 0.0412095 -0.8951758 96.99483 -0.02675046 0.9991061 0.03273178 105.8796 0.8957245 0.009419861 0.4445098 -228.6694 0 0 0 1
299 0 0.4436605 0.04223082 -0.8951994 97.72841 -0.02659725 0.9990696 0.03394929 105.6241 0.8958002 0.00874789 0.4443709 -228.9664 0 0 0 1
299 1 0.4436605 0.04223082 -0.8951994 97.19569 -0.02659725 0.9990696 0.03394929 105.6241 0.8958002 0.00874789 0.4443709 -228.9663 0 0 0 1
300 0 0.4431909 0.04225574 -0.8954307 97.92112 -0.02673491 0.9990671 0.03391401 105.6524 0.8960285 0.008908882 0.4439072 -229.1598 0 0 0 1
300 1 0.4431909 0.04225574 -0.8954307 97.3884 -0.02673491 0.9990671 0.03391401 105.6524 0.8960285 0.008908882 0.4439072 -229.1597 0 0 0 1
301 0 0.4427841 0.04152644 -0.8956661 98.01788 -0.02632918 0.9990984 0.03330577 105.7013 0.8962417 0.008834888 0.4434782 -229.3562 0 0 0 1
301 1 0.4427841 0.04152644 -0.8956661 97.48516 -0.02632918 0.9990984 0.03330577 105.7013 0.8962417 0.008834888 0.4434782 -229.3562 0 0 0 1
302 0 0.4425743 0.04115374 -0.895787 98.10799 -0.02620168 0.9991133 0.03295545 105.7463 0.896349 0.008885884 0.4432602 -229.5841 0 0 0 1
302 1 0.4425743 0.04115374 -0.895787 97.57526 -0.02620168 0.9991133 0.03295545 105.7463 0.896349 0.008885884 0.4432602 -229.5841 0 0 0 1
303 0 0.4423153 0.04129366 -0.8959085 98.25269 -0.02618873 0.9991082 0.03312075 105.7122 0.8964773 0.008812889 0.4430023 -229.7962 0 0 0 1
303 1 0.4423153 0.04129366 -0.8959085 97.71996 -0.02618873 0.9991082 0.03312075 105.7122 0.8964773 0.008812889 0.4430023 -229.7962 0 0 0 1
304 0 0.4420416 0.04139049 -0.8960392 98.39584 -0.02642794 0.9991021 0.03311359 105.7519 0.8966052 0.009042879 0.4427386 -229.9732 0 0 0 1
304 1 0.4420416 0.04139049 -0.8960392 97.86311 -0.02642794 0.9991021 0.03311359 105.7519 0.8966052 0.009042879 0.4427386 -229.9732 0 0 0 1
305 0 0.4417951 0.0414843 -0.8961563 98.53809 -0.02668388 0.999096 0.03309466 105.7966 0.8967191 0.009291869 0.4425027 -230.1722 0 0 0 1
305 1 0.4417951 0.0414843 -0.8961563 98.00538 -0.02668388 0.999096 0.03309466 105.7966 0.8967191 0.009291869 0.4425027 -230.1722 0 0 0 1
306 0 0.4414965 0.041812 -0.8962883 98.70966 -0.0268494 0.999082 0.03338178 105.7684 0.8968612 0.009326866 0.4422138 -230.3657 0 0 0 1
306 1 0.4414965 0.041812 -0.8962883 98.17693 -0.0268494 0.999082 0.03338178 105.7684 0.8968612 0.009326866 0.4422138 -230.3657 0 0 0 1
307 0 0.441372 0.04087682 -0.8963927 98.72086 -0.02644957 0.9991205 0.03253794 105.8633 0.8969344 0.009347865 0.442065 -230.5975 0 0 0 1
307 1 0.441372 0.04087682 -0.8963927 98.18814 -0.02644957 0.9991205 0.03253794 105.8633 0.8969344 0.009347865 0.442065 -230.5975 0 0 0 1
308 0 0.4414905 0.04012981 -0.896368 98.68037 -0.02526944 0.9991592 0.03228568 105.718 0.89691 0.008396899 0.4421333 -230.9334 0 0 0 1
308 1 0.4414905 0.04012981 -0.896368 98.14764 -0.02526944 0.9991592 0.03228568 105.718 0.89691 0.008396899 0.4421333 -230.9334 0 0 0 1
309 0 0.4413886 0.03986026 -0.8964304 98.74186 -0.02451449 0.9991757 0.03235833 105.5799 0.8969812 0.007692925 0.4420019 -231.2203 0 0 0 1
309 1 0.4413886 0.03986026 -0.8964304 98.20913 -0.02451449 0.9991757 0.03235833 105.5799 0.8969812 0.007692925 0.4420019 -231.2203 0 0 0 1
310 0 0.4410372 0.04037388 -0.8965803 98.95031 -0.02459519 0.9991562 0.03289434 105.49 0.8971518 0.007543931 0.441658 -231.4452 0 0 0 1
310 1 0.4410372 0.04037388 -0.8965803 98.41759 -0.02459519 0.9991562 0.03289434 105.49 0.8971518 0.007543931 0.441658 -231.4452 0 0 0 1
311 0 0.4408972 0.0404009 -0.8966479 99.05076 -0.02445652 0.9991563 0.032994 105.4474 0.8972244 0.007381934 0.4415132 -231.6687 0 0 0 1
311 1 0.4408972 0.0404009 -0.8966479 98.51803 -0.02445652 0.9991563 0.032994 105.4474 0.8972244 0.007381934 0.4415132 -231.6687 0 0 0 1
312 0 0.4408988 0.03997032 -0.8966664 99.07736 -0.02408122 0.9991751 0.03269885 105.4412 0.8972337 0.007175937 0.4414977 -231.9323 0 0 0 1
312 1 0.4408988 0.03997032 -0.8966664 98.54464 -0.02408122 0.9991751 0.03269885 105.4412 0.8972337 0.007175937 0.4414977 -231.9323 0 0 0 1
313 0 0.44073 0.03930688 -0.8967787 99.11923 -0.02371451 0.999202 0.0321415 105.4865 0.8973265 0.007100941 0.4413103 -232.1412 0 0 0 1
313 1 0.44073 0.03930688 -0.8967787 98.58651 -0.02371451 0.999202 0.0321415 105.4865 0.8973265 0.007100941 0.4413103 -232.1412 0 0 0 1
314 0 0.4404432 0.03955169 -0.8969089 99.28382 -0.02380067 0.9991924 0.03237442 105.4552 0.897465 0.00708794 0.4410288 -232.3523 0 0 0 1
314 1 0.4404432 0.03955169 -0.8969089 98.75111 -0.02380067 0.9991924 0.03237442 105.4552 0.897465 0.00708794 0.4410288 -232.3522 0 0 0 1
315 0 0.4403682 0.03986843 -0.8969317 99.39478 -0.0239567 0.9991797 0.03265126 105.427 0.8974977 0.007108943 0.440962 -232.5591 0 0 0 1
315 1 0.4403682 0.03986843 -0.8969317 98.86204 -0.0239567 0.9991797 0.03265126 105.427 0.8974977 0.007108943 0.440962 -232.5591 0 0 0 1
316 0 0.4403383 0.04008432 -0.8969368 99.4844 -0.0238201 0.9991728 0.03295914 105.3445 0.897516 0.006851946 0.4409289 -232.7991 0 0 0 1
316 1 0.4403383 0.04008432 -0.8969368 98.95168 -0.0238201 0.9991728 0.03295914 105.3445 0.897516 0.006851946 0.4409289 -232.7991 0 0 0 1
317 0 0.4402577 0.03997555 -0.8969811 99.55798 -0.02331548 0.9991805 0.0330865 105.2357 0.8975687 0.006346958 0.440829 -233.079 0 0 0 1
317 1 0.4402577 0.03997555 -0.8969811 99.02527 -0.02331548 0.9991805 0.0330865 105.2357 0.8975687 0.006346958 0.440829 -233.079 0 0 0 1
318 0 0.440077 0.03958584 -0.8970871 99.62492 -0.02321501 0.9991955 0.03270318 105.2918 0.8976599 0.00643396 0.4406419 -233.2608 0 0 0 1
318 1 0.440077 0.03958584 -0.8970871 99.09218 -0.02321501 0.9991955 0.03270318 105.2918 0.8976599 0.00643396 0.4406419 -233.2608 0 0 0 1
319 0 0.439779 0.03849144 -0.8972808 99.65961 -0.02356613 0.9992317 0.03131459 105.6158 0.8977968 0.007373934 0.4403483 -233.353 0 0 0 1
319 1 0.439779 0.03849144 -0.8972808 99.12688 -0.02356613 0.9992317 0.03131459 105.6158 0.8977968 0.007373934 0.4403483 -233.353 0 0 0 1
320 0 0.4396459 0.03736979 -0.8973935 99.64148 -0.02449568 0.9992613 0.02961105 106.0966 0.8978372 0.008963881 0.4402366 -233.3651 0 0 0 1
320 1 0.4396459 0.03736979 -0.8973935 99.10875 -0.02449568 0.9992613 0.02961105 106.0967 0.8978372 0.008963881 0.4402366 -233.3651 0 0 0 1
321 0 0.4394355 0.03710142 -0.8975075 99.72565 -0.02577043 0.9992561 0.02868987 106.4847 0.8979044 0.01052181 0.4400648 -233.3665 0 0 0 1
321 1 0.4394355 0.03710142 -0.8975075 99.19292 -0.02577043 0.9992561 0.02868987 106.4847 0.8979044 0.01052181 0.4400648 -233.3665 0 0 0 1
322 0 0.4391935 0.03751974 -0.8976088 99.88749 -0.02677635 0.9992303 0.02866601 106.656 0.8979934 0.01144475 0.4398601 -233.4423 0 0 0 1
322 1 0.4391935 0.03751974 -0.8976088 99.35476 -0.02677635 0.9992303 0.02866601 106.656 0.8979934 0.01144475 0.4398601 -233.4423 0 0 0 1
323 0 0.4391754 0.03818892 -0.8975894 100.0049 -0.02763391 0.9991976 0.02899114 106.7358 0.8979763 0.01207171 0.4398783 -233.5443 0 0 0 1
323 1 0.4391754 0.03818892 -0.8975894 99.47219 -0.02763391 0.9991976 0.02899114 106.7358 0.8979763 0.01207171 0.4398783 -233.5443 0 0 0 1
324 0 0.4388386 0.03810969 -0.8977574 100.134 -0.02816519 0.9991927 0.02864799 106.8903 0.8981245 0.01271366 0.4395577 -233.6107 0 0 0 1
324 1 0.4388386 0.03810969 -0.8977574 99.60125 -0.02816519 0.9991927 0.02864799 106.8903 0.8981245 0.01271366 0.4395577 -233.6107 0 0 0 1
325 0 0.4386519 0.03734807 -0.8978807 100.1512 -0.02825116 0.9992153 0.0277613 107.0755 0.8982129 0.01318862 0.4393628 -233.6803 0 0 0 1
325 1 0.4386519 0.03734807 -0.8978807 99.61842 -0.02825116 0.9992153 0.0277613 107.0755 0.8982129 0.01318862 0.4393628 -233.6803 0 0 0 1
326 0 0.4386643 0.0368602 -0.8978948 100.1419 -0.02846478 0.999227 0.02711367 107.2359 0.8982001 0.01366458 0.4393744 -233.7588 0 0 0 1
326 1 0.4386643 0.0368602 -0.8978948 99.60912 -0.02846478 0.999227 0.02711367 107.2359 0.8982001 0.01366458 0.4393744 -233.7588 0 0 0 1
327 0 0.4384371 0.03705788 -0.8979976 100.2585 -0.02885316 0.9992149 0.02714761 107.2941 0.8982986 0.01400754 0.4391622 -233.8215 0 0 0 1
327 1 0.4384371 0.03705788 -0.8979976 99.72575 -0.02885316 0.9992149 0.02714761 107.2941 0.8982986 0.01400754 0.4391622 -233.8215 0 0 0 1
328 0 0.4383949 0.03779844 -0.8979873 100.3703 -0.02889968 0.9991915 0.02794963 107.1476 0.8983178 0.01369857 0.4391328 -233.9495 0 0 0 1
328 1 0.4383949 0.03779844 -0.8979873 99.83759 -0.02889968 0.9991915 0.02794963 107.1476 0.8983178 0.01369857 0.4391328 -233.9495 0 0 0 1
329 0 0.4384161 0.03835941 -0.8979532 100.4469 -0.02840264 0.9991811 0.02881645 106.8979 0.8983232 0.01287064 0.4391466 -234.1317 0 0 0 1
329 1 0.4384161 0.03835941 -0.8979532 99.9142 -0.02840264 0.9991811 0.02881645 106.8979 0.8983232 0.01287064 0.4391466 -234.1317 0 0 0 1
330 0 0.4382812 0.03886119 -0.8979974 100.5572 -0.02825206 0.9991669 0.02945049 106.7504 0.8983938 0.01246268 0.439014 -234.2345 0 0 0 1
330 1 0.4382812 0.03886119 -0.8979974 100.0245 -0.02825206 0.9991669 0.02945049 106.7504 0.8983938 0.01246268 0.439014 -234.2345 0 0 0 1
331 0 0.4382034 0.03970655 -0.8979985 100.6806 -0.0284808 0.9991356 0.0302805 106.628 0.8984245 0.01230669 0.4389555 -234.3071 0 0 0 1
331 1 0.4382034 0.03970655 -0.8979985 100.1479 -0.0284808 0.9991356 0.0302805 106.628 0.8984245 0.01230669 0.4389555 -234.3071 0 0 0 1
332 0 0.4381074 0.04075756 -0.8979982 100.8275 -0.02905456 0.9990917 0.03117102 106.5513 0.898453 0.01243468 0.4388937 -234.3434 0 0 0 1
332 1 0.4381074 0.04075756 -0.8979982 100.2947 -0.02905456 0.9990917 0.03117102 106.5513 0.898453 0.01243468 0.4388937 -234.3434 0 0 0 1
333 0 0.4379324 0.04128294 -0.8980596 100.9372 -0.02951582 0.9990668 0.03153296 106.558 0.8985233 0.01269766 0.4387422 -234.337 0 0 0 1
333 1 0.4379324 0.04128294 -0.8980596 100.4045 -0.02951582 0.9990668 0.03153296 106.558 0.8985233 0.01269766 0.4387422 -234.337 0 0 0 1
334 0 0.4378982 0.04139188 -0.8980712 100.9683 -0.02948785 0.9990634 0.03166835 106.5271 0.8985409 0.01261467 0.4387086 -234.3732 0 0 0 1
334 1 0.4378982 0.04139188 -0.8980712 100.4356 -0.02948785 0.9990634 0.03166835 106.5271 0.8985409 0.01261467 0.4387086 -234.3732 0 0 0 1
335 0 0.4378311 0.04129297 -0.8981085 100.9836 -0.02944113 0.9990675 0.03158218 106.5359 0.8985751 0.01261367 0.4386385 -234.3814 0 0 0 1
335 1 0.4378311 0.04129297 -0.8981085 100.4509 -0.02944113 0.9990675 0.03158218 106.5359 0.8985751 0.01261367 0.4386385 -234.3814 0 0 0 1
336 0 0.4377897 0.04135285 -0.8981259 101.005 -0.0295766 0.9990634 0.03158332 106.558 0.8985909 0.01273666 0.4386027 -234.3687 0 0 0 1
336 1 0.4377897 0.04135285 -0.8981259 100.4722 -0.0295766 0.9990634 0.03158332 106.558 0.8985909 0.01273666 0.4386027 -234.3687 0 0 0 1
337 0 0.4378371 0.04116552 -0.8981115 100.9772 -0.02861101 0.9990832 0.03184551 106.3465 0.898599 0.01175273 0.4386135 -234.4764 0 0 0 1
337 1 0.4378371 0.04116552 -0.8981115 100.4445 -0.02861101 0.9990832 0.03184551 106.3465 0.898599 0.01175273 0.4386135 -234.4764 0 0 0 1
338 0 0.4379312 0.04073575 -0.8980851 100.9145 -0.02670241 0.9991215 0.03229777 105.9408 0.8986118 0.00983684 0.4386342 -234.6899 0 0 0 1
338 1 0.4379312 0.04073575 -0.8980851 100.3817 -0.02670241 0.9991215 0.03229777 105.9409 0.8986118 0.00983684 0.4386342 -234.6899 0 0 0 1
