frame cameraID r1,1 r1,2 r1,3 t1 r2,1 r2,2 r2,3 t2 r3,1 r3,2 r3,3 t3 0 0 0 1
0 0 0.4085594 0.0248937 0.9123923 2.247197 -0.003201224 0.9996609 -0.02584127 114.6336 -0.9127262 0.007636925 0.4085006 -0.08538312 0 0 0 1
0 1 0.4085594 0.0248937 0.9123923 1.714472 -0.003201224 0.9996609 -0.02584127 114.6336 -0.9127262 0.007636925 0.4085006 -0.08538312 0 0 0 1
1 0 0.4124876 0.02444901 0.9106351 1.890863 -0.003960063 0.9996784 -0.0250459 114.6497 -0.9109547 0.00672495 0.4124517 -1.341982 0 0 0 1
1 1 0.4124876 0.02444901 0.9106351 1.358138 -0.003960063 0.9996784 -0.0250459 114.6497 -0.9109547 0.00672495 0.4124517 -1.341982 0 0 0 1
2 0 0.4163104 0.02587269 0.9088545 1.752101 -0.005571489 0.9996489 -0.02590529 114.6599 -0.9092056 0.005720967 0.4163083 -2.608411 0 0 0 1
2 1 0.4163104 0.02587269 0.9088545 1.219376 -0.005571489 0.9996489 -0.02590529 114.6599 -0.9092056 0.005720967 0.4163083 -2.608412 0 0 0 1
3 0 0.420145 0.02692048 0.9070577 1.533383 -0.007234325 0.9996275 -0.02631694 114.6695 -0.9074282 0.004494984 0.4201832 -4.009634 0 0 0 1
3 1 0.420145 0.02692048 0.9070577 1.000658 -0.007234325 0.9996275 -0.02631694 114.6695 -0.9074282 0.004494984 0.4201832 -4.009634 0 0 0 1
4 0 0.4239277 0.02790507 0.905266 1.336748 -0.007610587 0.9995997 -0.02724896 114.6826 -0.9056641 0.004661984 0.4239703 -5.139141 0 0 0 1
4 1 0.4239277 0.02790507 0.905266 0.8040233 -0.007610587 0.9995997 -0.02724896 114.6826 -0.9056641 0.004661984 0.4239703 -5.139141 0 0 0 1
5 0 0.4274303 0.02733008 0.9036351 0.9613667 -0.006122567 0.9996075 -0.02733668 114.7064 -0.9040275 0.006151961 0.4274299 -6.11678 0 0 0 1
5 1 0.4274303 0.02733008 0.9036351 0.4286418 -0.006122567 0.9996075 -0.02733668 114.7064 -0.9040275 0.006151961 0.4274299 -6.11678 0 0 0 1
6 0 0.4316078 0.02522051 0.9017087 0.3966115 -0.00363511 0.9996496 -0.02621992 114.7378 -0.9020541 0.008038914 0.4315483 -7.168831 0 0 0 1
6 1 0.4316078 0.02522051 0.9017087 -0.1361139 -0.00363511 0.9996496 -0.02621992 114.7378 -0.9020541 0.008038914 0.4315483 -7.168831 0 0 0 1
7 0 0.4352818 0.02243927 0.9000146 -0.2180352 -0.001936425 0.9997104 -0.02398837 114.7599 -0.9002922 0.00869889 0.4351992 -8.251131 0 0 0 1
7 1 0.4352818 0.02243927 0.9000146 -0.7507601 -0.001936425 0.9997104 -0.02398837 114.7599 -0.9002922 0.00869889 0.4351992 -8.251131 0 0 0 1
8 0 0.4386159 0.02068593 0.8984365 -0.7060189 -0.002272648 0.9997574 -0.02190928 114.7646 -0.8986717 0.007567928 0.4385565 -9.537525 0 0 0 1
8 1 0.4386159 0.02068593 0.8984365 -1.238744 -0.002272648 0.9997574 -0.02190928 114.7646 -0.8986717 0.007567928 0.4385565 -9.537525 0 0 0 1
9 0 0.4417816 0.01808165 0.8969404 -1.322403 -0.002325986 0.9998166 -0.01900991 114.7641 -0.8971195 0.006311957 0.4417427 -10.95431 0 0 0 1
9 1 0.4417816 0.01808165 0.8969404 -1.855128 -0.002325986 0.9998166 -0.01900991 114.7641 -0.8971195 0.006311957 0.4417427 -10.95431 0 0 0 1
10 0 0.4439527 0.01984856 0.8958304 -1.415359 -0.005441164 0.9997959 -0.01945557 114.7482 -0.8960338 0.003762991 0.4439701 -12.40069 0 0 0 1
10 1 0.4439527 0.01984856 0.8958304 -1.948083 -0.005441164 0.9997959 -0.01945557 114.7482 -0.8960338 0.003762991 0.4439701 -12.40069 0 0 0 1
11 0 0.446077 0.02073652 0.8947543 -1.640116 -0.009309362 0.9997849 -0.01852952 114.7078 -0.8949461 -6.399956E-05 0.4461742 -14.10797 0 0 0 1
11 1 0.446077 0.02073652 0.8947543 -2.172841 -0.009309362 0.9997849 -0.01852952 114.7078 -0.8949461 -6.399956E-05 0.4461742 -14.10797 0 0 0 1
12 0 0.4483625 0.02426862 0.8935224 -1.524514 -0.01068765 0.9997054 -0.02178964 114.7241 -0.893788 0.0002200007 0.4484898 -15.23217 0 0 0 1
12 1 0.4483625 0.02426862 0.8935224 -2.057238 -0.01068765 0.9997054 -0.02178964 114.7241 -0.893788 0.0002200007 0.4484898 -15.23217 0 0 0 1
13 0 0.4501581 0.02669778 0.8925498 -1.539294 -0.01026738 0.9996416 -0.02472274 114.764 -0.89289 0.001964998 0.4502709 -16.1881 0 0 0 1
13 1 0.4501581 0.02669778 0.8925498 -2.072021 -0.01026738 0.9996416 -0.02472274 114.764 -0.89289 0.001964998 0.4502709 -16.1881 0 0 0 1
14 0 0.4526691 0.02955434 0.8911886 -1.523465 -0.009018756 0.9995512 -0.02856698 114.8304 -0.8916329 0.004893979 0.4527326 -17.12805 0 0 0 1
14 1 0.4526691 0.02955434 0.8911886 -2.056188 -0.009018756 0.9995512 -0.02856698 114.8304 -0.8916329 0.004893979 0.4527326 -17.12805 0 0 0 1
15 0 0.4555957 0.0290623 0.8897123 -1.841419 -0.00749362 0.9995567 -0.02881309 114.8714 -0.8901553 0.006459954 0.4556115 -18.11129 0 0 0 1
15 1 0.4555957 0.0290623 0.8897123 -2.374143 -0.00749362 0.9995567 -0.02881309 114.8714 -0.8901553 0.006459954 0.4556115 -18.11129 0 0 0 1
16 0 0.4591058 0.03087945 0.8878448 -1.879676 -0.008429159 0.9995021 -0.03040418 114.89 -0.8883417 0.006474954 0.4591376 -19.27432 0 0 0 1
16 1 0.4591058 0.03087945 0.8878448 -2.4124 -0.008429159 0.9995021 -0.03040418 114.89 -0.8883417 0.006474954 0.4591376 -19.27432 0 0 0 1
17 0 0.4624994 0.03035598 0.8860998 -2.180314 -0.009727546 0.9995273 -0.02916448 114.8709 -0.8865662 0.00486898 0.4625761 -20.62252 0 0 0 1
17 1 0.4624994 0.03035598 0.8860998 -2.71304 -0.009727546 0.9995273 -0.02916448 114.8709 -0.8865662 0.00486898 0.4625761 -20.62252 0 0 0 1
18 0 0.4662975 0.03049793 0.8841021 -2.422799 -0.01004277 0.9995236 -0.02918269 114.8823 -0.884571 0.004728984 0.4663817 -21.92066 0 0 0 1
18 1 0.4662975 0.03049793 0.8841021 -2.955523 -0.01004277 0.9995236 -0.02918269 114.8823 -0.884571 0.004728984 0.4663817 -21.92066 0 0 0 1
19 0 0.4695983 0.03167 0.882312 -2.522782 -0.008967225 0.999476 -0.03110284 114.9432 -0.8828346 0.006693951 0.4696362 -22.86081 0 0 0 1
19 1 0.4695983 0.03167 0.882312 -3.055507 -0.008967225 0.999476 -0.03110284 114.9432 -0.8828346 0.006693951 0.4696362 -22.86081 0 0 0 1
20 0 0.4733661 0.03162929 0.8802978 -2.776246 -0.006591235 0.9994543 -0.03236628 115.0273 -0.8808411 0.009518853 0.4733163 -23.81997 0 0 0 1
20 1 0.4733661 0.03162929 0.8802978 -3.30897 -0.006591235 0.9994543 -0.03236628 115.0273 -0.8808411 0.009518853 0.4733163 -23.81997 0 0 0 1
21 0 0.4761218 0.03262788 0.8787739 -2.897918 -0.007597053 0.9994268 -0.03299148 115.0366 -0.8793465 0.009031877 0.4760967 -25.03621 0 0 0 1
21 1 0.4761218 0.03262788 0.8787739 -3.430642 -0.007597053 0.9994268 -0.03299148 115.0366 -0.8793465 0.009031877 0.4760967 -25.03621 0 0 0 1
22 0 0.4781374 0.03364785 0.8776402 -3.0336 -0.01006876 0.9994102 -0.03283094 115.0013 -0.8782274 0.006860947 0.4781942 -26.44346 0 0 0 1
22 1 0.4781374 0.03364785 0.8776402 -3.566326 -0.01006876 0.9994102 -0.03283094 115.0013 -0.8782274 0.006860947 0.4781942 -26.44346 0 0 0 1
23 0 0.4795283 0.0335402 0.8768853 -3.345489 -0.01122977 0.999422 -0.03208609 114.983 -0.8774546 0.005538972 0.4796278 -27.86625 0 0 0 1
23 1 0.4795283 0.0335402 0.8768853 -3.878214 -0.01122977 0.999422 -0.03208609 114.983 -0.8774546 0.005538972 0.4796278 -27.86625 0 0 0 1
24 0 0.4802599 0.0330435 0.8765036 -3.6907 -0.01111858 0.9994392 -0.03158591 114.9939 -0.8770558 0.005423972 0.4803579 -29.02764 0 0 0 1
24 1 0.4802599 0.0330435 0.8765036 -4.223425 -0.01111858 0.9994392 -0.03158591 114.9939 -0.8770558 0.005423972 0.4803579 -29.02764 0 0 0 1
25 0 0.4809925 0.03074201 0.8761855 -4.235429 -0.01212309 0.9995227 -0.02841433 114.9278 -0.8766409 0.003044996 0.4811356 -30.44628 0 0 0 1
25 1 0.4809925 0.03074201 0.8761855 -4.768154 -0.01212309 0.9995227 -0.02841433 114.9278 -0.8766409 0.003044996 0.4811356 -30.44628 0 0 0 1
26 0 0.4820992 0.02986156 0.8756076 -4.623551 -0.0145832 0.999554 -0.02605927 114.8327 -0.8759953 -0.0002060011 0.4823197 -32.07259 0 0 0 1
26 1 0.4820992 0.02986156 0.8756076 -5.156276 -0.0145832 0.999554 -0.02605927 114.8327 -0.8759953 -0.0002060011 0.4823197 -32.07259 0 0 0 1
27 0 0.4831618 0.03226539 0.8749364 -4.603727 -0.01467437 0.9994788 -0.02875463 114.8933 -0.8754081 0.001054002 0.4833835 -33.06841 0 0 0 1
27 1 0.4831618 0.03226539 0.8749364 -5.136454 -0.01467437 0.9994788 -0.02875463 114.8933 -0.8754081 0.001054002 0.4833835 -33.06841 0 0 0 1
28 0 0.4837572 0.03207111 0.8746145 -4.904478 -0.01117639 0.9994733 -0.03046777 115.0355 -0.8751309 0.004963976 0.4838609 -33.75646 0 0 0 1
28 1 0.4837572 0.03207111 0.8746145 -5.437201 -0.01117639 0.9994733 -0.03046777 115.0355 -0.8751309 0.004963976 0.4838609 -33.75646 0 0 0 1
29 0 0.4845272 0.03467471 0.8740887 -4.906484 -0.009119659 0.99936 -0.03458893 115.1976 -0.8747286 0.008787886 0.4845333 -34.56422 0 0 0 1
29 1 0.4845272 0.03467471 0.8740887 -5.439205 -0.009119659 0.99936 -0.03458893 115.1976 -0.8747286 0.008787886 0.4845333 -34.56422 0 0 0 1
30 0 0.4855303 0.0370878 0.8734329 -4.890563 -0.009651303 0.9992662 -0.03706591 115.2566 -0.8741666 0.009566857 0.4855319 -35.60736 0 0 0 1
30 1 0.4855303 0.0370878 0.8734329 -5.42329 -0.009651303 0.9992662 -0.03706591 115.2566 -0.8741666 0.009566857 0.4855319 -35.60736 0 0 0 1
31 0 0.4870144 0.03548798 0.8726727 -5.311758 -0.009083431 0.9993259 -0.03556923 115.2616 -0.8733467 0.009395864 0.4870085 -36.7627 0 0 0 1
31 1 0.4870144 0.03548798 0.8726727 -5.844483 -0.009083431 0.9993259 -0.03556923 115.2616 -0.8733467 0.009395864 0.4870085 -36.7627 0 0 0 1
32 0 0.487994 0.03305257 0.8722211 -5.876602 -0.008068687 0.9994109 -0.0333581 115.2635 -0.8728098 0.009240871 0.4879732 -38.0192 0 0 0 1
32 1 0.487994 0.03305257 0.8722211 -6.409325 -0.008068687 0.9994109 -0.0333581 115.2635 -0.8728098 0.009240871 0.4879732 -38.0192 0 0 0 1
33 0 0.4888157 0.0329999 0.8717628 -6.144571 -0.008989936 0.9994218 -0.03279149 115.241 -0.8723409 0.008191906 0.4888297 -39.26225 0 0 0 1
33 1 0.4888157 0.0329999 0.8717628 -6.677295 -0.008989936 0.9994218 -0.03279149 115.241 -0.8723409 0.008191906 0.4888297 -39.26225 0 0 0 1
34 0 0.4900896 0.03183777 0.8710904 -6.515484 -0.009207129 0.9994661 -0.03134973 115.2163 -0.8716234 0.007343935 0.4901211 -40.4839 0 0 0 1
34 1 0.4900896 0.03183777 0.8710904 -7.04821 -0.009207129 0.9994661 -0.03134973 115.2163 -0.8716234 0.007343935 0.4901211 -40.4839 0 0 0 1
35 0 0.491865 0.03072307 0.8701293 -6.880342 -0.007774429 0.9994923 -0.030896 115.2707 -0.8706368 0.008431901 0.4918541 -41.60254 0 0 0 1
35 1 0.491865 0.03072307 0.8701293 -7.413064 -0.007774429 0.9994923 -0.030896 115.2707 -0.8706368 0.008431901 0.4918541 -41.60254 0 0 0 1
36 0 0.4940129 0.02906433 0.8689686 -7.25264 -0.005325652 0.9995235 -0.03040333 115.3575 -0.8694382 0.01039181 0.4939323 -42.50368 0 0 0 1
36 1 0.4940129 0.02906433 0.8689686 -7.785364 -0.005325652 0.9995235 -0.03040333 115.3575 -0.8694382 0.01039181 0.4939323 -42.50368 0 0 0 1
37 0 0.4965153 0.02909934 0.8675402 -7.4177 -0.005471465 0.999523 -0.0303949 115.3724 -0.8680108 0.01034482 0.4964376 -43.64186 0 0 0 1
37 1 0.4965153 0.02909934 0.8675402 -7.950424 -0.005471465 0.999523 -0.0303949 115.3724 -0.8680108 0.01034482 0.4964376 -43.64186 0 0 0 1
38 0 0.4994299 0.02888383 0.8658727 -7.626883 -0.006681896 0.9995428 -0.02948873 115.3259 -0.8663285 0.008941882 0.4993946 -45.05783 0 0 0 1
38 1 0.4994299 0.02888383 0.8658727 -8.159609 -0.006681896 0.9995428 -0.02948873 115.3259 -0.8663285 0.008941882 0.4993946 -45.05783 0 0 0 1
39 0 0.5022697 0.02856198 0.8642392 -7.815542 -0.006639357 0.9995522 -0.02917531 115.3368 -0.8646855 0.008915882 0.5022345 -46.19896 0 0 0 1
39 1 0.5022697 0.02856198 0.8642392 -8.348269 -0.006639357 0.9995522 -0.02917531 115.3368 -0.8646855 0.008915882 0.5022345 -46.19896 0 0 0 1
40 0 0.5050913 0.02742917 0.86263 -8.12397 -0.005170852 0.9995731 -0.02875591 115.3983 -0.8630504 0.01006383 0.5050175 -47.31425 0 0 0 1
40 1 0.5050913 0.02742917 0.86263 -8.656694 -0.005170852 0.9995731 -0.02875591 115.3983 -0.8630504 0.01006383 0.5050175 -47.31426 0 0 0 1
41 0 0.5079287 0.02741621 0.8609627 -8.265862 -0.005364905 0.9995747 -0.02866508 115.4074 -0.8613824 0.009940836 0.5078598 -48.46134 0 0 0 1
41 1 0.5079287 0.02741621 0.8609627 -8.798588 -0.005364905 0.9995747 -0.02866508 115.4074 -0.8613824 0.009940836 0.5078598 -48.46134 0 0 0 1
42 0 0.5107464 0.02607096 0.8593361 -8.556664 -0.005476396 0.9996185 -0.02707202 115.3703 -0.859714 0.009120874 0.5106943 -49.68483 0 0 0 1
42 1 0.5107464 0.02607096 0.8593361 -9.089386 -0.005476396 0.9996185 -0.02707202 115.3703 -0.859714 0.009120874 0.5106943 -49.68483 0 0 0 1
43 0 0.5137579 0.02636592 0.8575299 -8.674885 -0.006013921 0.9996138 -0.02713146 115.3708 -0.8579141 0.00878189 0.5137181 -50.96106 0 0 0 1
43 1 0.5137579 0.02636592 0.8575299 -9.207613 -0.006013921 0.9996138 -0.02713146 115.3708 -0.8579141 0.00878189 0.5137181 -50.96106 0 0 0 1
44 0 0.5164966 0.02700475 0.8558633 -8.735014 -0.006703223 0.9995995 -0.02749474 115.3732 -0.856263 0.008463901 0.5164708 -52.11961 0 0 0 1
44 1 0.5164966 0.02700475 0.8558633 -9.267735 -0.006703223 0.9995995 -0.02749474 115.3732 -0.856263 0.008463901 0.5164708 -52.11961 0 0 0 1
45 0 0.5191214 0.02751691 0.8542575 -8.80728 -0.008580699 0.999599 -0.0269842 115.2954 -0.8546575 0.006677952 0.5191493 -53.43669 0 0 0 1
45 1 0.5191214 0.02751691 0.8542575 -9.34001 -0.008580699 0.999599 -0.0269842 115.2954 -0.8546575 0.006677952 0.5191493 -53.43669 0 0 0 1
46 0 0.5220823 0.0277402 0.8524439 -8.913586 -0.01091022 0.9996064 -0.02584715 115.173 -0.8528254 0.004193989 0.5221794 -54.9445 0 0 0 1
46 1 0.5220823 0.0277402 0.8524439 -9.446308 -0.01091022 0.9996064 -0.02584715 115.173 -0.8528254 0.004193989 0.5221794 -54.9445 0 0 0 1
47 0 0.5250006 0.02740537 0.8506606 -9.044874 -0.01110797 0.999617 -0.02534875 115.1585 -0.8510295 0.003858992 0.5251039 -56.09995 0 0 0 1
47 1 0.5250006 0.02740537 0.8506606 -9.577599 -0.01110797 0.999617 -0.02534875 115.1585 -0.8510295 0.003858992 0.5251039 -56.09995 0 0 0 1
48 0 0.5280716 0.0259987 0.8488019 -9.288277 -0.009178442 0.9996476 -0.02490884 115.238 -0.8491503 0.005362975 0.5281242 -57.04115 0 0 0 1
48 1 0.5280716 0.0259987 0.8488019 -9.821003 -0.009178442 0.9996476 -0.02490884 115.238 -0.8491503 0.005362975 0.5281242 -57.04115 0 0 0 1
49 0 0.5318487 0.02644559 0.8464264 -9.294718 -0.009842345 0.9996378 -0.0250481 115.2286 -0.8467823 0.00499098 0.5319164 -58.30926 0 0 0 1
49 1 0.5318487 0.02644559 0.8464264 -9.827444 -0.009842345 0.9996378 -0.0250481 115.2286 -0.8467823 0.00499098 0.5319164 -58.30926 0 0 0 1
50 0 0.5351861 0.02577474 0.8443409 -9.425077 -0.009059617 0.999652 -0.0247734 115.2659 -0.8446857 0.005608972 0.5352334 -59.35164 0 0 0 1
50 1 0.5351861 0.02577474 0.8443409 -9.957804 -0.009059617 0.999652 -0.0247734 115.2659 -0.8446857 0.005608972 0.5352334 -59.35164 0 0 0 1
51 0 0.5389648 0.0250917 0.8419544 -9.517252 -0.007379883 0.9996585 -0.02506743 115.368 -0.8422959 0.007296936 0.5389659 -60.27586 0 0 0 1
51 1 0.5389648 0.0250917 0.8419544 -10.04998 -0.007379883 0.9996585 -0.02506743 115.368 -0.8422959 0.007296936 0.5389659 -60.27586 0 0 0 1
52 0 0.5434095 0.02557158 0.8390783 -9.448837 -0.00798911 0.9996482 -0.02529112 115.3654 -0.8394299 0.007039944 0.5434226 -61.52605 0 0 0 1
52 1 0.5434095 0.02557158 0.8390783 -9.981562 -0.00798911 0.9996482 -0.02529112 115.3653 -0.8394299 0.007039944 0.5434226 -61.52605 0 0 0 1
53 0 0.5478101 0.02430701 0.8362495 -9.5457 -0.007438641 0.9996799 -0.02418448 115.3592 -0.8365696 0.007027943 0.5478156 -62.64555 0 0 0 1
53 1 0.5478101 0.02430701 0.8362495 -10.07842 -0.007438641 0.9996799 -0.02418448 115.3592 -0.8365696 0.007027943 0.5478156 -62.64555 0 0 0 1
54 0 0.5524734 0.02484269 0.8331603 -9.405554 -0.007201133 0.9996607 -0.02503219 115.4214 -0.8334994 0.007829919 0.5524648 -63.67509 0 0 0 1
54 1 0.5524734 0.02484269 0.8331603 -9.938276 -0.007201133 0.9996607 -0.02503219 115.4214 -0.8334994 0.007829919 0.5524648 -63.67509 0 0 0 1
55 0 0.5572298 0.0256084 0.8299633 -9.268074 -0.007693117 0.9996406 -0.02567868 115.443 -0.8303226 0.007923917 0.5572265 -64.89177 0 0 0 1
55 1 0.5572298 0.0256084 0.8299633 -9.800804 -0.007693117 0.9996406 -0.02567868 115.443 -0.8303226 0.007923917 0.5572265 -64.89177 0 0 0 1
56 0 0.5615008 0.02586319 0.8270719 -9.190977 -0.007534846 0.9996298 -0.02614379 115.4875 -0.8274419 0.0084479 0.5614878 -65.94325 0 0 0 1
56 1 0.5615008 0.02586319 0.8270719 -9.723698 -0.007534846 0.9996298 -0.02614379 115.4875 -0.8274419 0.0084479 0.5614878 -65.94325 0 0 0 1
57 0 0.5658636 0.02537829 0.8241082 -9.192699 -0.00710304 0.9996392 -0.02590652 115.5152 -0.8244683 0.008805888 0.5658396 -67.02199 0 0 0 1
57 1 0.5658636 0.02537829 0.8241082 -9.725424 -0.00710304 0.9996392 -0.02590652 115.5152 -0.8244683 0.008805888 0.5658396 -67.02199 0 0 0 1
58 0 0.5709029 0.02748897 0.8205573 -8.858545 -0.01041407 0.9996014 -0.02624142 115.3805 -0.8209515 0.006435955 0.5709616 -68.52208 0 0 0 1
58 1 0.5709029 0.02748897 0.8205573 -9.39127 -0.01041407 0.9996014 -0.02624142 115.3805 -0.8209515 0.006435955 0.5709616 -68.52208 0 0 0 1
59 0 0.5754696 0.02512987 0.8174369 -9.035027 -0.009408395 0.9996651 -0.02410854 115.3464 -0.8177691 0.006182962 0.5755132 -69.65668 0 0 0 1
59 1 0.5754696 0.02512987 0.8174369 -9.567755 -0.009408395 0.9996651 -0.02410854 115.3464 -0.8177691 0.006182962 0.5755132 -69.65668 0 0 0 1
60 0 0.5804707 0.02457572 0.8139102 -8.984303 -0.007671929 0.9996651 -0.024713 115.4817 -0.8142451 0.008100913 0.5804648 -70.6396 0 0 0 1
60 1 0.5804707 0.02457572 0.8139102 -9.517031 -0.007671929 0.9996651 -0.024713 115.4817 -0.8142451 0.008100913 0.5804648 -70.6396 0 0 0 1
61 0 0.5848411 0.02338472 0.8108107 -9.02177 -0.005653002 0.9996776 -0.02475433 115.6058 -0.8111282 0.00989384 0.5847847 -71.51466 0 0 0 1
61 1 0.5848411 0.02338472 0.8108107 -9.554491 -0.005653002 0.9996776 -0.02475433 115.6058 -0.8111282 0.00989384 0.5847847 -71.51466 0 0 0 1
62 0 0.5894359 0.02270658 0.807496 -8.971521 -0.004191999 0.9996774 -0.0250507 115.7153 -0.8078043 0.01138076 0.5893409 -72.42365 0 0 0 1
62 1 0.5894359 0.02270658 0.807496 -9.50424 -0.004191999 0.9996774 -0.0250507 115.7153 -0.8078043 0.01138076 0.5893409 -72.42366 0 0 0 1
63 0 0.593678 0.02394695 0.8043463 -8.751059 -0.004460142 0.9996397 -0.02646924 115.7926 -0.8046904 0.0121267 0.5935709 -73.5014 0 0 0 1
63 1 0.593678 0.02394695 0.8043463 -9.283785 -0.004460142 0.9996397 -0.02646924 115.7926 -0.8046904 0.0121267 0.5935709 -73.5014 0 0 0 1
64 0 0.5967969 0.02517558 0.8019974 -8.595577 -0.005530179 0.999613 -0.02726374 115.7938 -0.8023733 0.01183573 0.5967051 -74.56763 0 0 0 1
64 1 0.5967969 0.02517558 0.8019974 -9.1283 -0.005530179 0.999613 -0.02726374 115.7938 -0.8023733 0.01183573 0.5967051 -74.56763 0 0 0 1
65 0 0.5995451 0.02718536 0.7998792 -8.414948 -0.008514043 0.9995831 -0.02759101 115.6658 -0.8002957 0.00973185 0.5995265 -75.92072 0 0 0 1
65 1 0.5995451 0.02718536 0.7998792 -8.947674 -0.008514043 0.9995831 -0.02759101 115.6658 -0.8002957 0.00973185 0.5995265 -75.92073 0 0 0 1
66 0 0.6019976 0.02964759 0.7979473 -8.167355 -0.01108971 0.9995245 -0.02877072 115.5998 -0.798421 0.0084709 0.6020402 -77.05605 0 0 0 1
66 1 0.6019976 0.02964759 0.7979473 -8.700081 -0.01108971 0.9995245 -0.02877072 115.5998 -0.798421 0.0084709 0.6020402 -77.05605 0 0 0 1
67 0 0.6044637 0.03043778 0.796051 -8.106052 -0.01044555 0.9994867 -0.03028474 115.734 -0.7965642 0.009990834 0.6044713 -77.85824 0 0 0 1
67 1 0.6044637 0.03043778 0.796051 -8.638786 -0.01044555 0.9994867 -0.03028474 115.734 -0.7965642 0.009990834 0.6044713 -77.85824 0 0 0 1
68 0 0.6067898 0.03118836 0.7942502 -8.050247 -0.008705523 0.9994307 -0.03259449 115.9767 -0.7948146 0.01286365 0.6067159 -78.48268 0 0 0 1
68 1 0.6067898 0.03118836 0.7942502 -8.58297 -0.008705523 0.9994307 -0.03259449 115.9767 -0.7948146 0.01286365 0.6067159 -78.48268 0 0 0 1
69 0 0.6087155 0.03114864 0.7927769 -8.141499 -0.007377707 0.9994081 -0.03360249 116.1306 -0.7933543 0.01460548 0.608585 -79.30513 0 0 0 1
69 1 0.6087155 0.03114864 0.7927769 -8.674225 -0.007377707 0.9994081 -0.03360249 116.1306 -0.7933543 0.01460548 0.608585 -79.30514 0 0 0 1
70 0 0.6103425 0.03208534 0.7914875 -8.108723 -0.008487441 0.9993868 -0.03396821 116.1066 -0.7920921 0.01401454 0.6102406 -80.28869 0 0 0 1
70 1 0.6103425 0.03208534 0.7914875 -8.641453 -0.008487441 0.9993868 -0.03396821 116.1066 -0.7920921 0.01401454 0.6102406 -80.28868 0 0 0 1
71 0 0.6118176 0.03294338 0.7903126 -8.091808 -0.01011705 0.9993765 -0.03382592 116.0219 -0.7909342 0.01269966 0.6117694 -81.33963 0 0 0 1
71 1 0.6118176 0.03294338 0.7903126 -8.624531 -0.01011705 0.9993765 -0.03382592 116.0219 -0.7909342 0.01269966 0.6117694 -81.33964 0 0 0 1
72 0 0.6131767 0.03336794 0.7892408 -8.155846 -0.01210585 0.9993871 -0.03284734 115.8672 -0.789853 0.0105868 0.6132048 -82.56088 0 0 0 1
72 1 0.6131767 0.03336794 0.7892408 -8.688572 -0.01210585 0.9993871 -0.03284734 115.8672 -0.789853 0.0105868 0.6132048 -82.56087 0 0 0 1
73 0 0.6141573 0.03413415 0.7884451 -8.194885 -0.01430121 0.9993815 -0.03212633 115.7088 -0.789054 0.008454897 0.6142656 -83.6806 0 0 0 1
73 1 0.6141573 0.03413415 0.7884451 -8.727608 -0.01430121 0.9993815 -0.03212633 115.7088 -0.789054 0.008454897 0.6142656 -83.6806 0 0 0 1
74 0 0.6152776 0.03578457 0.7874979 -8.137371 -0.016797 0.9993375 -0.03228713 115.581 -0.7881315 0.006637949 0.6154711 -84.8467 0 0 0 1
74 1 0.6152776 0.03578457 0.7874979 -8.670097 -0.016797 0.9993375 -0.03228713 115.581 -0.7881315 0.006637949 0.6154711 -84.84671 0 0 0 1
75 0 0.6161953 0.03742945 0.7867036 -8.077095 -0.01791628 0.9992778 -0.03351007 115.5976 -0.7873896 0.006553954 0.6164209 -85.71727 0 0 0 1
75 1 0.6161953 0.03742945 0.7867036 -8.609825 -0.01791628 0.9992778 -0.03351007 115.5976 -0.7873896 0.006553954 0.6164209 -85.71727 0 0 0 1
76 0 0.6175458 0.03685701 0.785671 -8.246197 -0.01534077 0.9992759 -0.03481953 115.8536 -0.7863854 0.009449863 0.617664 -86.3302 0 0 0 1
76 1 0.6175458 0.03685701 0.785671 -8.778923 -0.01534077 0.9992759 -0.03481953 115.8536 -0.7863854 0.009449863 0.617664 -86.3302 0 0 0 1
77 0 0.6190046 0.03428258 0.7846388 -8.605869 -0.0113757 0.9993334 -0.03468873 116.1117 -0.7853049 0.01254667 0.618982 -86.81929 0 0 0 1
77 1 0.6190046 0.03428258 0.7846388 -9.138599 -0.0113757 0.9993334 -0.03468873 116.1117 -0.7853049 0.01254667 0.618982 -86.8193 0 0 0 1
78 0 0.620405 0.03269992 0.7835997 -8.83564 -0.00923503 0.9993657 -0.03439221 116.2462 -0.7842273 0.01410053 0.6203135 -87.48186 0 0 0 1
78 1 0.620405 0.03269992 0.7835997 -9.368362 -0.00923503 0.9993657 -0.03439221 116.2462 -0.7842273 0.01410053 0.6203135 -87.48186 0 0 0 1
79 0 0.6218691 0.03073582 0.7825178 -9.107346 -0.009451378 0.9994513 -0.03174552 116.0863 -0.7830641 0.01234569 0.6218184 -88.50654 0 0 0 1
79 1 0.6218691 0.03073582 0.7825178 -9.640072 -0.009451378 0.9994513 -0.03174552 116.0863 -0.7830641 0.01234569 0.6218184 -88.50654 0 0 0 1
80 0 0.6235976 0.02960421 0.7811848 -9.271549 -0.01067552 0.999512 -0.02935609 115.8748 -0.7816726 0.009966836 0.6236093 -89.67348 0 0 0 1
80 1 0.6235976 0.02960421 0.7811848 -9.804276 -0.01067552 0.999512 -0.02935609 115.8748 -0.7816726 0.009966836 0.6236093 -89.67348 0 0 0 1
81 0 0.6248703 0.02918058 0.780183 -9.37508 -0.01092461 0.9995303 -0.02863483 115.8263 -0.7806521 0.009369863 0.6248956 -90.53722 0 0 0 1
81 1 0.6248703 0.02918058 0.780183 -9.90781 -0.01092461 0.9995303 -0.02863483 115.8263 -0.7806521 0.009369863 0.6248956 -90.53722 0 0 0 1
82 0 0.6260561 0.02855987 0.7792549 -9.51561 -0.01060486 0.9995485 -0.0281137 115.8267 -0.7797059 0.009336863 0.6260762 -91.31624 0 0 0 1
82 1 0.6260561 0.02855987 0.7792549 -10.04834 -0.01060486 0.9995485 -0.0281137 115.8267 -0.7797059 0.009336863 0.6260762 -91.31625 0 0 0 1
83 0 0.6273065 0.02842197 0.7782537 -9.606583 -0.01067557 0.9995537 -0.02789892 115.822 -0.7786993 0.009192871 0.62733 -92.16385 0 0 0 1
83 1 0.6273065 0.02842197 0.7782537 -10.13931 -0.01067557 0.9995537 -0.02789892 115.822 -0.7786993 0.009192871 0.62733 -92.16385 0 0 0 1
84 0 0.6285051 0.02980237 0.7772343 -9.501331 -0.01169604 0.9995148 -0.0288676 115.8306 -0.7777176 0.009052877 0.6285487 -92.92242 0 0 0 1
84 1 0.6285051 0.02980237 0.7772343 -10.03406 -0.01169604 0.9995148 -0.0288676 115.8306 -0.7777176 0.009052877 0.6285487 -92.92241 0 0 0 1
85 0 0.6297113 0.03010809 0.7762455 -9.533829 -0.01158235 0.9995015 -0.02937156 115.8851 -0.7767429 0.009504857 0.6297461 -93.66109 0 0 0 1
85 1 0.6297113 0.03010809 0.7762455 -10.06656 -0.01158235 0.9995015 -0.02937156 115.8851 -0.7767429 0.009504857 0.6297461 -93.66109 0 0 0 1
86 0 0.6309454 0.02998612 0.7752475 -9.585846 -0.01147053 0.9995041 -0.0293248 115.9016 -0.7757425 0.009609851 0.6309766 -94.34845 0 0 0 1
86 1 0.6309454 0.02998612 0.7752475 -10.11857 -0.01147053 0.9995041 -0.0293248 115.9016 -0.7757425 0.009609851 0.6309766 -94.34845 0 0 0 1
87 0 0.6322581 0.03051072 0.7741569 -9.544518 -0.01149654 0.9994837 -0.03000192 115.9573 -0.7746726 0.01006883 0.6322824 -94.97151 0 0 0 1
87 1 0.6322581 0.03051072 0.7741569 -10.07724 -0.01149654 0.9994837 -0.03000192 115.9573 -0.7746726 0.01006883 0.6322824 -94.97151 0 0 0 1
88 0 0.6334577 0.03080646 0.7731637 -9.553955 -0.0114744 0.9994712 -0.03042256 116.0005 -0.7736922 0.01039981 0.6334763 -95.65479 0 0 0 1
88 1 0.6334577 0.03080646 0.7731637 -10.08667 -0.0114744 0.9994712 -0.03042256 116.0004 -0.7736922 0.01039981 0.6334763 -95.65479 0 0 0 1
89 0 0.6348455 0.03112216 0.7720121 -9.515335 -0.01142826 0.9994574 -0.03089342 116.0477 -0.7725546 0.01078979 0.6348567 -96.2561 0 0 0 1
89 1 0.6348455 0.03112216 0.7720121 -10.04806 -0.01142826 0.9994574 -0.03089342 116.0477 -0.7725546 0.01078979 0.6348567 -96.2561 0 0 0 1
90 0 0.6360178 0.03138191 0.771036 -9.507702 -0.0113874 0.9994456 -0.03128508 116.0894 -0.7715904 0.01111777 0.6360226 -96.84254 0 0 0 1
90 1 0.6360178 0.03138191 0.771036 -10.04042 -0.0113874 0.9994456 -0.03128508 116.0894 -0.7715904 0.01111777 0.6360226 -96.84254 0 0 0 1
91 0 0.6372452 0.03142197 0.7700202 -9.529831 -0.0116694 0.9994473 -0.03112689 116.0718 -0.7705728 0.01084979 0.6372597 -97.53644 0 0 0 1
91 1 0.6372452 0.03142197 0.7700202 -10.06255 -0.0116694 0.9994473 -0.03112689 116.0719 -0.7705728 0.01084979 0.6372597 -97.53644 0 0 0 1
92 0 0.6386529 0.03113613 0.7688648 -9.541431 -0.01154123 0.9994562 -0.03088756 116.0751 -0.7694084 0.01085279 0.638665 -98.12553 0 0 0 1
92 1 0.6386529 0.03113613 0.7688648 -10.07415 -0.01154123 0.9994562 -0.03088756 116.0751 -0.7694084 0.01085279 0.638665 -98.12553 0 0 0 1
93 0 0.6399144 0.03079829 0.7678288 -9.571499 -0.01131012 0.9994658 -0.03066351 116.0862 -0.7683629 0.01093778 0.6399208 -98.68544 0 0 0 1
93 1 0.6399144 0.03079829 0.7678288 -10.10423 -0.01131012 0.9994658 -0.03066351 116.0862 -0.7683629 0.01093778 0.6399208 -98.68544 0 0 0 1
94 0 0.6413312 0.0302064 0.7666694 -9.613064 -0.01052614 0.9994771 -0.03057362 116.146 -0.767192 0.01153774 0.6413138 -99.23064 0 0 0 1
94 1 0.6413312 0.0302064 0.7666694 -10.14579 -0.01052614 0.9994771 -0.03057362 116.146 -0.767192 0.01153774 0.6413138 -99.23064 0 0 0 1
95 0 0.6428193 0.03022648 0.7654213 -9.554131 -0.01080457 0.9994795 -0.03039549 116.1239 -0.7659416 0.01126876 0.6428114 -99.8084 0 0 0 1
95 1 0.6428193 0.03022648 0.7654213 -10.08686 -0.01080457 0.9994795 -0.03039549 116.1239 -0.7659416 0.01126876 0.6428114 -99.8084 0 0 0 1
96 0 0.6441391 0.03015651 0.7643136 -9.525108 -0.01079964 0.9994815 -0.03033362 116.1297 -0.7648321 0.01128476 0.6441308 -100.3319 0 0 0 1
96 1 0.6441391 0.03015651 0.7643136 -10.05783 -0.01079964 0.9994815 -0.03033362 116.1297 -0.7648321 0.01128476 0.6441308 -100.3319 0 0 0 1
97 0 0.6454767 0.03029733 0.7631789 -9.479588 -0.01070613 0.9994737 -0.030623 116.1678 -0.763705 0.01159574 0.6454613 -100.8528 0 0 0 1
97 1 0.6454767 0.03029733 0.7631789 -10.01231 -0.01070613 0.9994737 -0.030623 116.1678 -0.763705 0.01159574 0.6454613 -100.8528 0 0 0 1
98 0 0.6467488 0.02989947 0.7621168 -9.483685 -0.01036377 0.9994836 -0.03041696 116.1865 -0.7626327 0.01177373 0.6467246 -101.3254 0 0 0 1
98 1 0.6467488 0.02989947 0.7621168 -10.01641 -0.01036377 0.9994836 -0.03041696 116.1865 -0.7626327 0.01177373 0.6467246 -101.3254 0 0 0 1
99 0 0.6480811 0.02954776 0.760998 -9.464825 -0.01042493 0.9994977 -0.02993006 116.1555 -0.7615001 0.01146375 0.6480635 -101.8422 0 0 0 1
99 1 0.6480811 0.02954776 0.760998 -9.997547 -0.01042493 0.9994977 -0.02993006 116.1555 -0.7615001 0.01146375 0.6480635 -101.8422 0 0 0 1
100 0 0.649265 0.02887331 0.760014 -9.50544 -0.01057103 0.9995252 -0.02894184 116.0814 -0.7604888 0.01075679 0.649262 -102.4301 0 0 0 1
100 1 0.649265 0.02887331 0.760014 -10.03816 -0.01057103 0.9995252 -0.02894184 116.0814 -0.7604888 0.01075679 0.649262 -102.4301 0 0 0 1
101 0 0.6504086 0.02771993 0.7590786 -9.588684 -0.01007335 0.9995608 -0.02787058 116.0453 -0.7595177 0.01048081 0.6504022 -102.9054 0 0 0 1
101 1 0.6504086 0.02771993 0.7590786 -10.12141 -0.01007335 0.9995608 -0.02787058 116.0453 -0.7595177 0.01048081 0.6504022 -102.9054 0 0 0 1
102 0 0.6515156 0.02723912 0.758146 -9.592728 -0.009748079 0.9995733 -0.02753621 116.0509 -0.7585726 0.0105498 0.6515031 -103.331 0 0 0 1
102 1 0.6515156 0.02723912 0.758146 -10.12545 -0.009748079 0.9995733 -0.02753621 116.0509 -0.7585726 0.0105498 0.6515031 -103.331 0 0 0 1
103 0 0.6526421 0.0271661 0.7571791 -9.55201 -0.009632934 0.9995738 -0.02755975 116.0686 -0.7576051 0.01069279 0.6526257 -103.7744 0 0 0 1
103 1 0.6526421 0.0271661 0.7571791 -10.08473 -0.009632934 0.9995738 -0.02755975 116.0686 -0.7576051 0.01069279 0.6526257 -103.7744 0 0 0 1
104 0 0.6536666 0.02763283 0.756278 -9.450428 -0.009790909 0.9995583 -0.02805931 116.1014 -0.7567193 0.01093678 0.6536484 -104.1449 0 0 0 1
104 1 0.6536666 0.02763283 0.756278 -9.983147 -0.009790909 0.9995583 -0.02805931 116.1014 -0.7567193 0.01093678 0.6536484 -104.1449 0 0 0 1
105 0 0.6545241 0.02748781 0.7555413 -9.446404 -0.009515966 0.9995592 -0.02812191 116.1333 -0.7559813 0.01121677 0.6544972 -104.5301 0 0 0 1
105 1 0.6545241 0.02748781 0.7555413 -9.979126 -0.009515966 0.9995592 -0.02812191 116.1333 -0.7559813 0.01121677 0.6544972 -104.5301 0 0 0 1
106 0 0.6548957 0.02770565 0.7552112 -9.459003 -0.009520655 0.9995509 -0.02841347 116.1615 -0.7556593 0.01141775 0.6548654 -104.8624 0 0 0 1
106 1 0.6548957 0.02770565 0.7552112 -9.991726 -0.009520655 0.9995509 -0.02841347 116.1615 -0.7556593 0.01141775 0.6548654 -104.8624 0 0 0 1
107 0 0.655028 0.02727069 0.7551124 -9.577877 -0.00888596 0.9995574 -0.02839057 116.2125 -0.7555524 0.01188672 0.6549804 -105.1479 0 0 0 1
107 1 0.655028 0.02727069 0.7551124 -10.1106 -0.00888596 0.9995574 -0.02839057 116.2125 -0.7555524 0.01188672 0.6549804 -105.1479 0 0 0 1
108 0 0.6550277 0.02660491 0.7551363 -9.749905 -0.008276356 0.9995726 -0.02803771 116.237 -0.7555595 0.0121157 0.654968 -105.4734 0 0 0 1
108 1 0.6550277 0.02660491 0.7551363 -10.28263 -0.008276356 0.9995726 -0.02803771 116.237 -0.7555595 0.0121157 0.654968 -105.4734 0 0 0 1
109 0 0.654963 0.02564741 0.7552255 -9.949249 -0.007905551 0.9996017 -0.02709039 116.1972 -0.7556195 0.01177273 0.654905 -105.8145 0 0 0 1
109 1 0.654963 0.02564741 0.7552255 -10.48198 -0.007905551 0.9996017 -0.02709039 116.1972 -0.7556195 0.01177273 0.654905 -105.8145 0 0 0 1
110 0 0.6549096 0.02534268 0.7552823 -10.07377 -0.008092436 0.9996154 -0.02652402 116.1453 -0.755664 0.01125876 0.6548628 -106.1657 0 0 0 1
110 1 0.6549096 0.02534268 0.7552823 -10.60649 -0.008092436 0.9996154 -0.02652402 116.1453 -0.755664 0.01125876 0.6548628 -106.1657 0 0 0 1
111 0 0.6547673 0.0254246 0.7554028 -10.17233 -0.008004279 0.9996113 -0.02670598 116.1716 -0.7557882 0.01143975 0.6547164 -106.451 0 0 0 1
111 1 0.6547673 0.0254246 0.7554028 -10.70504 -0.008004279 0.9996113 -0.02670598 116.1716 -0.7557882 0.01143975 0.6547164 -106.451 0 0 0 1
112 0 0.6547464 0.02606234 0.7553992 -10.1753 -0.008413892 0.9995947 -0.02719465 116.1841 -0.7558018 0.01144975 0.6547003 -106.7118 0 0 0 1
112 1 0.6547464 0.02606234 0.7553992 -10.70803 -0.008413892 0.9995947 -0.02719465 116.1841 -0.7558018 0.01144975 0.6547003 -106.7118 0 0 0 1
113 0 0.6547954 0.02630134 0.7553484 -10.21143 -0.008812703 0.9995921 -0.0271664 116.1571 -0.7557548 0.01113177 0.6547601 -107.0011 0 0 0 1
113 1 0.6547954 0.02630134 0.7553484 -10.74415 -0.008812703 0.9995921 -0.0271664 116.1571 -0.7557548 0.01113177 0.6547601 -107.0011 0 0 0 1
114 0 0.6548086 0.02683907 0.755318 -10.21856 -0.009053723 0.9995762 -0.02766945 116.1833 -0.7557405 0.01127976 0.6547741 -107.2499 0 0 0 1
114 1 0.6548086 0.02683907 0.755318 -10.75127 -0.009053723 0.9995762 -0.02766945 116.1833 -0.7557405 0.01127976 0.6547741 -107.2499 0 0 0 1
115 0 0.6547766 0.02674016 0.7553493 -10.29601 -0.009118519 0.9995807 -0.0274818 116.168 -0.7557675 0.01110677 0.6547459 -107.5007 0 0 0 1
115 1 0.6547766 0.02674016 0.7553493 -10.82873 -0.009118519 0.9995807 -0.0274818 116.168 -0.7557675 0.01110677 0.6547459 -107.5007 0 0 0 1
116 0 0.6548321 0.02702705 0.755291 -10.31956 -0.009338818 0.9995735 -0.02767168 116.1709 -0.7557167 0.01106678 0.6548052 -107.745 0 0 0 1
116 1 0.6548321 0.02702705 0.755291 -10.85228 -0.009338818 0.9995735 -0.02767168 116.1709 -0.7557167 0.01106678 0.6548052 -107.745 0 0 0 1
117 0 0.6549394 0.02694695 0.7552008 -10.36364 -0.008950842 0.9995705 -0.027904 116.2218 -0.7556284 0.01151575 0.6548994 -107.9044 0 0 0 1
117 1 0.6549394 0.02694695 0.7552008 -10.89637 -0.008950842 0.9995705 -0.027904 116.2218 -0.7556284 0.01151575 0.6548994 -107.9044 0 0 0 1
118 0 0.6550922 0.02657713 0.7550814 -10.42847 -0.008773703 0.9995813 -0.0275711 116.2123 -0.7554981 0.01143675 0.6550511 -108.1125 0 0 0 1
118 1 0.6550922 0.02657713 0.7550814 -10.9612 -0.008773703 0.9995813 -0.0275711 116.2123 -0.7554981 0.01143675 0.6550511 -108.1125 0 0 0 1
119 0 0.6551384 0.02565344 0.7550732 -10.57465 -0.007998925 0.9996029 -0.02702102 116.2304 -0.7554665 0.01166274 0.6550834 -108.2878 0 0 0 1
119 1 0.6551384 0.02565344 0.7550732 -11.10737 -0.007998925 0.9996029 -0.02702102 116.2304 -0.7554665 0.01166274 0.6550834 -108.2878 0 0 0 1
120 0 0.655259 0.02578829 0.7549641 -10.57622 -0.007850636 0.9995956 -0.02733066 116.2689 -0.7553635 0.01198171 0.6551965 -108.4238 0 0 0 1
120 1 0.655259 0.02578829 0.7549641 -11.10895 -0.007850636 0.9995956 -0.02733066 116.2689 -0.7553635 0.01198171 0.6551965 -108.4238 0 0 0 1
121 0 0.6554573 0.02621715 0.754777 -10.53231 -0.008223007 0.9995858 -0.02757961 116.2635 -0.7551875 0.01187072 0.6554013 -108.6038 0 0 0 1
121 1 0.6554573 0.02621715 0.754777 -11.06504 -0.008223007 0.9995858 -0.02757961 116.2635 -0.7551875 0.01187072 0.6554013 -108.6037 0 0 0 1
122 0 0.6554023 0.02701782 0.7547966 -10.48436 -0.008762098 0.9995647 -0.02817098 116.2728 -0.7552292 0.01184972 0.6553538 -108.7761 0 0 0 1
122 1 0.6554023 0.02701782 0.7547966 -11.01709 -0.008762098 0.9995647 -0.02817098 116.2728 -0.7552292 0.01184972 0.6553538 -108.7761 0 0 0 1
123 0 0.6555101 0.02748661 0.7546861 -10.44546 -0.009069176 0.9995519 -0.02852756 116.2806 -0.755132 0.01185572 0.6554656 -108.9214 0 0 0 1
123 1 0.6555101 0.02748661 0.7546861 -10.97818 -0.009069176 0.9995519 -0.02852756 116.2806 -0.755132 0.01185572 0.6554656 -108.9214 0 0 0 1
124 0 0.6555653 0.0279135 0.7546224 -10.41486 -0.009553085 0.9995432 -0.02867405 116.258 -0.755078 0.01158874 0.6555325 -109.0868 0 0 0 1
124 1 0.6555653 0.0279135 0.7546224 -10.94758 -0.009553085 0.9995432 -0.02867405 116.258 -0.755078 0.01158874 0.6555325 -109.0868 0 0 0 1
125 0 0.6556774 0.02815331 0.7545161 -10.39671 -0.009538012 0.9995337 -0.02900711 116.2879 -0.7549809 0.01182272 0.6556402 -109.1982 0 0 0 1
125 1 0.6556774 0.02815331 0.7545161 -10.92943 -0.009538012 0.9995337 -0.02900711 116.288 -0.7549809 0.01182272 0.6556402 -109.1982 0 0 0 1
126 0 0.6557583 0.02791834 0.7544545 -10.43446 -0.00919203 0.9995372 -0.02899799 116.3154 -0.7549149 0.01208071 0.6557114 -109.2853 0 0 0 1
126 1 0.6557583 0.02791834 0.7544545 -10.96719 -0.00919203 0.9995372 -0.02899799 116.3154 -0.7549149 0.01208071 0.6557114 -109.2853 0 0 0 1
127 0 0.6556987 0.02838026 0.7544891 -10.40859 -0.009820716 0.9995294 -0.02906268 116.2748 -0.7549588 0.01164674 0.6556687 -109.4416 0 0 0 1
127 1 0.6556987 0.02838026 0.7544891 -10.94131 -0.009820716 0.9995294 -0.02906268 116.2748 -0.7549588 0.01164674 0.6556687 -109.4416 0 0 0 1
128 0 0.6556508 0.02840526 0.7545298 -10.43661 -0.00986474 0.9995291 -0.02905659 116.2729 -0.7549998 0.01160774 0.6556222 -109.559 0 0 0 1
128 1 0.6556508 0.02840526 0.7545298 -10.96933 -0.00986474 0.9995291 -0.02905659 116.2729 -0.7549998 0.01160774 0.6556222 -109.559 0 0 0 1
129 0 0.6557497 0.02844923 0.7544422 -10.43654 -0.009855871 0.9995272 -0.02912456 116.2807 -0.754914 0.01166273 0.65572 -109.6458 0 0 0 1
129 1 0.6557497 0.02844923 0.7544422 -10.96926 -0.009855871 0.9995272 -0.02912456 116.2807 -0.754914 0.01166273 0.65572 -109.6458 0 0 0 1
130 0 0.6556108 0.02811948 0.7545753 -10.51713 -0.009881848 0.9995403 -0.02866236 116.2435 -0.7550343 0.01133476 0.6555873 -109.7794 0 0 0 1
130 1 0.6556108 0.02811948 0.7545753 -11.04985 -0.009881848 0.9995403 -0.02866236 116.2435 -0.7550343 0.01133476 0.6555873 -109.7794 0 0 0 1
131 0 0.6555802 0.02806163 0.754604 -10.54659 -0.01012069 0.9995461 -0.02837775 116.204 -0.7550578 0.01096678 0.6555666 -109.904 0 0 0 1
131 1 0.6555802 0.02806163 0.754604 -11.07932 -0.01012069 0.9995461 -0.02837775 116.204 -0.7550578 0.01096678 0.6555666 -109.904 0 0 0 1
132 0 0.6556267 0.02798075 0.7545667 -10.56973 -0.01027102 0.9995512 -0.02814097 116.1751 -0.7550154 0.0106998 0.6556197 -110.0213 0 0 0 1
132 1 0.6556267 0.02798075 0.7545667 -11.10245 -0.01027102 0.9995512 -0.02814097 116.1751 -0.7550154 0.0106998 0.6556197 -110.0213 0 0 0 1
133 0 0.6555462 0.02840356 0.7546207 -10.55605 -0.01056815 0.9995396 -0.02844154 116.1782 -0.7550811 0.0106698 0.6555445 -110.1163 0 0 0 1
133 1 0.6555462 0.02840356 0.7546207 -11.08878 -0.01056815 0.9995396 -0.02844154 116.1782 -0.7550811 0.0106698 0.6555445 -110.1163 0 0 0 1
134 0 0.6555904 0.02855941 0.7545765 -10.55346 -0.01046513 0.9995322 -0.02873825 116.2115 -0.7550443 0.01094378 0.6555825 -110.1716 0 0 0 1
134 1 0.6555904 0.02855941 0.7545765 -11.08619 -0.01046513 0.9995322 -0.02873825 116.2115 -0.7550443 0.01094378 0.6555825 -110.1716 0 0 0 1
135 0 0.655681 0.02837255 0.7545047 -10.58563 -0.01049397 0.9995396 -0.02846741 116.1891 -0.7549651 0.01074779 0.6556768 -110.2794 0 0 0 1
135 1 0.655681 0.02837255 0.7545047 -11.11836 -0.01049397 0.9995396 -0.02846741 116.1891 -0.7549651 0.01074779 0.6556768 -110.2794 0 0 0 1
136 0 0.6553563 0.02804007 0.7547993 -10.70261 -0.01123144 0.999562 -0.02738105 116.047 -0.7552364 0.009466859 0.6553841 -110.5019 0 0 0 1
136 1 0.6553563 0.02804007 0.7547993 -11.23534 -0.01123144 0.999562 -0.02738105 116.047 -0.7552364 0.009466859 0.6553841 -110.5019 0 0 0 1
137 0 0.6553921 0.02747857 0.7547888 -10.78505 -0.01165459 0.9995869 -0.02627078 115.9264 -0.7551989 0.008420902 0.6554416 -110.6987 0 0 0 1
137 1 0.6553921 0.02747857 0.7547888 -11.31778 -0.01165459 0.9995869 -0.02627078 115.9264 -0.7551989 0.008420902 0.6554416 -110.6987 0 0 0 1
138 0 0.6558663 0.02761049 0.7543721 -10.72419 -0.01168901 0.9995825 -0.0264227 115.9375 -0.7547867 0.008511898 0.6559152 -110.782 0 0 0 1
138 1 0.6558663 0.02761049 0.7543721 -11.25691 -0.01168901 0.9995825 -0.0264227 115.9375 -0.7547867 0.008511898 0.6559152 -110.782 0 0 0 1
139 0 0.6562287 0.02725259 0.7540699 -10.7324 -0.01130507 0.9995905 -0.02628764 115.9572 -0.7544774 0.008725892 0.656268 -110.844 0 0 0 1
139 1 0.6562287 0.02725259 0.7540699 -11.26512 -0.01130507 0.9995905 -0.02628764 115.9572 -0.7544774 0.008725892 0.656268 -110.844 0 0 0 1
140 0 0.6563423 0.02718473 0.7539734 -10.74514 -0.0116614 0.9995968 -0.02588938 115.8989 -0.7543733 0.008199909 0.6563946 -110.9856 0 0 0 1
140 1 0.6563423 0.02718473 0.7539734 -11.27786 -0.0116614 0.9995968 -0.02588938 115.8989 -0.7543733 0.008199909 0.6563946 -110.9856 0 0 0 1
141 0 0.6566523 0.02719176 0.7537031 -10.71997 -0.01177323 0.9995977 -0.02580579 115.8848 -0.7541015 0.008071913 0.6567083 -111.0873 0 0 0 1
141 1 0.6566523 0.02719176 0.7537031 -11.25269 -0.01177323 0.9995977 -0.02580579 115.8848 -0.7541015 0.008071913 0.6567083 -111.0873 0 0 0 1
142 0 0.6569407 0.02748357 0.7534412 -10.66697 -0.01172161 0.9995869 -0.02624201 115.9255 -0.7538511 0.008407901 0.6569915 -111.1425 0 0 0 1
142 1 0.6569407 0.02748357 0.7534412 -11.1997 -0.01172161 0.9995869 -0.02624201 115.9255 -0.7538511 0.008407901 0.6569915 -111.1425 0 0 0 1
143 0 0.6572027 0.02759454 0.7532087 -10.63748 -0.01187235 0.9995846 -0.0262617 115.9168 -0.7536204 0.008316903 0.6572573 -111.2355 0 0 0 1
143 1 0.6572027 0.02759454 0.7532087 -11.17021 -0.01187235 0.9995846 -0.0262617 115.9168 -0.7536204 0.008316903 0.6572573 -111.2355 0 0 0 1
144 0 0.6574668 0.02748647 0.752982 -10.63531 -0.01145244 0.9995835 -0.02648859 115.9689 -0.7533965 0.008791887 0.6575078 -111.269 0 0 0 1
144 1 0.6574668 0.02748647 0.752982 -11.16803 -0.01145244 0.9995835 -0.02648859 115.9689 -0.7533965 0.008791887 0.6575078 -111.269 0 0 0 1
145 0 0.6576254 0.02783528 0.7528307 -10.59071 -0.01155351 0.9995723 -0.02686593 115.993 -0.7532565 0.008969879 0.6576657 -111.3246 0 0 0 1
145 1 0.6576254 0.02783528 0.7528307 -11.12344 -0.01155351 0.9995723 -0.02686593 115.993 -0.7532565 0.008969879 0.6576657 -111.3246 0 0 0 1
146 0 0.6578498 0.02803923 0.752627 -10.55174 -0.01179753 0.9995678 -0.02692716 115.9803 -0.7530567 0.008834885 0.6578962 -111.4149 0 0 0 1
146 1 0.6578498 0.02803923 0.752627 -11.08447 -0.01179753 0.9995678 -0.02692716 115.9803 -0.7530567 0.008834885 0.6578962 -111.4149 0 0 0 1
147 0 0.6582053 0.02838904 0.752303 -10.48179 -0.01193006 0.9995566 -0.0272816 116.0003 -0.752744 0.00898188 0.6582522 -111.4748 0 0 0 1
147 1 0.6582053 0.02838904 0.752303 -11.01451 -0.01193006 0.9995566 -0.0272816 116.0003 -0.752744 0.00898188 0.6582522 -111.4748 0 0 0 1
148 0 0.6583483 0.02858201 0.7521706 -10.45776 -0.01221903 0.999553 -0.0272875 115.9796 -0.7526143 0.008773888 0.6584033 -111.5599 0 0 0 1
148 1 0.6583483 0.02858201 0.7521706 -10.99048 -0.01221903 0.999553 -0.0272875 115.9796 -0.7526143 0.008773888 0.6584033 -111.5599 0 0 0 1
149 0 0.6585892 0.02893988 0.7519459 -10.39664 -0.01258492 0.999544 -0.02744665 115.9653 -0.7523974 0.008612893 0.6586532 -111.6353 0 0 0 1
149 1 0.6585892 0.02893988 0.7519459 -10.92937 -0.01258492 0.999544 -0.02744665 115.9653 -0.7523974 0.008612893 0.6586532 -111.6353 0 0 0 1
150 0 0.6586844 0.02901878 0.7518596 -10.38903 -0.01243796 0.9995394 -0.02768167 115.9967 -0.7523165 0.008881885 0.658742 -111.6594 0 0 0 1
150 1 0.6586844 0.02901878 0.7518596 -10.92176 -0.01243796 0.9995394 -0.02768167 115.9967 -0.7523165 0.008881885 0.658742 -111.6594 0 0 0 1
151 0 0.6588118 0.02901584 0.751748 -10.38871 -0.01261002 0.9995415 -0.02752903 115.9719 -0.7522021 0.008656892 0.6588756 -111.732 0 0 0 1
151 1 0.6588118 0.02901584 0.751748 -10.92144 -0.01261002 0.9995415 -0.02752903 115.9719 -0.7522021 0.008656892 0.6588756 -111.732 0 0 0 1
152 0 0.658995 0.02910088 0.7515842 -10.36687 -0.01292789 0.9995419 -0.02736637 115.9349 -0.7520362 0.008317903 0.6590693 -111.8213 0 0 0 1
152 1 0.658995 0.02910088 0.7515842 -10.89961 -0.01292789 0.9995419 -0.02736637 115.9349 -0.7520362 0.008317903 0.6590693 -111.8213 0 0 0 1
153 0 0.6591588 0.02930871 0.7514324 -10.33571 -0.01282504 0.999533 -0.02773541 115.9739 -0.7518944 0.008644893 0.6592269 -111.8406 0 0 0 1
153 1 0.6591588 0.02930871 0.7514324 -10.86844 -0.01282504 0.999533 -0.02773541 115.9739 -0.7518944 0.008644893 0.6592269 -111.8406 0 0 0 1
154 0 0.6592289 0.02937067 0.7513685 -10.33128 -0.01283241 0.9995308 -0.02781244 115.9804 -0.7518328 0.008692892 0.6592965 -111.8831 0 0 0 1
154 1 0.6592289 0.02937067 0.7513685 -10.86401 -0.01283241 0.9995308 -0.02781244 115.9804 -0.7518328 0.008692892 0.6592965 -111.8831 0 0 0 1
155 0 0.659511 0.02945861 0.7511175 -10.29059 -0.01284979 0.9995276 -0.02791855 115.9885 -0.7515851 0.008760888 0.659578 -111.9248 0 0 0 1
155 1 0.659511 0.02945861 0.7511175 -10.82331 -0.01284979 0.9995276 -0.02791855 115.9885 -0.7515851 0.008760888 0.659578 -111.9248 0 0 0 1
156 0 0.6596535 0.02952258 0.7509897 -10.27792 -0.01289959 0.9995257 -0.02796218 115.9891 -0.7514591 0.00875789 0.6597216 -111.9735 0 0 0 1
156 1 0.6596535 0.02952258 0.7509897 -10.81065 -0.01289959 0.9995257 -0.02796218 115.9891 -0.7514591 0.00875789 0.6597216 -111.9735 0 0 0 1
157 0 0.6597633 0.02976657 0.7508837 -10.24693 -0.01339034 0.9995222 -0.0278577 115.9433 -0.7513542 0.008324904 0.6598466 -112.0646 0 0 0 1
157 1 0.6597633 0.02976657 0.7508837 -10.77966 -0.01339034 0.9995222 -0.0278577 115.9433 -0.7513542 0.008324904 0.6598466 -112.0646 0 0 0 1
158 0 0.6598173 0.02991452 0.7508303 -10.23652 -0.01354645 0.9995184 -0.02791832 115.937 -0.7513039 0.008249905 0.6599048 -112.1116 0 0 0 1
158 1 0.6598173 0.02991452 0.7508303 -10.76925 -0.01354645 0.9995184 -0.02791832 115.937 -0.7513039 0.008249905 0.6599048 -112.1116 0 0 0 1
159 0 0.6599336 0.03009538 0.7507209 -10.21189 -0.01351321 0.9995112 -0.02819004 115.9625 -0.7512024 0.008458902 0.6600177 -112.1255 0 0 0 1
159 1 0.6599336 0.03009538 0.7507209 -10.74462 -0.01351321 0.9995112 -0.02819004 115.9625 -0.7512024 0.008458902 0.6600177 -112.1255 0 0 0 1
160 0 0.6600332 0.0302863 0.7506257 -10.18952 -0.01369422 0.9995061 -0.02828667 115.957 -0.7511116 0.008390903 0.6601219 -112.1653 0 0 0 1
160 1 0.6600332 0.0302863 0.7506257 -10.72225 -0.01369422 0.9995061 -0.02828667 115.957 -0.7511116 0.008390903 0.6601219 -112.1653 0 0 0 1
161 0 0.6601573 0.03053821 0.7505064 -10.15128 -0.01396234 0.9994994 -0.02838828 115.9451 -0.7509977 0.008261907 0.6602532 -112.2074 0 0 0 1
161 1 0.6601573 0.03053821 0.7505064 -10.684 -0.01396234 0.9994994 -0.02838828 115.9451 -0.7509977 0.008261907 0.6602532 -112.2074 0 0 0 1
162 0 0.6602535 0.03058217 0.7504199 -10.14355 -0.01392367 0.9994973 -0.02848224 115.9562 -0.7509138 0.008356903 0.6603474 -112.2107 0 0 0 1
162 1 0.6602535 0.03058217 0.7504199 -10.67627 -0.01392367 0.9994973 -0.02848224 115.9562 -0.7509138 0.008356903 0.6603474 -112.2107 0 0 0 1
163 0 0.660377 0.0305462 0.7503128 -10.13571 -0.01398119 0.9994993 -0.02838556 115.9442 -0.7508042 0.008254908 0.6604733 -112.2395 0 0 0 1
163 1 0.660377 0.0305462 0.7503128 -10.66844 -0.01398119 0.9994993 -0.02838556 115.9442 -0.7508042 0.008254908 0.6604733 -112.2396 0 0 0 1
164 0 0.6604475 0.03052123 0.7502517 -10.13156 -0.01400339 0.9995005 -0.02833379 115.9385 -0.7507416 0.008206909 0.6605449 -112.2627 0 0 0 1
164 1 0.6604475 0.03052123 0.7502517 -10.66428 -0.01400339 0.9995005 -0.02833379 115.9385 -0.7507416 0.008206909 0.6605449 -112.2627 0 0 0 1
165 0 0.6605269 0.03049224 0.7501829 -10.12577 -0.01397671 0.9995012 -0.02831981 115.9396 -0.7506723 0.008220906 0.6606237 -112.279 0 0 0 1
165 1 0.6605269 0.03049224 0.7501829 -10.6585 -0.01397671 0.9995012 -0.02831981 115.9396 -0.7506723 0.008220906 0.6606237 -112.279 0 0 0 1
166 0 0.6605607 0.03048823 0.7501533 -10.12385 -0.01392802 0.9995008 -0.02835781 115.9467 -0.7506434 0.008283907 0.6606556 -112.2838 0 0 0 1
166 1 0.6605607 0.03048823 0.7501533 -10.65657 -0.01392802 0.9995008 -0.02835781 115.9467 -0.7506434 0.008283907 0.6606556 -112.2838 0 0 0 1
167 0 0.6605898 0.03046423 0.7501287 -10.12502 -0.0138817 0.9995012 -0.02836703 115.9512 -0.7506187 0.008325904 0.6606832 -112.2896 0 0 0 1
167 1 0.6605898 0.03046423 0.7501287 -10.65775 -0.0138817 0.9995012 -0.02836703 115.9512 -0.7506187 0.008325904 0.6606832 -112.2896 0 0 0 1
168 0 0.6606487 0.03037723 0.7500803 -10.12445 -0.01370398 0.9995025 -0.02840842 115.9684 -0.7505701 0.008488901 0.6607363 -112.2763 0 0 0 1
168 1 0.6606487 0.03037723 0.7500803 -10.65718 -0.01370398 0.9995025 -0.02840842 115.9684 -0.7505701 0.008488901 0.6607363 -112.2763 0 0 0 1
169 0 0.6606051 0.03035526 0.7501197 -10.13052 -0.01372534 0.9995036 -0.02835968 115.9626 -0.7506082 0.0084389 0.6606938 -112.2847 0 0 0 1
169 1 0.6606051 0.03035526 0.7501197 -10.66323 -0.01372534 0.9995036 -0.02835968 115.9626 -0.7506082 0.0084389 0.6606938 -112.2847 0 0 0 1
170 0 0.6605663 0.03034235 0.7501543 -10.13303 -0.0139812 0.9995069 -0.02811673 115.9228 -0.7506375 0.008084911 0.6606649 -112.326 0 0 0 1
170 1 0.6605663 0.03034235 0.7501543 -10.66575 -0.0139812 0.9995069 -0.02811673 115.9228 -0.7506375 0.008084911 0.6606649 -112.326 0 0 0 1
171 0 0.6605897 0.03044832 0.7501295 -10.11211 -0.01412801 0.9995044 -0.02812903 115.9123 -0.7506142 0.007983916 0.6606925 -112.3437 0 0 0 1
171 1 0.6605897 0.03044832 0.7501295 -10.64484 -0.01412801 0.9995044 -0.02812903 115.9123 -0.7506142 0.007983916 0.6606925 -112.3437 0 0 0 1
172 0 0.6605577 0.03045822 0.7501572 -10.11027 -0.01382244 0.9995008 -0.0284107 115.9589 -0.750648 0.008397902 0.660649 -112.2982 0 0 0 1
172 1 0.6605577 0.03045822 0.7501572 -10.643 -0.01382244 0.9995008 -0.0284107 115.9589 -0.750648 0.008397902 0.660649 -112.2982 0 0 0 1
173 0 0.6605419 0.03050525 0.7501693 -10.10351 -0.01402719 0.9995012 -0.02829294 115.9333 -0.7506582 0.008165911 0.6606404 -112.3236 0 0 0 1
173 1 0.6605419 0.03050525 0.7501693 -10.63623 -0.01402719 0.9995012 -0.02829294 115.9333 -0.7506582 0.008165911 0.6606404 -112.3236 0 0 0 1
174 0 0.660577 0.03046532 0.75014 -10.10072 -0.01415004 0.999504 -0.02813211 115.9105 -0.750625 0.007968917 0.6606805 -112.3481 0 0 0 1
174 1 0.660577 0.03046532 0.75014 -10.63345 -0.01415004 0.999504 -0.02813211 115.9105 -0.750625 0.007968917 0.6606805 -112.3481 0 0 0 1
175 0 0.6606262 0.03041129 0.7500988 -10.09859 -0.01393367 0.9995037 -0.02825128 115.937 -0.7505858 0.008211907 0.660722 -112.319 0 0 0 1
175 1 0.6606262 0.03041129 0.7500988 -10.63132 -0.01393367 0.9995037 -0.02825128 115.937 -0.7505858 0.008211907 0.660722 -112.319 0 0 0 1
176 0 0.6606126 0.03047027 0.7501084 -10.09187 -0.01402098 0.9995025 -0.02825282 115.9303 -0.750596 0.008146912 0.6607112 -112.3248 0 0 0 1
176 1 0.6606126 0.03047027 0.7501084 -10.6246 -0.01402098 0.9995025 -0.02825282 115.9303 -0.750596 0.008146912 0.6607112 -112.3248 0 0 0 1
177 0 0.6605816 0.0304473 0.7501366 -10.09709 -0.01406921 0.9995039 -0.02817932 115.9204 -0.7506224 0.008060913 0.6606823 -112.3324 0 0 0 1
177 1 0.6605816 0.0304473 0.7501366 -10.62982 -0.01406921 0.9995039 -0.02817932 115.9204 -0.7506224 0.008060913 0.6606823 -112.3324 0 0 0 1
178 0 0.6606152 0.0304783 0.7501057 -10.08704 -0.01410524 0.9995031 -0.02818938 115.9184 -0.7505921 0.008041914 0.6607169 -112.3339 0 0 0 1
178 1 0.6606152 0.0304783 0.7501057 -10.61977 -0.01410524 0.9995031 -0.02818938 115.9184 -0.7505921 0.008041914 0.6607169 -112.3339 0 0 0 1
179 0 0.6606808 0.03049124 0.7500474 -10.07527 -0.01395407 0.9995009 -0.02834065 115.9425 -0.7505373 0.008257907 0.6607766 -112.3124 0 0 0 1
179 1 0.6606808 0.03049124 0.7500474 -10.60799 -0.01395407 0.9995009 -0.02834065 115.9425 -0.7505373 0.008257907 0.6607766 -112.3124 0 0 0 1
180 0 0.6606385 0.03051626 0.7500837 -10.07866 -0.01409443 0.9995015 -0.02824982 115.9242 -0.7505719 0.008090911 0.6607392 -112.3352 0 0 0 1
180 1 0.6606385 0.03051626 0.7500837 -10.61139 -0.01409443 0.9995015 -0.02824982 115.9242 -0.7505719 0.008090911 0.6607392 -112.3352 0 0 0 1
181 0 0.6605694 0.03055224 0.7501431 -10.08482 -0.01410061 0.9995003 -0.02829133 115.9272 -0.7506326 0.00811091 0.66067 -112.3331 0 0 0 1
181 1 0.6605694 0.03055224 0.7501431 -10.61755 -0.01410061 0.9995003 -0.02829133 115.9272 -0.7506326 0.00811091 0.66067 -112.3331 0 0 0 1
182 0 0.6606643 0.0305912 0.7500579 -10.07044 -0.01407589 0.9994985 -0.02836636 115.9354 -0.7505496 0.008182906 0.6607635 -112.3266 0 0 0 1
182 1 0.6606643 0.0305912 0.7500579 -10.60316 -0.01407589 0.9994985 -0.02836636 115.9354 -0.7505496 0.008182906 0.6607635 -112.3266 0 0 0 1
183 0 0.6607176 0.03063216 0.7500093 -10.05867 -0.01403143 0.9994964 -0.02846088 115.9466 -0.7505034 0.008280906 0.6608148 -112.317 0 0 0 1
183 1 0.6607176 0.03063216 0.7500093 -10.5914 -0.01403143 0.9994964 -0.02846088 115.9466 -0.7505034 0.008280906 0.6608148 -112.317 0 0 0 1
184 0 0.6607594 0.03060719 0.7499734 -10.05756 -0.01407957 0.9994979 -0.02838583 115.9368 -0.7504656 0.008196908 0.6608586 -112.3287 0 0 0 1
184 1 0.6607594 0.03060719 0.7499734 -10.59028 -0.01407957 0.9994979 -0.02838583 115.9368 -0.7504656 0.008196908 0.6608586 -112.3287 0 0 0 1
185 0 0.6608799 0.03064217 0.749866 -10.0365 -0.01408174 0.9994965 -0.02843228 115.9405 -0.7503597 0.008230909 0.6609786 -112.3277 0 0 0 1
185 1 0.6608799 0.03064217 0.749866 -10.56923 -0.01408174 0.9994965 -0.02843228 115.9405 -0.7503597 0.008230909 0.6609786 -112.3277 0 0 0 1
186 0 0.6608926 0.03075709 0.74985 -10.02414 -0.01410723 0.9994924 -0.02856321 115.9493 -0.750348 0.008298905 0.660991 -112.3211 0 0 0 1
186 1 0.6608926 0.03075709 0.74985 -10.55687 -0.01410723 0.9994924 -0.02856321 115.9493 -0.750348 0.008298905 0.660991 -112.3211 0 0 0 1
187 0 0.6609597 0.03070416 0.7497931 -10.02259 -0.01420537 0.9994955 -0.02840717 115.929 -0.7502869 0.008124909 0.6610624 -112.3421 0 0 0 1
187 1 0.6609597 0.03070416 0.7497931 -10.55532 -0.01420537 0.9994955 -0.02840717 115.929 -0.7502869 0.008124909 0.6610624 -112.3421 0 0 0 1
188 0 0.6609253 0.0308071 0.7498191 -10.01727 -0.01424592 0.999492 -0.02850817 115.9342 -0.7503164 0.008159911 0.6610285 -112.3382 0 0 0 1
188 1 0.6609253 0.0308071 0.7498191 -10.54999 -0.01424592 0.999492 -0.02850817 115.9342 -0.7503164 0.008159911 0.6610285 -112.3382 0 0 0 1
189 0 0.6609464 0.03076912 0.7498021 -10.01971 -0.01421032 0.9994931 -0.0284892 115.9354 -0.7502986 0.008174908 0.6610485 -112.3383 0 0 0 1
189 1 0.6609464 0.03076912 0.7498021 -10.55243 -0.01421032 0.9994931 -0.0284892 115.9354 -0.7502986 0.008174908 0.6610485 -112.3383 0 0 0 1
190 0 0.6609609 0.03079008 0.7497884 -10.01598 -0.01416019 0.9994918 -0.02856153 115.9453 -0.7502867 0.008260905 0.661061 -112.3307 0 0 0 1
190 1 0.6609609 0.03079008 0.7497884 -10.5487 -0.01416019 0.9994918 -0.02856153 115.9453 -0.7502867 0.008260905 0.661061 -112.3307 0 0 0 1
191 0 0.6610903 0.03082509 0.7496729 -9.994213 -0.01428211 0.9994917 -0.02850265 115.9311 -0.7501705 0.008135911 0.6611944 -112.3482 0 0 0 1
191 1 0.6610903 0.03082509 0.7496729 -10.52694 -0.01428211 0.9994917 -0.02850265 115.9311 -0.7501705 0.008135911 0.6611944 -112.3482 0 0 0 1
192 0 0.6610569 0.03086405 0.7497007 -9.996956 -0.01423007 0.9994897 -0.02859996 115.9431 -0.7502008 0.008237907 0.6611587 -112.3367 0 0 0 1
192 1 0.6610569 0.03086405 0.7497007 -10.52968 -0.01423007 0.9994897 -0.02859996 115.9431 -0.7502008 0.008237907 0.6611587 -112.3367 0 0 0 1
193 0 0.6610813 0.03088905 0.7496783 -9.992615 -0.01427006 0.9994891 -0.0285984 115.94 -0.7501786 0.008207908 0.6611843 -112.3408 0 0 0 1
193 1 0.6610813 0.03088905 0.7496783 -10.52534 -0.01427006 0.9994891 -0.0285984 115.94 -0.7501786 0.008207908 0.6611843 -112.3408 0 0 0 1
194 0 0.6610879 0.03091005 0.7496716 -9.990128 -0.01432475 0.9994889 -0.0285783 115.9341 -0.7501718 0.008153914 0.6611928 -112.3472 0 0 0 1
194 1 0.6610879 0.03091005 0.7496716 -10.52286 -0.01432475 0.9994889 -0.0285783 115.9341 -0.7501718 0.008153914 0.6611928 -112.3472 0 0 0 1
195 0 0.6611422 0.03098299 0.7496206 -9.97657 -0.01430456 0.9994859 -0.02869413 115.9453 -0.7501242 0.008247906 0.6612455 -112.3374 0 0 0 1
195 1 0.6611422 0.03098299 0.7496206 -10.50929 -0.01430456 0.9994859 -0.02869413 115.9453 -0.7501242 0.008247906 0.6612455 -112.3374 0 0 0 1
196 0 0.6611742 0.03092803 0.7495947 -9.978855 -0.01430542 0.999488 -0.02862056 115.9392 -0.7500961 0.008199907 0.661278 -112.3439 0 0 0 1
196 1 0.6611742 0.03092803 0.7495947 -10.51159 -0.01430542 0.999488 -0.02862056 115.9392 -0.7500961 0.008199907 0.661278 -112.3439 0 0 0 1
197 0 0.6612146 0.03098601 0.7495566 -9.965828 -0.01437011 0.9994864 -0.02864142 115.9359 -0.7500592 0.008166909 0.6613203 -112.3487 0 0 0 1
197 1 0.6612146 0.03098601 0.7495566 -10.49855 -0.01437011 0.9994864 -0.02864142 115.9359 -0.7500592 0.008166909 0.6613203 -112.3487 0 0 0 1
198 0 0.6611926 0.03097102 0.7495767 -9.970955 -0.01437211 0.999487 -0.02861936 115.934 -0.7500786 0.008149911 0.6612986 -112.3527 0 0 0 1
198 1 0.6611926 0.03097102 0.7495767 -10.50368 -0.01437211 0.999487 -0.02861936 115.9339 -0.7500786 0.008149911 0.6612986 -112.3527 0 0 0 1
199 0 0.6612021 0.03103396 0.7495657 -9.961529 -0.01432109 0.9994841 -0.0287484 115.9485 -0.7500711 0.008273906 0.6613054 -112.3411 0 0 0 1
199 1 0.6612021 0.03103396 0.7495657 -10.49426 -0.01432109 0.9994841 -0.0287484 115.9485 -0.7500711 0.008273906 0.6613054 -112.3411 0 0 0 1
200 0 0.6612322 0.03106596 0.7495378 -9.951801 -0.01439596 0.9994836 -0.02872549 115.9408 -0.7500432 0.008203908 0.6613381 -112.3537 0 0 0 1
200 1 0.6612322 0.03106596 0.7495378 -10.48452 -0.01439596 0.9994836 -0.02872549 115.9408 -0.7500432 0.008203908 0.6613381 -112.3537 0 0 0 1
201 0 0.6612768 0.03101898 0.7495004 -9.951366 -0.0143568 0.999485 -0.02869802 115.9416 -0.7500046 0.008216906 0.6613815 -112.3543 0 0 0 1
201 1 0.6612768 0.03101898 0.7495004 -10.48409 -0.0143568 0.999485 -0.02869802 115.9416 -0.7500046 0.008216906 0.6613815 -112.3543 0 0 0 1
202 0 0.6612836 0.03108795 0.7494916 -9.947208 -0.01441249 0.999483 -0.02874099 115.9409 -0.7499976 0.008203909 0.6613898 -112.3553 0 0 0 1
202 1 0.6612836 0.03108795 0.7494916 -10.47993 -0.01441249 0.999483 -0.02874099 115.9409 -0.7499976 0.008203909 0.6613898 -112.3553 0 0 0 1
203 0 0.6612879 0.03106696 0.7494886 -9.950878 -0.01441602 0.9994838 -0.02870996 115.9382 -0.7499937 0.008180911 0.6613944 -112.3595 0 0 0 1
203 1 0.6612879 0.03106696 0.7494886 -10.4836 -0.01441602 0.9994838 -0.02870996 115.9382 -0.7499937 0.008180911 0.6613944 -112.3595 0 0 0 1
204 0 0.6612809 0.03108595 0.749494 -9.952843 -0.01442682 0.9994832 -0.02872565 115.9387 -0.7499997 0.00818291 0.6613877 -112.36 0 0 0 1
204 1 0.6612809 0.03108595 0.749494 -10.48557 -0.01442682 0.9994832 -0.02872565 115.9387 -0.7499997 0.00818291 0.6613877 -112.36 0 0 0 1
205 0 0.6613116 0.03109496 0.7494666 -9.949303 -0.01445647 0.9994832 -0.02871196 115.9354 -0.749972 0.008152911 0.6614193 -112.3649 0 0 0 1
205 1 0.6613116 0.03109496 0.7494666 -10.48203 -0.01445647 0.9994832 -0.02871196 115.9354 -0.749972 0.008152911 0.6614193 -112.3649 0 0 0 1
206 0 0.6613244 0.03121288 0.7494504 -9.938271 -0.01450129 0.9994791 -0.02882988 115.9417 -0.7499599 0.00819791 0.6614325 -112.3595 0 0 0 1
206 1 0.6613244 0.03121288 0.7494504 -10.471 -0.01450129 0.9994791 -0.02882988 115.9417 -0.7499599 0.00819791 0.6614325 -112.3595 0 0 0 1
207 0 0.6613909 0.03116092 0.7493938 -9.93676 -0.01450095 0.9994811 -0.02876185 115.9362 -0.7499011 0.00815591 0.6614996 -112.3655 0 0 0 1
207 1 0.6613909 0.03116092 0.7493938 -10.46948 -0.01450095 0.9994811 -0.02876185 115.9362 -0.7499011 0.00815591 0.6614996 -112.3654 0 0 0 1
208 0 0.6614142 0.03122887 0.7493704 -9.928482 -0.01451458 0.9994786 -0.02884079 115.9417 -0.7498804 0.008198908 0.6615226 -112.3615 0 0 0 1
208 1 0.6614142 0.03122887 0.7493704 -10.46121 -0.01451458 0.9994786 -0.02884079 115.9417 -0.7498804 0.008198908 0.6615226 -112.3615 0 0 0 1
209 0 0.6615028 0.03123289 0.749292 -9.917976 -0.01455816 0.9994789 -0.02880899 115.9359 -0.7498014 0.00814891 0.6616128 -112.3687 0 0 0 1
209 1 0.6615028 0.03123289 0.749292 -10.45071 -0.01455816 0.9994789 -0.02880899 115.9359 -0.7498014 0.00814891 0.6616128 -112.3687 0 0 0 1
210 0 0.6614879 0.03123887 0.749305 -9.919262 -0.01453155 0.9994784 -0.02884024 115.9405 -0.749815 0.008188908 0.6615968 -112.3633 0 0 0 1
210 1 0.6614879 0.03123887 0.749305 -10.45198 -0.01453155 0.9994784 -0.02884024 115.9405 -0.749815 0.008188908 0.6615968 -112.3633 0 0 0 1
211 0 0.6614838 0.03121891 0.7493094 -9.922344 -0.01461419 0.9994801 -0.02874064 115.9259 -0.7498171 0.008060914 0.6615961 -112.3762 0 0 0 1
211 1 0.6614838 0.03121891 0.7493094 -10.45507 -0.01461419 0.9994801 -0.02874064 115.9259 -0.7498171 0.008060914 0.6615961 -112.3762 0 0 0 1
212 0 0.6615461 0.03121891 0.7492545 -9.913445 -0.01458957 0.9994798 -0.02876325 115.9297 -0.7497627 0.008096913 0.6616574 -112.3716 0 0 0 1
212 1 0.6615461 0.03121891 0.7492545 -10.44617 -0.01458957 0.9994798 -0.02876325 115.9297 -0.7497627 0.008096913 0.6616574 -112.3716 0 0 0 1
213 0 0.6616144 0.03122491 0.7491938 -9.904835 -0.01461193 0.9994798 -0.02875251 115.9271 -0.7497019 0.008075913 0.6617265 -112.374 0 0 0 1
213 1 0.6616144 0.03122491 0.7491938 -10.43756 -0.01461193 0.9994798 -0.02875251 115.9271 -0.7497019 0.008075913 0.6617265 -112.374 0 0 0 1
214 0 0.6616596 0.0312819 0.7491515 -9.893547 -0.01470992 0.9994786 -0.02874268 115.9188 -0.7496601 0.007997914 0.6617748 -112.3836 0 0 0 1
214 1 0.6616596 0.0312819 0.7491515 -10.42627 -0.01470992 0.9994786 -0.02874268 115.9188 -0.7496601 0.007997914 0.6617748 -112.3836 0 0 0 1
215 0 0.6616932 0.03131486 0.7491205 -9.889187 -0.0146753 0.999477 -0.0288177 115.9277 -0.749631 0.008074911 0.6618067 -112.3737 0 0 0 1
215 1 0.6616932 0.03131486 0.7491205 -10.42192 -0.0146753 0.999477 -0.0288177 115.9277 -0.749631 0.008074911 0.6618067 -112.3737 0 0 0 1
216 0 0.6617274 0.03128189 0.7490916 -9.89201 -0.01470052 0.9994785 -0.02875194 115.9205 -0.7496004 0.008013912 0.6618422 -112.3785 0 0 0 1
216 1 0.6617274 0.03128189 0.7490916 -10.42473 -0.01470052 0.9994785 -0.02875194 115.9205 -0.7496004 0.008013912 0.6618422 -112.3785 0 0 0 1
217 0 0.661772 0.03139083 0.7490477 -9.878082 -0.01475867 0.9994749 -0.02884659 115.9239 -0.7495599 0.008034916 0.6618878 -112.3748 0 0 0 1
217 1 0.661772 0.03139083 0.7490477 -10.4108 -0.01475867 0.9994749 -0.02884659 115.9239 -0.7495599 0.008034916 0.6618878 -112.3748 0 0 0 1
218 0 0.6618024 0.03139085 0.7490209 -9.877964 -0.0148191 0.9994755 -0.02879369 115.915 -0.7495319 0.007955918 0.6619205 -112.3837 0 0 0 1
218 1 0.6618024 0.03139085 0.7490209 -10.41069 -0.0148191 0.9994755 -0.02879369 115.915 -0.7495319 0.007955918 0.6619205 -112.3837 0 0 0 1
219 0 0.6617723 0.0314358 0.7490456 -9.879715 -0.01475998 0.9994732 -0.02890543 115.9288 -0.7495596 0.008072914 0.6618876 -112.3698 0 0 0 1
219 1 0.6617723 0.0314358 0.7490456 -10.41243 -0.01475998 0.9994732 -0.02890543 115.9288 -0.7495596 0.008072914 0.6618876 -112.3698 0 0 0 1
220 0 0.6617581 0.03143982 0.7490579 -9.883839 -0.0148266 0.9994738 -0.02885177 115.9193 -0.7495708 0.007986914 0.661876 -112.3817 0 0 0 1
220 1 0.6617581 0.03143982 0.7490579 -10.41655 -0.0148266 0.9994738 -0.02885177 115.9193 -0.7495708 0.007986914 0.661876 -112.3817 0 0 0 1
221 0 0.6617416 0.03141983 0.7490734 -9.889305 -0.01480296 0.9994743 -0.02884573 115.9207 -0.7495859 0.007999916 0.6618588 -112.3814 0 0 0 1
221 1 0.6617416 0.03141983 0.7490734 -10.42203 -0.01480296 0.9994743 -0.02884573 115.9207 -0.7495859 0.007999916 0.6618588 -112.3814 0 0 0 1
222 0 0.6617575 0.03140284 0.74906 -9.89167 -0.01484182 0.9994753 -0.02878899 115.9131 -0.7495711 0.007933917 0.6618763 -112.3902 0 0 0 1
222 1 0.6617575 0.03140284 0.74906 -10.42439 -0.01484182 0.9994753 -0.02878899 115.9131 -0.7495711 0.007933917 0.6618763 -112.3902 0 0 0 1
223 0 0.6617541 0.03139583 0.7490633 -9.894596 -0.0147838 0.999475 -0.02883082 115.9211 -0.7495751 0.008004914 0.6618708 -112.384 0 0 0 1
223 1 0.6617541 0.03139583 0.7490633 -10.42732 -0.0147838 0.999475 -0.02883082 115.9211 -0.7495751 0.008004914 0.6618708 -112.384 0 0 0 1
224 0 0.661831 0.0314718 0.7489921 -9.877697 -0.0148536 0.9994727 -0.02887164 115.9192 -0.7495059 0.007982917 0.6619495 -112.3879 0 0 0 1
224 1 0.661831 0.0314718 0.7489921 -10.41042 -0.0148536 0.9994727 -0.02887164 115.9192 -0.7495059 0.007982917 0.6619495 -112.3879 0 0 0 1
225 0 0.6618464 0.03146479 0.7489789 -9.879295 -0.01481881 0.9994727 -0.02889324 115.9237 -0.749493 0.008023913 0.6619637 -112.3836 0 0 0 1
225 1 0.6618464 0.03146479 0.7489789 -10.41203 -0.01481881 0.9994727 -0.02889324 115.9237 -0.749493 0.008023913 0.6619637 -112.3836 0 0 0 1
226 0 0.661919 0.03152975 0.7489119 -9.865536 -0.01483242 0.9994702 -0.02896894 115.929 -0.7494286 0.008066911 0.6620361 -112.3791 0 0 0 1
226 1 0.661919 0.03152975 0.7489119 -10.39826 -0.01483242 0.9994702 -0.02896894 115.929 -0.7494286 0.008066911 0.6620361 -112.3791 0 0 0 1
227 0 0.6619872 0.0314948 0.7488532 -9.861973 -0.01492586 0.9994726 -0.02884073 115.9114 -0.7493665 0.00791492 0.6621081 -112.3978 0 0 0 1
227 1 0.6619872 0.0314948 0.7488532 -10.39469 -0.01492586 0.9994726 -0.02884073 115.9114 -0.7493665 0.00791492 0.6621081 -112.3978 0 0 0 1
228 0 0.6620096 0.03152977 0.7488319 -9.858074 -0.01488318 0.9994708 -0.02892542 115.9218 -0.7493476 0.008003916 0.6621286 -112.392 0 0 0 1
228 1 0.6620096 0.03152977 0.7488319 -10.3908 -0.01488318 0.9994708 -0.02892542 115.9217 -0.7493476 0.008003916 0.6621286 -112.392 0 0 0 1
229 0 0.6619417 0.03148879 0.7488936 -9.874062 -0.01486913 0.9994722 -0.02888217 115.9193 -0.7494078 0.007982914 0.6620606 -112.3945 0 0 0 1
229 1 0.6619417 0.03148879 0.7488936 -10.40679 -0.01486913 0.9994722 -0.02888217 115.9193 -0.7494078 0.007982914 0.6620606 -112.3945 0 0 0 1
230 0 0.6619502 0.03155276 0.7488834 -9.865635 -0.01491411 0.9994702 -0.02892792 115.9196 -0.7493994 0.007979915 0.6620702 -112.3957 0 0 0 1
230 1 0.6619502 0.03155276 0.7488834 -10.39836 -0.01491411 0.9994702 -0.02892792 115.9196 -0.7493994 0.007979915 0.6620702 -112.3957 0 0 0 1
231 0 0.6619787 0.03156076 0.748858 -9.862331 -0.01492126 0.99947 -0.02893268 115.9195 -0.7493742 0.007978915 0.6620988 -112.4026 0 0 0 1
231 1 0.6619787 0.03156076 0.748858 -10.39506 -0.01492126 0.99947 -0.02893268 115.9196 -0.7493742 0.007978915 0.6620988 -112.4026 0 0 0 1
232 0 0.661958 0.03158275 0.7488753 -9.861874 -0.01493804 0.9994693 -0.02894692 115.9195 -0.7493921 0.007974915 0.6620785 -112.4145 0 0 0 1
232 1 0.661958 0.03158275 0.7488753 -10.39458 -0.01493804 0.9994693 -0.02894692 115.9195 -0.7493921 0.007974915 0.6620785 -112.4146 0 0 0 1
