frame cameraID trackID left right top bottom number_pixels truncation_ratio occupancy_ratio isMoving
0 0 0 300 533 189 292 12050 0 0.5021043 True
0 1 0 265 502 189 292 12319 0 0.5046495 True
1 0 0 233 487 189 300 14487 0 0.5138327 True
1 1 0 196 454 189 300 14711 0 0.5136881 True
2 0 0 152 434 190 312 19923 0 0.5790896 True
2 1 0 111 399 190 312 19212 0 0.5467896 True
3 0 0 61 379 190 325 24569 0 0.5723038 True
3 1 0 16 342 190 325 25207 0 0.5727562 True
4 0 1 1234 1241 186 229 142 0.9612784 0.4717608 True
4 0 0 0 315 190 342 28767 0.07286423 0.6008145 True
4 1 1 1221 1241 186 229 466 0.86014 0.5418605 True
4 1 0 0 275 190 335 25629 0.1925413 0.6427335 True
5 0 1 1197 1241 185 228 1100 0.6778617 0.5813953 True
5 0 0 0 243 191 345 24852 0.3554037 0.6641013 True
5 1 1 1184 1241 185 229 1516 0.5757326 0.6044657 True
5 1 0 0 200 191 337 19687 0.4872667 0.6742123 True
6 0 1 1161 1241 185 228 2336 0.3959208 0.6790698 True
6 0 0 0 158 192 346 16140 0.6595625 0.663324 True
6 1 1 1147 1241 185 229 2836 0.2993621 0.6856866 True
6 1 0 0 110 192 337 10250 0.7912325 0.6426332 True
7 0 1 1125 1241 185 228 3552 0.1162494 0.7121091 True
7 0 0 0 56 194 346 4138 0.9544246 0.4861372 True
7 1 1 1112 1241 185 229 3862 0.01272577 0.6804087 True
8 0 1 1093 1223 184 227 3743 0 0.6695886 True
8 1 1 1081 1209 184 227 3724 0 0.6765988 True
9 0 1 1063 1189 184 226 3526 0 0.6662887 True
9 1 1 1051 1176 184 226 3506 0 0.6678095 True
10 0 1 1033 1154 183 224 3157 0 0.6363636 True
10 1 1 1021 1141 183 224 3146 0 0.6394309 True
11 0 1 1005 1122 183 223 2932 0 0.6264957 True
11 1 1 993 1109 183 223 2927 0 0.630819 True
12 0 1 978 1091 182 221 2702 0 0.6131155 True
12 1 1 967 1079 182 221 2696 0 0.6172161 True
13 0 1 954 1063 182 220 2429 0 0.5864317 True
13 1 1 943 1052 182 220 2412 0 0.5823274 True
14 0 1 931 1037 182 219 2347 0 0.5984192 True
14 1 1 920 1025 182 219 2339 0 0.6020592 True
15 0 1 910 1012 182 217 2017 0 0.564986 True
15 1 1 899 1000 182 217 2032 0 0.5748232 True
16 0 1 890 987 181 216 1947 0 0.5734904 True
16 1 1 879 977 181 216 1953 0 0.5693877 True
17 0 1 870 964 181 215 1864 0 0.5832291 True
17 1 1 860 954 181 215 1850 0 0.5788485 True
18 0 1 852 942 181 214 1739 0 0.5855219 True
18 1 1 843 932 181 214 1727 0 0.588015 True
19 0 1 837 923 181 213 1735 0 0.6304506 True
19 1 1 827 913 181 213 1720 0 0.625 True
20 0 1 822 905 180 212 1693 0 0.6374247 True
20 1 1 813 895 180 212 1685 0 0.6421494 True
21 0 1 808 888 180 211 1626 0 0.6556451 True
21 1 1 799 878 180 211 1612 0 0.6582279 True
22 0 1 795 871 180 210 1528 0 0.6701754 True
22 1 1 786 862 180 210 1517 0 0.6653509 True
23 0 1 782 855 180 209 1419 0 0.6702881 True
23 1 1 774 846 180 209 1423 0 0.6815134 True
24 0 1 770 840 180 208 1341 0 0.6841837 True
24 1 1 762 831 180 208 1325 0 0.6858178 True
25 0 1 760 827 179 207 1257 0 0.6700426 True
25 1 1 752 818 179 207 1249 0 0.6758658 True
26 0 1 750 815 179 206 1177 0 0.6706553 True
26 1 1 742 806 179 206 1167 0 0.6753472 True
27 0 1 741 803 179 205 1112 0 0.6898263 True
27 1 1 733 794 179 205 1102 0 0.6948298 True
28 0 1 733 791 179 205 1029 0 0.6823608 True
28 1 1 725 783 179 205 1022 0 0.6777188 True
29 0 1 725 781 179 204 950 0 0.6785714 True
29 1 1 718 773 179 204 939 0 0.6829091 True
30 0 1 719 771 179 203 891 0 0.7139423 True
30 1 1 711 763 179 203 878 0 0.7035257 True
31 0 1 713 762 179 202 812 0 0.7204969 True
31 1 1 705 754 179 202 808 0 0.7169477 True
32 0 1 707 754 179 202 762 0 0.7049029 True
32 1 1 700 746 179 202 758 0 0.7164461 True
33 0 1 702 747 178 201 720 0 0.6956522 True
33 1 1 695 739 178 201 715 0 0.7065217 True
34 0 1 698 739 178 201 670 0 0.7104984 True
34 1 1 691 732 178 201 663 0 0.7030753 True
35 0 1 693 733 178 200 623 0 0.7079545 True
35 1 1 686 726 178 200 619 0 0.7034091 True
36 0 1 690 727 178 199 586 0 0.7541828 True
36 0 2 1153 1241 228 374 823 0.9930831 0.06405666 True
36 1 1 683 720 178 199 578 0 0.7438868 True
36 1 2 1064 1241 228 374 4652 0.9711016 0.180017 True
37 0 1 687 722 178 199 545 0 0.7414966 True
37 0 2 1084 1241 221 374 6946 0.9642127 0.2891636 True
37 1 1 680 715 178 199 540 0 0.7346939 True
37 1 2 1006 1241 221 374 14927 0.8476952 0.4151578 True
38 0 1 684 717 178 198 510 0 0.7727273 True
38 0 2 1023 1241 215 374 17944 0.7974742 0.5176851 True
38 1 1 677 711 178 198 507 0 0.7455882 True
38 1 2 954 1241 215 374 27747 0.7080411 0.6080468 True
39 0 1 681 713 178 198 484 0 0.75625 True
39 0 2 969 1241 211 374 29972 0.6050419 0.6760195 True
39 1 1 675 707 178 198 476 0 0.74375 True
39 1 2 909 1241 211 374 39008 0.4279506 0.7208219 True
40 0 1 678 709 178 197 463 0 0.7860781 True
40 0 2 928 1241 207 374 38707 0.2818983 0.7405062 True
40 1 1 672 703 178 197 460 0 0.7809847 True
40 1 2 875 1241 207 374 45863 0.23484 0.7503517 True
41 0 1 675 705 178 197 431 0 0.7561404 True
41 0 2 895 1241 204 374 42803 0.1035165 0.7276947 True
41 1 1 669 699 178 197 429 0 0.7526316 True
41 1 2 847 1209 204 374 40936 0.04595286 0.6651934 True
41 1 7 1194 1241 207 344 2151 0.9669494 0.3340581 True
42 0 1 673 702 178 197 411 0 0.7459165 True
42 0 2 868 1190 201 374 34471 0 0.6188023 True
42 0 7 1194 1241 204 332 2143 0.9599789 0.3562168 True
42 1 1 667 696 178 197 406 0 0.7368421 True
42 1 2 824 1124 201 374 32402 0 0.624316 True
42 1 7 1150 1241 204 344 6075 0.8500381 0.4768446 True
43 0 1 671 699 178 196 388 0 0.7698413 True
43 0 2 846 1117 199 361 25837 0 0.5885153 True
43 0 7 1148 1241 202 332 5992 0.8157047 0.4956162 True
43 1 1 666 693 178 196 378 0 0.7777778 True
43 1 2 806 1059 199 361 24383 0 0.5949104 True
43 1 7 1107 1241 202 345 10562 0.618997 0.5511951 True
44 0 1 670 696 178 196 350 0 0.7478632 True
44 0 2 826 1059 197 340 19892 0 0.5970167 True
44 0 7 1108 1241 200 332 9917 0.5713855 0.5648781 True
44 1 1 664 690 178 196 353 0 0.7542735 True
44 1 2 790 1008 197 340 18814 0 0.6035157 True
44 1 7 1071 1241 200 345 15273 0.3761074 0.6195943 True
45 0 1 668 693 178 195 341 0 0.802353 True
45 0 2 810 1013 196 324 15731 0 0.605411 True
45 0 7 1075 1241 199 332 14087 0.3206288 0.638056 True
45 1 1 663 687 178 195 342 0 0.8382353 True
45 1 2 776 967 196 324 14920 0 0.6102749 True
45 1 7 1040 1241 199 335 18259 0.1507097 0.6679471 True
46 0 1 666 690 178 195 323 0 0.7916667 True
46 0 2 795 975 194 311 12711 0 0.6035613 True
46 0 7 1041 1241 197 320 16596 0.09446311 0.6746342 True
46 1 1 661 685 178 195 314 0 0.7696078 True
46 1 2 764 933 194 311 12074 0 0.6106306 True
46 1 7 1009 1241 197 320 19811 0.006322861 0.6942459 True
47 0 2 783 944 193 299 10474 0 0.6137349 True
47 0 7 1012 1241 196 308 17543 0 0.683991 True
47 1 2 754 906 193 299 9982 0 0.6195382 True
47 1 7 982 1216 196 308 17011 0 0.6490766 True
48 0 2 772 918 192 290 8758 0 0.6121051 True
48 0 7 986 1201 194 297 14312 0 0.6462858 True
48 1 2 745 883 192 290 8371 0 0.6189737 True
48 1 7 958 1164 194 297 13828 0 0.6517108 True
49 0 2 761 893 191 281 7327 0 0.6167508 True
49 0 7 963 1154 193 287 11802 0 0.6573465 True
49 1 2 735 860 191 281 7013 0 0.6233778 True
49 1 7 937 1121 193 287 11411 0 0.6597479 True
50 0 2 752 872 190 273 6169 0 0.6193775 True
50 0 7 943 1115 192 279 9901 0 0.6616547 True
50 1 2 727 841 190 273 5925 0 0.626189 True
50 1 7 918 1083 192 279 9587 0 0.6678509 True
51 0 2 743 853 190 266 5334 0 0.6380383 True
51 0 7 924 1079 191 272 8367 0 0.6664277 True
51 1 2 720 825 190 266 5123 0 0.6419799 True
51 1 7 900 1050 191 272 8117 0 0.6680658 True
52 0 2 736 837 189 260 4572 0 0.637568 True
52 0 7 907 1048 191 266 7153 0 0.6764066 True
52 1 2 714 811 189 260 4403 0 0.6393204 True
52 1 7 885 1021 191 266 6938 0 0.6801961 True
53 0 2 728 821 188 255 3943 0 0.6328037 True
53 0 7 892 1021 190 260 6183 0 0.6847176 True
53 1 8 1179 1241 205 345 3190 0.9528216 0.3675115 True
53 1 2 708 797 188 255 3803 0 0.6377662 True
53 1 7 871 996 190 260 6021 0 0.6881143 True
54 0 8 1175 1241 203 332 3464 0.9368093 0.4068593 True
54 0 2 721 807 187 250 3433 0 0.6336287 True
54 0 7 878 998 189 255 5406 0 0.6825758 True
54 1 8 1132 1241 203 345 7082 0.8246648 0.4575526 True
54 1 2 702 784 187 250 3313 0 0.6413085 True
54 1 7 858 974 189 255 5273 0 0.6887408 True
55 0 8 1132 1241 201 333 6813 0.7917501 0.4735196 True
55 0 2 715 795 187 245 3009 0 0.6484914 True
55 0 7 865 977 189 251 4779 0 0.68822 True
55 1 8 1092 1241 201 345 11305 0.6337298 0.5268922 True
55 1 2 696 773 187 245 2915 0 0.6527094 True
55 1 7 846 954 189 251 4663 0 0.6963859 True
56 0 3 1102 1241 240 374 649 0.9890429 0.03484377 True
56 0 8 1093 1241 199 333 10641 0.5872155 0.5365571 True
56 0 2 709 784 186 241 2665 0 0.6460606 True
56 0 7 851 955 188 247 4238 0 0.6906779 True
56 1 3 1001 1241 240 374 2526 0.9670311 0.07854477 True
56 1 8 1057 1241 199 345 15801 0.4325452 0.588185 True
56 1 2 692 764 186 241 2571 0 0.6492424 True
56 1 7 833 934 188 247 4137 0 0.694244 True
57 0 3 1032 1241 231 374 6917 0.9574152 0.2314384 True
57 0 8 1060 1241 198 333 14510 0.3838973 0.5938203 True
57 0 2 704 774 186 238 2339 0 0.6425824 True
57 0 7 841 938 188 243 3765 0 0.705717 True
57 1 3 945 1241 231 374 14990 0.8429435 0.3541391 True
57 1 8 1026 1241 198 343 16571 0.2139549 0.5315477 True
57 1 2 687 755 186 238 2274 0 0.6430995 True
57 1 7 824 918 188 243 3671 0 0.710058 True
58 0 3 978 1241 224 374 18221 0.8132082 0.4618758 True
58 0 8 1032 1241 196 328 14166 0.1689104 0.5134841 True
58 0 2 699 764 185 234 2086 0 0.6549451 True
58 0 7 831 921 187 240 3367 0 0.70587 True
58 1 3 903 1241 224 374 27755 0.7418389 0.5474359 True
58 1 8 1000 1241 196 328 15081 0.0653702 0.4740664 True
58 1 2 684 746 185 234 2029 0 0.6678736 True
58 1 7 814 902 187 240 3289 0 0.7051887 True
59 0 3 937 1241 219 374 28884 0.6890087 0.6129881 True
59 0 8 1003 1241 195 314 12763 0.03412247 0.4506391 True
59 0 2 695 756 185 231 1868 0 0.6657164 True
59 0 7 821 906 187 237 3008 0 0.7077647 True
59 1 3 869 1241 219 374 38072 0.5472337 0.6602844 True
59 1 8 974 1241 195 314 12146 0 0.3822743 True
59 1 2 680 739 185 231 1831 0 0.67465 True
59 1 7 805 887 187 237 2943 0 0.7178048 True
60 0 3 898 1241 214 374 38977 0.4336685 0.7102223 True
60 0 8 979 1238 194 302 9346 0 0.3341198 True
60 0 2 691 748 185 229 1679 0 0.6694577 True
60 0 7 812 891 186 234 2718 0 0.7167721 True
60 1 3 838 1241 214 374 46391 0.3778288 0.7194634 True
60 1 8 951 1200 194 302 8662 0 0.3221032 True
60 1 2 677 732 185 229 1634 0 0.6752066 True
60 1 7 796 874 186 234 2656 0 0.7094017 True
61 0 3 868 1241 210 374 45379 0.2542815 0.7418264 True
61 0 8 953 1186 193 292 6682 0 0.2896779 True
61 0 2 687 741 184 226 1513 0 0.6671076 True
61 0 7 803 878 186 232 2455 0 0.7115942 True
61 1 3 814 1241 210 374 46111 0.2085888 0.6584652 True
61 1 8 927 1151 193 292 7012 0 0.3161977 True
61 1 2 674 726 184 226 1486 0 0.6804029 True
61 1 7 788 862 186 232 2408 0 0.7074031 True
62 0 3 843 1238 207 374 43178 0.06156927 0.6545593 True
62 0 8 931 1142 192 283 5300 0 0.2760273 True
62 0 2 683 735 184 224 1351 0 0.6495192 True
62 0 7 795 866 185 229 2217 0 0.7096671 True
62 1 3 794 1157 207 374 40086 0.05658507 0.661256 True
62 1 8 906 1110 192 283 6273 0 0.3379121 True
62 1 2 670 720 184 224 1321 0 0.6605 True
62 1 7 781 850 185 229 2175 0 0.7164032 True
63 0 3 821 1149 204 374 35752 0.006614387 0.6411765 True
63 0 8 909 1101 191 275 4581 0 0.2840402 True
63 0 2 680 728 184 221 1241 0 0.6987613 True
63 0 7 787 854 185 227 2018 0 0.7171286 True
63 1 3 777 1080 204 374 33493 0.008028328 0.6502233 True
63 1 8 885 1071 191 275 5924 0 0.3791603 True
63 1 2 667 714 184 221 1200 0 0.6900517 True
63 1 7 774 839 185 227 1978 0 0.7245421 True
64 0 3 803 1083 202 369 27446 0 0.5869547 True
64 0 8 893 1067 190 268 4391 0 0.3235337 True
64 0 2 676 722 183 219 1117 0 0.6745169 True
64 0 7 780 844 185 224 1828 0 0.7323718 True
64 1 3 762 1022 202 369 25821 0 0.5946799 True
64 1 8 871 1039 190 268 5581 0 0.4259005 True
64 1 2 664 709 183 219 1106 0 0.6827161 True
64 1 7 767 829 185 224 1778 0 0.7353184 True
65 0 3 786 1027 200 347 21041 0 0.5939255 True
65 0 8 879 1037 189 262 4399 0 0.3813941 True
65 0 2 673 717 183 217 1031 0 0.6891711 True
65 0 7 773 834 184 223 1679 0 0.7057588 True
65 1 3 749 974 200 347 19864 0 0.6005744 True
65 1 8 858 1011 189 262 5233 0 0.468529 True
65 1 2 661 704 183 217 998 0 0.6826265 True
65 1 7 761 820 184 223 1551 0 0.6740547 True
66 0 3 772 983 198 329 16614 0 0.6010636 True
66 0 8 864 1007 189 257 4028 0 0.4142328 True
66 0 2 670 712 183 216 948 0 0.6839827 True
66 0 7 766 823 184 221 1505 0 0.7136083 True
66 1 3 738 935 198 329 15752 0 0.610377 True
66 1 8 844 983 189 257 4735 0 0.5009522 True
66 1 2 658 700 183 216 926 0 0.6681097 True
66 1 7 754 810 184 221 1324 0 0.6389961 True
67 0 3 760 945 197 315 13269 0 0.6078333 True
67 0 8 850 981 188 252 3770 0 0.449666 True
67 0 2 667 707 183 214 857 0 0.691129 True
67 0 7 759 814 184 219 1317 0 0.6841558 True
67 1 3 728 902 197 315 12619 0 0.6146016 True
67 1 8 831 958 188 252 4409 0 0.5424458 True
67 1 2 656 695 183 214 845 0 0.6989247 True
67 1 7 748 801 184 219 1092 0 0.5886793 True
68 0 3 749 914 195 302 10826 0 0.6131974 True
68 0 8 838 957 187 247 3516 0 0.492437 True
68 0 9 0 0 0 0 73 1 0 True
68 0 2 664 702 182 213 806 0 0.6842105 True
68 0 7 753 805 184 217 1123 0 0.6544289 True
68 1 4 1146 1241 226 374 2 0.9977589 0.0001422475 True
68 1 3 719 875 195 302 10308 0 0.6175413 True
68 1 8 820 936 187 247 4089 0 0.5875 True
68 1 9 1204 1241 0 367 7241 0.9987062 0.5332499 True
68 1 2 654 691 182 213 786 0 0.6852659 True
68 1 7 741 792 184 217 913 0 0.5424837 True
69 0 4 1160 1241 218 374 430 0.9971539 0.03402976 True
69 0 3 740 887 194 292 8931 0 0.61995 True
69 0 8 826 936 187 243 3282 0 0.5327922 True
69 0 9 1179 1241 1 352 10292 0.9877425 0.4729345 True
69 0 2 661 698 182 211 735 0 0.6849954 True
69 0 7 747 797 183 216 962 0 0.5830303 True
69 1 4 1056 1241 218 374 4848 0.9848422 0.1679834 True
69 1 3 712 851 194 292 8545 0 0.6272941 True
69 1 8 809 916 187 243 3743 0 0.6246662 True
69 1 9 1130 1241 0 367 19002 0.963971 0.4664555 True
69 1 2 651 688 182 211 721 0 0.6719478 True
69 1 7 736 785 183 216 755 0 0.466914 True
70 0 4 1077 1241 212 374 7644 0.9799134 0.2877145 True
70 0 3 731 864 193 283 7440 0 0.6215539 True
70 0 8 815 917 186 239 3086 0 0.5708472 True
70 0 9 1127 1241 1 351 17678 0.9476978 0.4430577 True
70 0 2 659 694 182 210 676 0 0.6897959 True
70 0 7 742 790 183 214 794 0 0.5336022 True
70 1 4 989 1241 212 374 16133 0.9516574 0.3951842 True
70 1 3 705 831 193 283 7126 0 0.6283951 True
70 1 8 799 898 186 239 3396 0 0.647227 True
70 1 9 1083 1241 0 367 24862 0.9060683 0.4287587 True
70 1 2 649 684 182 210 663 0 0.6765306 True
70 1 7 731 778 183 214 625 0 0.4289636 True
71 0 4 1015 1241 207 374 18664 0.9400045 0.4945154 True
71 0 3 724 845 192 275 6280 0 0.6253111 True
71 0 8 805 900 186 236 2866 0 0.6033684 True
71 0 9 1084 1241 1 351 23389 0.8789257 0.4256415 True
71 0 2 656 690 182 208 617 0 0.6979638 True
71 0 7 736 782 183 213 669 0 0.4847826 True
71 1 4 939 1241 207 374 31717 0.8111516 0.6288813 True
71 1 3 699 814 192 275 6026 0 0.6313253 True
71 1 8 790 882 186 236 3082 0 0.67 True
71 1 9 1043 1241 0 367 31008 0.8183738 0.4267195 True
71 1 2 647 681 182 208 609 0 0.688914 True
71 1 7 726 771 183 213 538 0 0.3985185 True
72 0 4 964 1241 203 374 32826 0.7667037 0.6930141 True
72 0 3 717 828 191 268 5359 0 0.6270036 True
72 0 8 796 884 185 232 2629 0 0.6356383 True
72 0 9 1047 1241 2 350 28866 0.784429 0.4275684 True
72 0 2 654 687 182 207 572 0 0.6933333 True
72 0 7 731 775 183 211 555 0 0.450487 True
72 1 4 898 1241 203 374 45006 0.6866762 0.7673265 True
72 1 3 694 799 191 268 5153 0 0.6373531 True
72 1 8 782 867 185 232 2798 0 0.7003755 True
72 1 9 1010 1241 0 366 36199 0.7144008 0.4281574 True
72 1 2 645 677 182 207 557 0 0.69625 True
72 1 7 721 765 183 211 463 0 0.3758117 True
73 0 4 925 1241 200 374 43914 0.6069241 0.7986687 True
73 0 3 710 812 190 262 4600 0 0.6263617 True
73 0 8 787 869 185 229 2387 0 0.6615854 True
73 0 9 1016 1241 2 350 33549 0.678768 0.4284674 True
73 0 2 652 684 181 206 521 0 0.65125 True
73 0 7 726 768 182 210 470 0 0.3996599 True
73 1 4 866 1241 200 374 54795 0.4502788 0.8397701 True
73 1 3 688 785 190 262 4426 0 0.6337342 True
73 1 8 773 853 185 229 2490 0 0.7073864 True
73 1 9 981 1241 0 366 41131 0.6092023 0.4322299 True
73 1 2 644 674 181 206 520 0 0.6933333 True
73 1 7 716 758 182 210 422 0 0.3588435 True
74 0 4 891 1241 198 374 51774 0.3284872 0.840487 True
74 0 3 704 798 190 256 3979 0 0.6413604 True
74 0 8 779 856 185 227 2192 0 0.6777984 True
74 0 9 987 1241 2 350 38122 0.5687777 0.4312834 True
74 0 2 651 680 181 205 496 0 0.7126437 True
74 0 7 721 761 182 209 395 0 0.3657407 True
74 1 4 838 1241 198 374 61414 0.2807086 0.865864 True
74 1 3 683 773 190 256 3842 0 0.6468014 True
74 1 8 766 841 185 227 2232 0 0.7085714 True
74 1 9 955 1241 0 366 46326 0.4995617 0.4425656 True
74 1 2 642 672 181 205 495 0 0.6875 True
74 1 7 712 751 182 209 379 0 0.359924 True
75 0 4 863 1241 196 374 56618 0.1762254 0.8414779 True
75 0 3 699 786 189 251 3471 0 0.6434928 True
75 0 8 771 843 184 224 1982 0 0.6881945 True
75 0 9 961 1241 3 350 42655 0.4520872 0.4390181 True
75 0 2 649 678 181 204 459 0 0.6881559 True
75 0 7 717 755 182 208 342 0 0.3461539 True
75 1 4 815 1241 196 374 61408 0.1361763 0.8098328 True
75 1 3 679 763 189 251 3353 0 0.6438172 True
75 1 8 758 828 184 224 1996 0 0.7128571 True
75 1 9 931 1241 0 365 54782 0.3827486 0.4841538 True
75 1 2 641 669 181 204 462 0 0.7173913 True
75 1 7 708 745 182 208 338 0 0.3513514 True
76 0 4 840 1240 194 374 52729 0.02606428 0.7323472 True
76 0 3 695 776 188 247 3053 0 0.6388366 True
76 0 8 763 831 184 222 1817 0 0.7031734 True
76 0 9 939 1241 3 350 51166 0.3419818 0.4882531 True
76 0 2 647 675 181 203 442 0 0.7175325 True
76 0 7 712 749 182 207 296 0 0.32 True
76 1 4 796 1166 194 374 49381 0.02023935 0.7414564 True
76 1 3 676 754 188 247 2941 0 0.63907 True
76 1 8 751 817 184 222 1812 0 0.722488 True
76 1 9 911 1241 0 365 65551 0.2714871 0.5442175 True
76 1 2 639 666 181 203 432 0 0.7272727 True
76 1 7 704 739 182 207 308 0 0.352 True
77 0 4 820 1155 193 374 39652 0 0.6539457 True
77 0 3 690 766 188 243 2683 0 0.641866 True
77 0 8 757 821 184 220 1657 0 0.719184 True
77 0 9 918 1241 3 350 60499 0.2174434 0.5397792 True
77 0 2 646 672 181 202 396 0 0.7252747 True
77 0 7 709 743 182 206 254 0 0.3112745 True
77 1 4 780 1092 193 374 37288 0 0.6602919 True
77 1 3 672 745 188 243 2596 0 0.6465753 True
77 1 8 745 808 184 220 1631 0 0.7191358 True
77 1 9 892 1241 0 354 74476 0.1484964 0.60282 True
77 1 2 638 664 181 202 393 0 0.7197802 True
77 1 7 700 734 182 206 291 0 0.3566177 True
78 0 4 802 1085 191 354 29838 0 0.6468382 True
78 0 3 685 756 187 239 2394 0 0.648429 True
78 0 8 751 811 183 218 1508 0 0.7180952 True
78 0 9 900 1241 17 334 67605 0.1149486 0.6254105 True
78 0 2 644 670 181 202 381 0 0.6978022 True
78 1 4 765 1030 191 354 28149 0 0.6516727 True
78 1 3 669 737 187 239 2324 0 0.6572398 True
78 1 8 740 799 183 218 1479 0 0.7162228 True
78 1 9 875 1241 17 334 79223 0.05904442 0.6828274 True
78 1 2 637 662 181 202 370 0 0.7047619 True
79 0 4 787 1031 190 334 23177 0 0.6596369 True
79 0 3 682 748 187 236 2154 0 0.6660482 True
79 0 8 745 803 183 216 1381 0 0.7215256 True
79 0 9 884 1241 33 319 70667 0.03998482 0.6921216 True
79 0 2 643 667 181 201 355 0 0.7395833 True
79 1 4 753 982 190 334 21935 0 0.6651807 True
79 1 3 665 730 187 236 2092 0 0.6568289 True
79 1 8 735 791 183 216 1326 0 0.7175325 True
79 1 9 860 1241 33 319 79402 0.01204079 0.728686 True
79 1 2 636 660 181 201 349 0 0.7270833 True
80 0 4 773 986 189 317 18285 0 0.6706646 True
80 0 3 678 740 186 233 1921 0 0.6592313 True
80 0 8 740 795 183 215 1263 0 0.7176136 True
80 0 9 868 1241 47 305 70362 0.003263474 0.7311553 True
80 0 2 642 665 180 200 329 0 0.7152174 True
80 1 4 742 942 189 317 17367 0 0.6783984 True
80 1 3 662 723 186 233 1870 0 0.6522498 True
80 1 8 730 784 183 215 1113 0 0.6440972 True
80 1 9 846 1231 47 305 77096 0 0.7761603 True
80 1 2 635 658 180 200 324 0 0.7043478 True
81 0 4 761 949 188 304 14782 0 0.6778247 True
81 0 3 674 733 186 230 1748 0 0.6733436 True
81 0 8 735 788 183 213 1160 0 0.7295597 True
81 0 9 854 1211 59 294 65994 0 0.7866262 True
81 0 2 640 663 180 200 306 0 0.6652174 True
81 1 4 732 910 188 304 14100 0 0.6828749 True
81 1 3 659 717 186 230 1696 0 0.6645768 True
81 1 8 725 777 183 213 891 0 0.5711538 True
81 1 9 832 1175 59 294 64876 0 0.8048632 True
81 1 2 634 656 180 200 304 0 0.6909091 True
82 0 4 751 919 187 293 12182 0 0.6840746 True
82 0 3 671 727 185 228 1592 0 0.6611296 True
82 0 8 731 781 182 212 1014 0 0.676 True
82 0 9 841 1162 68 285 55556 0 0.7975652 True
82 1 4 724 883 187 293 11640 0 0.6906372 True
82 1 3 657 711 185 228 1552 0 0.6683893 True
82 1 8 721 770 182 212 688 0 0.4680272 True
82 1 9 821 1129 68 285 54503 0 0.8154737 True
83 0 4 741 892 187 283 10031 0 0.691984 True
83 0 3 668 721 185 225 1431 0 0.675 True
83 0 8 726 774 182 211 861 0 0.6185345 True
83 0 9 830 1120 76 277 47359 0 0.8124721 True
83 1 4 716 859 187 283 9604 0 0.6995921 True
83 1 3 654 706 185 225 1403 0 0.6745192 True
83 1 8 717 764 182 211 530 0 0.3888481 True
83 1 9 811 1090 76 277 46476 0 0.8287594 True
84 0 4 733 869 186 274 8390 0 0.7010361 True
84 0 3 665 716 185 223 1307 0 0.6744066 True
84 0 8 722 766 182 209 718 0 0.6043771 True
84 0 9 819 1082 84 269 40365 0 0.8296167 True
84 1 4 709 839 186 274 8059 0 0.7044581 True
84 1 3 652 701 185 223 1273 0 0.6836734 True
84 1 8 713 757 182 209 404 0 0.3400673 True
84 1 9 801 1054 84 269 39621 0 0.8465121 True
85 0 4 726 850 186 267 7107 0 0.7075866 True
85 0 3 662 711 184 221 1203 0 0.6635411 True
85 0 8 717 759 182 208 587 0 0.5375458 True
85 0 9 809 1050 90 263 34807 0 0.8348404 True
85 0 5 1179 1241 182 374 60 0.9983939 0.005040322 True
85 0 12 1002 1094 186 221 1086 0 0.3372671 True
85 1 4 703 821 186 267 6840 0 0.7156309 True
85 1 3 650 697 184 221 1177 0 0.6768258 True
85 1 8 708 750 182 208 311 0 0.2847985 True
85 1 9 792 1023 90 263 34189 0 0.8555164 True
85 1 5 1074 1241 182 374 6204 0.9873254 0.193488 True
85 1 12 990 1082 186 221 1385 0 0.4301242 True
86 0 4 719 832 185 260 6084 0 0.7178761 True
86 0 3 660 706 184 219 1096 0 0.6807454 True
86 0 8 713 753 182 207 470 0 0.47 True
86 0 9 800 1021 95 258 30326 0 0.8418511 True
86 0 5 1089 1241 181 374 8837 0.9821869 0.301234 True
86 0 12 989 1080 186 220 1339 0 0.4327731 True
86 1 4 698 806 185 260 5882 0 0.7261729 True
86 1 3 648 693 184 219 1075 0 0.6825397 True
86 1 8 704 743 182 207 228 0 0.2338462 True
86 1 9 783 997 95 258 29781 0 0.8537641 True
86 1 5 1000 1241 181 374 19966 0.9548627 0.4292563 True
86 1 12 978 1068 186 220 1545 0 0.5049019 True
87 0 4 712 817 185 255 5248 0 0.7140136 True
87 0 3 658 702 184 218 1021 0 0.6824867 True
87 0 8 709 747 182 206 380 0 0.4166667 True
87 0 9 791 994 101 252 26266 0 0.8568819 True
87 0 5 1024 1241 181 374 21888 0.9418533 0.5226236 True
87 0 12 977 1067 185 220 1560 0 0.4952381 True
87 1 4 693 792 185 255 5077 0 0.7326118 True
87 1 3 646 689 184 218 990 0 0.6771546 True
87 1 8 701 738 182 206 166 0 0.1869369 True
87 1 9 775 971 101 252 25795 0 0.8715705 True
87 1 5 947 1241 181 374 38414 0.8160051 0.6769941 True
87 1 12 966 1055 185 220 1677 0 0.5383627 True
88 0 4 706 802 184 249 4537 0 0.7270833 True
88 0 3 656 698 184 216 937 0 0.6971726 True
88 0 8 705 741 181 205 301 0 0.3483796 True
88 0 9 783 970 106 248 22995 0 0.8659712 True
88 0 5 972 1241 180 374 37692 0.7734231 0.7222627 True
88 0 12 966 1053 185 219 1627 0 0.5500338 True
88 1 4 688 779 184 249 4397 0 0.7433643 True
88 1 3 645 686 184 216 912 0 0.6951219 True
88 1 8 697 732 181 205 111 0 0.1321429 True
88 1 9 768 948 106 248 22630 0 0.8853678 True
88 1 5 906 1241 180 374 53076 0.6952954 0.8166795 True
88 1 12 954 1042 185 219 1625 0 0.543115 True
89 0 4 701 790 184 245 3944 0 0.726469 True
89 0 3 654 695 183 215 860 0 0.6554878 True
89 0 9 775 949 110 243 20313 0 0.8777547 True
89 0 5 932 1241 180 374 49834 0.620722 0.8313149 True
89 0 12 954 1040 185 219 1719 0 0.5878933 True
89 1 4 683 768 184 245 3822 0 0.7371264 True
89 1 3 643 683 183 215 842 0 0.6578125 True
89 1 9 761 928 110 243 20026 0 0.9016253 True
89 1 5 873 1241 180 374 63037 0.4389871 0.8829701 True
89 1 12 943 1029 185 219 747 0 0.2554719 True
90 0 4 696 778 183 240 3465 0 0.741335 True
90 0 3 653 691 183 213 811 0 0.7114035 True
90 0 9 768 929 113 240 18098 0 0.8851177 True
90 0 5 897 1241 179 374 58135 0.3346669 0.8666518 True
90 0 12 943 1028 185 218 959 0 0.3418895 True
90 1 4 679 758 183 240 3369 0 0.7481679 True
90 1 3 642 680 183 213 796 0 0.6982456 True
90 1 9 754 910 113 240 17736 0 0.895215 True
90 1 5 844 1241 179 374 69752 0.2790269 0.901014 True
91 0 4 691 768 183 237 3050 0 0.7335258 True
91 0 3 651 688 183 212 753 0 0.7017707 True
91 0 9 761 912 117 236 16153 0 0.898937 True
91 0 5 869 1241 179 374 63226 0.175068 0.8716019 True
91 0 12 934 1017 185 217 107 0 0.04028615 True
91 1 4 675 749 183 237 2985 0 0.746997 True
91 1 3 641 677 183 212 733 0 0.7021073 True
91 1 9 748 893 117 236 15451 0 0.8954506 True
91 1 5 821 1241 179 374 69898 0.1375462 0.8534554 True
92 0 4 687 759 183 233 2709 0 0.7525 True
92 0 3 649 685 183 211 704 0 0.6984127 True
92 0 9 755 896 120 233 14434 0 0.9059185 True
92 0 5 845 1241 179 374 59425 0.06187028 0.7695545 True
92 1 4 672 741 183 233 2631 0 0.7626087 True
92 1 3 639 674 183 211 684 0 0.6979592 True
92 1 9 742 879 120 233 13355 0 0.8626704 True
92 1 5 802 1174 179 374 55486 0.02575356 0.7649021 True
93 0 4 683 750 182 230 2403 0 0.7472015 True
93 0 3 647 682 182 210 650 0 0.6632653 True
93 0 9 749 881 123 231 12741 0 0.893729 True
93 0 5 824 1159 179 374 44093 0 0.674979 True
93 1 4 669 733 182 230 2326 0 0.7571614 True
93 1 3 638 672 182 210 626 0 0.657563 True
93 1 9 736 865 123 231 11403 0 0.8184754 True
93 1 5 784 1095 179 374 41341 0.002493799 0.6816885 True
94 0 4 679 742 182 227 2156 0 0.7604938 True
94 0 3 646 679 182 209 614 0 0.6891134 True
94 0 9 743 868 125 228 11124 0 0.864 True
94 0 5 806 1091 179 355 33489 0 0.6676435 True
94 1 4 666 726 182 227 2101 0 0.7781482 True
94 1 3 637 669 182 209 581 0 0.6724537 True
94 1 9 731 852 125 228 9807 0 0.7868892 True
94 1 5 770 1035 179 355 31532 0 0.6760721 True
95 0 4 676 735 182 225 1937 0 0.7635002 True
95 0 3 644 677 182 208 562 0 0.6550117 True
95 0 9 738 856 127 226 9668 0 0.827598 True
95 0 5 791 1038 178 336 26244 0 0.6724747 True
95 1 4 663 720 182 225 1884 0 0.7686659 True
95 1 3 635 667 182 208 535 0 0.6430289 True
95 1 9 727 841 127 226 8572 0 0.7595251 True
95 1 5 758 988 178 336 24805 0 0.6825812 True
95 1 12 889 967 184 216 295 0 0.1181891 True
96 0 4 673 728 182 222 1718 0 0.7809091 True
96 0 3 643 674 182 207 534 0 0.6890323 True
96 0 9 733 845 130 224 8448 0 0.8024316 True
96 0 5 777 992 178 319 20758 0 0.6847435 True
96 0 12 892 969 184 215 136 0 0.05697528 True
96 1 4 660 714 182 222 1685 0 0.7800926 True
96 1 3 634 665 182 207 488 0 0.6296774 True
96 1 6 1059 1241 236 374 1148 0.9822212 0.04570791 True
96 1 9 722 830 130 224 7487 0 0.7374902 True
96 1 5 746 947 178 319 19685 0 0.6945767 True
96 1 12 881 958 184 215 922 0 0.3862589 True
97 0 4 670 722 181 220 1557 0 0.7677515 True
97 0 3 642 672 182 206 495 0 0.6875 True
97 0 6 1067 1241 225 374 5831 0.9687946 0.2249094 True
97 0 9 729 835 132 222 7445 0 0.7803983 True
97 0 5 766 955 178 306 16754 0 0.692543 True
97 0 12 884 960 184 215 684 0 0.2903226 True
97 1 4 658 709 181 220 1522 0 0.7652087 True
97 1 3 633 662 182 206 449 0 0.645115 True
97 1 6 982 1241 225 374 13510 0.8607386 0.3500816 True
97 1 9 718 821 132 222 6590 0 0.7108954 True
97 1 5 737 915 178 306 15922 0 0.6988238 True
97 1 12 873 949 184 215 1117 0 0.4741087 True
98 0 4 667 717 181 218 1412 0 0.7632433 True
98 0 3 640 669 182 205 463 0 0.694153 True
98 0 6 1001 1241 218 374 18800 0.8037755 0.5021368 True
98 0 9 725 825 133 220 6603 0 0.7589655 True
98 0 5 756 925 178 295 13752 0 0.6954939 True
98 0 12 877 953 184 214 949 0 0.4162281 True
98 1 4 656 704 181 218 1379 0 0.776464 True
98 1 3 632 660 182 205 413 0 0.6413044 True
98 1 6 929 1241 218 374 28758 0.7228905 0.590853 True
98 1 9 714 812 133 220 5848 0 0.6859019 True
98 1 5 729 888 178 295 13100 0 0.7041875 True
98 1 12 867 942 184 214 1254 0 0.5573334 True
99 0 4 665 712 181 216 1287 0 0.7823708 True
99 0 3 639 667 181 204 428 0 0.6645963 True
99 0 6 947 1241 212 374 32134 0.621079 0.6746871 True
99 0 9 721 816 135 218 5888 0 0.7467343 True
99 0 5 746 898 178 285 11448 0 0.7038859 True
99 0 12 871 946 184 214 1156 0 0.5137778 True
99 1 4 654 700 181 216 1272 0 0.7900621 True
99 1 3 631 658 181 204 386 0 0.6215781 True
99 1 6 885 1241 212 374 41225 0.4689984 0.7148183 True
99 1 9 711 804 135 218 5161 0 0.6686099 True
99 1 5 721 864 178 285 10939 0 0.7149206 True
99 1 12 861 935 184 214 1209 0 0.5445946 True
100 0 4 662 707 181 214 1158 0 0.779798 True
100 0 3 638 665 181 203 395 0 0.6649832 True
100 0 6 906 1241 208 374 41762 0.2927194 0.75098 True
100 0 9 717 808 137 217 5248 0 0.7208791 True
100 0 5 738 875 178 276 9678 0 0.7208402 True
100 0 12 865 939 184 214 1206 0 0.5432432 True
100 1 4 651 695 181 214 1136 0 0.7823691 True
100 1 3 630 657 181 203 360 0 0.6060606 True
100 1 6 852 1241 208 374 48152 0.2492836 0.7456871 True
100 1 9 707 796 137 217 4620 0 0.6488764 True
100 1 5 714 844 178 276 9259 0 0.7267661 True
100 1 12 855 929 184 214 1187 0 0.5346847 True
101 0 4 659 702 181 213 1066 0 0.7747093 True
101 0 3 637 663 181 202 350 0 0.6410257 True
101 0 6 874 1241 204 374 44535 0.1097748 0.7138163 True
101 0 10 1205 1241 204 338 1038 0.9851905 0.2151741 True
101 0 9 713 800 138 215 4697 0 0.7011494 True
101 0 5 730 856 178 269 8251 0 0.7196058 True
101 0 12 860 933 183 213 1200 0 0.5479452 True
101 1 4 649 691 181 213 1040 0 0.7738096 True
101 1 3 629 655 181 202 316 0 0.5787546 True
101 1 6 825 1192 204 374 41581 0.05049968 0.666469 True
101 1 10 1158 1241 204 351 5516 0.9230923 0.4520941 True
101 1 9 704 789 138 215 4165 0 0.6363636 True
101 1 5 707 827 178 269 7916 0 0.7249084 True
101 1 12 850 923 183 213 1173 0 0.5356165 True
102 0 4 657 697 180 211 987 0 0.7959678 True
102 0 6 848 1169 202 374 34716 0 0.6287764 True
102 0 10 1143 1241 201 338 6255 0.8646214 0.4658871 True
102 0 9 710 793 139 214 4236 0 0.6804819 True
102 0 5 722 838 178 262 7106 0 0.7292693 True
102 0 12 856 927 183 213 1248 0 0.5859155 True
102 1 4 647 687 180 211 970 0 0.7822581 True
102 1 6 804 1103 202 374 32662 0 0.6351015 True
102 1 10 1101 1241 201 351 10613 0.7231306 0.5053809 True
102 1 9 700 782 139 214 3763 0 0.6118699 True
102 1 5 701 812 178 262 6840 0 0.7335907 True
102 1 12 846 917 183 213 1204 0 0.5652582 True
103 0 4 654 693 180 210 896 0 0.765812 True
103 0 6 827 1096 199 359 25460 0 0.5915428 True
103 0 10 1093 1241 199 337 11017 0.6379096 0.5394144 True
103 0 9 706 786 141 213 3811 0 0.6616319 True
103 0 5 716 823 178 257 6207 0 0.7342955 True
103 0 12 851 922 183 213 1257 0 0.5901408 True
103 1 4 645 683 180 210 870 0 0.7631579 True
103 1 6 787 1038 199 359 24026 0 0.5982569 True
103 1 10 1055 1241 199 351 16291 0.4849827 0.5762239 True
103 1 9 697 775 141 213 3451 0 0.6144943 True
103 1 5 696 798 178 257 5989 0 0.7432365 True
103 1 12 841 912 183 213 1232 0 0.5784038 True
104 0 4 652 689 180 208 817 0 0.78861 True
104 0 6 807 1035 197 336 19016 0 0.6000252 True
104 0 10 1052 1241 197 337 16135 0.4006194 0.6097884 True
104 0 9 703 780 142 211 3472 0 0.6534914 True
104 0 5 710 809 177 252 5399 0 0.727138 True
104 0 12 846 916 183 212 1185 0 0.5837439 True
104 1 4 643 679 180 208 800 0 0.7936508 True
104 1 6 771 985 197 336 18042 0 0.6065353 True
104 1 10 1018 1241 197 350 21036 0.2499744 0.6165479 True
104 1 9 694 769 142 211 3191 0 0.6166183 True
104 1 5 691 786 177 252 5197 0 0.7294035 True
104 1 12 836 906 183 212 1184 0 0.5832512 True
105 0 4 650 685 180 207 758 0 0.8021164 True
105 0 6 791 987 195 318 14669 0 0.6084702 True
105 0 10 1016 1241 195 331 19471 0.1572822 0.6363072 True
105 0 9 700 774 143 210 3192 0 0.643808 True
105 0 5 705 797 177 247 4754 0 0.7381988 True
105 0 12 841 911 183 212 1012 0 0.4985222 True
105 1 4 641 676 180 207 745 0 0.7883598 True
105 1 6 758 943 195 318 13950 0 0.6130521 True
105 1 10 984 1241 195 331 23101 0.05666125 0.660935 True
105 1 9 692 764 143 210 2976 0 0.6169154 True
105 1 5 687 775 177 247 4543 0 0.7375 True
105 1 12 832 901 183 212 1060 0 0.5297351 True
106 0 4 648 682 180 206 697 0 0.7884616 True
106 0 6 777 949 194 304 11634 0 0.6149049 True
106 0 10 985 1241 194 314 20514 0.01788908 0.6677734 True
106 0 9 697 768 144 209 2940 0 0.6370531 True
106 0 5 700 786 177 243 4221 0 0.7436575 True
106 0 12 837 905 183 212 886 0 0.4492901 True
106 1 4 640 673 180 206 682 0 0.7948718 True
106 1 6 747 909 194 304 11097 0 0.6227273 True
106 1 10 956 1240 194 315 21045 0 0.6124142 True
106 1 9 689 758 144 209 2807 0 0.625864 True
106 1 5 682 766 177 243 3981 0 0.7180736 True
106 1 12 827 895 183 212 1024 0 0.5192698 True
107 0 4 646 679 180 205 643 0 0.7793939 True
107 0 6 765 919 193 293 9476 0 0.6153247 True
107 0 10 959 1216 193 301 17323 0 0.6241173 True
107 0 9 694 762 145 208 2707 0 0.6318861 True
107 0 5 695 776 177 239 3734 0 0.7435285 True
107 0 12 834 902 183 212 896 0 0.4543611 True
107 1 4 638 670 180 205 635 0 0.79375 True
107 1 6 737 883 193 293 9075 0 0.6215754 True
107 1 10 932 1178 193 301 16695 0 0.6283875 True
107 1 9 686 753 145 208 2619 0 0.6204691 True
107 1 5 678 756 177 239 3499 0 0.7235318 True
107 1 12 824 892 183 212 1067 0 0.5410751 True
108 0 4 645 676 180 204 604 0 0.811828 True
108 0 6 754 892 192 282 7758 0 0.6246377 True
108 0 10 936 1163 192 290 14043 0 0.6312596 True
108 0 9 692 757 146 207 2522 0 0.6360656 True
108 0 5 691 767 177 236 3317 0 0.7397413 True
108 0 12 831 898 183 211 972 0 0.5181237 True
108 1 4 637 667 180 204 595 0 0.8263889 True
108 1 6 728 859 192 282 7451 0 0.6319762 True
108 1 10 911 1128 192 290 13558 0 0.6375435 True
108 1 9 684 748 146 207 2461 0 0.6303791 True
108 1 5 675 748 177 236 3079 0 0.7148827 True
108 1 12 821 889 183 211 1131 0 0.5940126 True
109 0 4 643 673 180 203 570 0 0.8260869 True
109 0 6 745 869 191 274 6510 0 0.6325301 True
109 0 10 916 1118 191 281 11580 0 0.6369637 True
109 0 9 690 752 147 206 2339 0 0.6394204 True
109 0 5 687 759 177 233 2935 0 0.7279266 True
109 0 12 828 895 183 211 1084 0 0.5778252 True
109 1 4 636 665 180 203 566 0 0.8485757 True
109 1 6 721 839 191 274 6246 0 0.6377374 True
109 1 10 892 1086 191 281 11182 0 0.6404353 True
109 1 9 682 743 147 206 2325 0 0.6460128 True
109 1 5 672 741 177 233 2737 0 0.7083333 True
109 1 12 819 885 183 211 1147 0 0.620671 True
110 0 4 642 670 179 202 534 0 0.8291925 True
110 0 6 737 850 190 267 5503 0 0.6324561 True
110 0 10 897 1078 190 273 9594 0 0.6386208 True
110 0 9 687 747 148 205 2212 0 0.6467836 True
110 0 5 683 751 177 230 2599 0 0.7211432 True
110 0 12 825 891 183 211 1179 0 0.637987 True
110 1 4 634 662 179 202 520 0 0.8074534 True
110 1 6 714 822 190 267 5296 0 0.6368446 True
110 1 10 875 1048 190 273 9291 0 0.6470506 True
110 1 9 679 738 148 205 2229 0 0.6628011 True
110 1 5 669 734 177 230 2413 0 0.7004354 True
110 1 12 816 882 183 211 1145 0 0.6195887 True
111 0 4 640 668 179 201 494 0 0.8019481 True
111 0 6 729 833 189 260 4686 0 0.6346154 True
111 0 10 881 1043 189 266 8062 0 0.6463043 True
111 0 9 684 743 148 204 2106 0 0.6374092 True
111 0 5 680 744 177 228 2332 0 0.7144608 True
111 0 12 823 889 183 211 1167 0 0.6314935 True
111 1 4 633 660 179 201 494 0 0.8316498 True
111 1 6 707 807 189 260 4520 0 0.6366197 True
111 1 10 860 1016 189 266 7808 0 0.6500167 True
111 1 9 677 734 148 204 2105 0 0.6594611 True
111 1 5 666 728 177 228 2153 0 0.6808982 True
111 1 12 813 879 183 211 1165 0 0.6304113 True
112 0 4 638 665 179 201 470 0 0.7912458 True
112 0 6 722 818 188 254 4034 0 0.6366793 True
112 0 10 866 1014 188 260 6871 0 0.6448011 True
112 0 9 682 739 149 204 1992 0 0.6354067 True
112 0 5 677 737 177 225 2106 0 0.73125 True
112 0 12 820 886 183 211 1152 0 0.6233766 True
112 1 4 631 658 179 201 466 0 0.7845118 True
112 1 6 702 793 188 254 3904 0 0.6500167 True
112 1 10 846 988 188 260 6660 0 0.6514084 True
112 1 9 675 730 149 204 2007 0 0.6634711 True
112 1 5 663 722 177 225 1941 0 0.6853814 True
112 1 12 811 876 183 211 1086 0 0.5967033 True
113 0 4 637 663 179 200 431 0 0.7893773 True
113 0 6 716 804 188 249 3497 0 0.6514531 True
113 0 10 853 988 188 254 5922 0 0.6646464 True
113 0 9 679 735 150 203 1917 0 0.6458895 True
113 0 5 674 731 177 223 1879 0 0.7166286 True
113 0 12 818 883 183 210 1057 0 0.6022792 True
113 1 4 630 656 179 200 422 0 0.7728938 True
113 1 6 697 781 188 249 3375 0 0.6586651 True
113 1 10 834 964 188 254 5756 0 0.6708625 True
113 1 9 672 726 150 203 1912 0 0.6680643 True
113 1 5 661 716 177 223 1724 0 0.6814229 True
113 1 12 809 873 183 210 903 0 0.5225694 True
114 0 4 636 661 179 199 427 0 0.854 True
114 0 6 710 792 187 245 3061 0 0.6436081 True
114 0 10 841 965 187 250 5155 0 0.6598822 True
114 0 9 678 731 151 202 1809 0 0.6692564 True
114 0 5 671 725 177 221 1692 0 0.7121212 True
114 0 12 815 880 183 210 870 0 0.4957265 True
114 1 4 629 654 179 199 409 0 0.818 True
114 1 6 692 770 187 245 2968 0 0.6560566 True
114 1 10 823 943 187 250 5014 0 0.6632275 True
114 1 9 671 723 151 202 1809 0 0.6821267 True
114 1 5 658 711 177 221 1545 0 0.6625214 True
114 1 12 806 871 183 210 688 0 0.3920228 True
115 0 6 705 781 186 240 2696 0 0.6569201 True
115 0 10 830 945 187 245 4512 0 0.6764618 True
115 0 9 675 727 151 202 1718 0 0.647813 True
115 0 5 668 720 177 220 1543 0 0.6900716 True
115 0 12 815 880 183 210 618 0 0.3521368 True
115 1 6 688 761 186 240 2619 0 0.6643836 True
115 1 10 813 924 187 245 4388 0 0.6815782 True
115 1 9 669 720 151 202 1733 0 0.6662822 True
115 1 5 656 707 177 220 1399 0 0.6379389 True
115 1 12 806 870 183 210 431 0 0.2494213 True
116 0 6 700 772 186 237 2379 0 0.6478758 True
116 0 10 820 926 186 242 3964 0 0.6677898 True
116 0 9 673 724 152 201 1626 0 0.6506603 True
116 0 5 666 715 177 218 1395 0 0.6943753 True
116 0 12 815 880 183 210 349 0 0.1988604 True
116 1 6 684 753 186 237 2328 0 0.6615516 True
116 1 10 803 907 186 242 3870 0 0.6644918 True
116 1 9 667 716 152 201 1655 0 0.6892961 True
116 1 5 654 702 177 218 1277 0 0.6488821 True
116 1 12 806 870 183 210 189 0 0.109375 True
117 0 6 695 762 186 234 2128 0 0.6616915 True
117 0 10 810 910 186 238 3521 0 0.6771154 True
117 0 9 671 720 153 200 1539 0 0.6682588 True
117 0 5 663 711 177 216 1276 0 0.6816239 True
117 0 12 815 879 183 210 114 0 0.06597222 True
117 1 6 680 745 186 234 2091 0 0.6701923 True
117 1 10 794 891 186 238 3431 0 0.6802141 True
117 1 9 665 713 153 200 1581 0 0.7007979 True
117 1 5 652 698 177 216 1151 0 0.641583 True
117 1 12 806 870 183 210 55 0 0.03182871 True
118 0 6 691 754 185 231 1919 0 0.6621808 True
118 0 10 802 895 185 235 3131 0 0.6733333 True
118 0 9 669 717 153 200 1484 0 0.6578014 True
118 0 5 661 707 177 215 1160 0 0.6636156 True
118 0 12 815 879 183 210 48 0 0.02777778 True
118 1 6 676 737 185 231 1876 0 0.6685674 True
118 1 10 786 877 185 235 3059 0 0.6723077 True
118 1 9 663 710 153 200 1517 0 0.6867361 True
118 1 5 650 695 177 215 1062 0 0.6210526 True
118 1 12 805 869 183 210 124 0 0.07175926 True
119 0 6 687 747 185 228 1723 0 0.6678295 True
119 0 10 793 881 185 232 2827 0 0.6835107 True
119 0 9 668 714 154 199 1406 0 0.6792271 True
119 0 5 659 703 177 213 1059 0 0.6685606 True
119 0 12 814 879 182 210 191 0 0.1049451 True
119 1 6 673 731 185 228 1673 0 0.6708099 True
119 1 10 779 864 185 232 2766 0 0.6923655 True
119 1 9 661 707 154 199 1432 0 0.6917874 True
119 1 5 648 691 177 213 978 0 0.6317829 True
119 1 12 805 869 182 210 352 0 0.1964286 True
120 0 6 683 740 184 226 1568 0 0.6549708 True
120 0 10 786 868 185 230 2549 0 0.6907859 True
120 0 9 666 711 154 199 1334 0 0.6587654 True
120 0 5 656 699 177 212 977 0 0.6491694 True
120 0 12 814 878 183 210 436 0 0.2523148 True
120 1 6 670 724 184 226 1527 0 0.6732804 True
120 1 10 772 852 185 230 2500 0 0.6944444 True
120 1 9 660 704 154 199 1363 0 0.6883838 True
120 1 5 646 688 177 212 900 0 0.6122449 True
120 1 12 805 869 183 210 570 0 0.3298611 True
121 0 6 680 734 184 223 1406 0 0.6676163 True
121 0 10 779 857 184 227 2311 0 0.689028 True
121 0 9 664 708 155 198 1274 0 0.6733615 True
121 0 5 655 696 177 211 884 0 0.6341463 True
121 0 12 814 878 182 210 660 0 0.3683036 True
121 1 6 667 719 184 223 1383 0 0.6819527 True
121 1 10 765 841 184 227 2260 0 0.6915545 True
121 1 9 658 702 155 198 1305 0 0.6897463 True
121 1 5 645 685 177 211 816 0 0.6 True
121 1 12 805 869 182 210 762 0 0.4252232 True
122 0 6 677 728 184 221 1293 0 0.6852146 True
122 0 10 772 845 184 225 2101 0 0.7019713 True
122 0 9 663 706 155 197 1215 0 0.6727574 True
122 0 5 653 692 177 210 819 0 0.6363636 True
122 0 12 814 878 182 210 850 0 0.4743304 True
122 1 6 664 714 184 221 1264 0 0.6832432 True
122 1 10 759 830 184 225 2066 0 0.7097217 True
122 1 9 657 699 155 197 1228 0 0.6961451 True
122 1 5 643 682 177 210 759 0 0.5897436 True
122 1 12 805 869 182 210 931 0 0.5195313 True
123 0 11 1189 1241 147 351 1517 0.9775831 0.1430053 True
123 0 6 674 723 183 219 1187 0 0.6729025 True
123 0 10 765 835 184 223 1909 0 0.6992674 True
123 0 9 661 703 156 197 1172 0 0.6806039 True
123 0 5 651 689 177 209 766 0 0.6299342 True
123 0 12 814 878 182 210 993 0 0.5541295 True
123 1 11 1140 1241 144 368 8170 0.911703 0.3611209 True
123 1 6 662 709 183 219 1160 0 0.6855792 True
123 1 10 753 821 184 223 1877 0 0.7077677 True
123 1 9 656 696 156 197 1182 0 0.7207317 True
123 1 5 642 679 177 209 700 0 0.5912162 True
123 1 12 805 869 182 210 1043 0 0.5820313 True
124 0 11 1128 1241 147 352 9981 0.8621553 0.4308655 True
124 0 6 671 718 183 218 1076 0 0.6541033 True
124 0 10 760 826 183 221 1750 0 0.6977671 True
124 0 9 660 700 156 196 1098 0 0.68625 True
124 0 5 650 686 177 208 701 0 0.6281362 True
124 0 12 814 878 182 210 1103 0 0.6155134 True
124 1 11 1083 1241 144 368 18068 0.7343805 0.5105109 True
124 1 6 660 705 183 218 1059 0 0.6723809 True
124 1 10 748 812 183 221 1719 0 0.7068257 True
124 1 9 654 694 156 196 1130 0 0.70625 True
124 1 5 641 676 177 208 648 0 0.597235 True
124 1 12 805 868 182 210 1119 0 0.6343538 True
125 0 11 1076 1241 147 352 18301 0.6476486 0.5410495 True
125 0 6 669 713 183 216 1010 0 0.6955923 True
125 0 10 754 817 183 219 1622 0 0.7151675 True
125 0 9 658 697 157 196 1045 0 0.687048 True
125 0 5 648 683 177 207 650 0 0.6190476 True
125 0 12 814 878 182 210 1131 0 0.6311384 True
125 1 11 1036 1241 144 368 25807 0.500728 0.5619991 True
125 1 6 657 701 183 216 987 0 0.6797521 True
125 1 10 743 804 183 219 1585 0 0.7217668 True
125 1 9 653 691 157 196 1059 0 0.7145749 True
125 1 5 639 674 177 207 607 0 0.5780953 True
125 1 12 805 868 182 210 1120 0 0.6349207 True
126 0 11 1034 1241 147 351 24677 0.4196118 0.5843753 True
126 0 6 666 709 183 214 917 0 0.687922 True
126 0 10 749 809 183 218 1491 0 0.71 True
126 0 9 657 695 157 196 1011 0 0.6821862 True
126 0 5 646 680 177 206 626 0 0.6348884 True
126 0 12 814 878 182 210 1131 0 0.6311384 True
126 1 11 998 1241 144 368 33047 0.2661782 0.6071245 True
126 1 6 655 697 183 214 905 0 0.6950845 True
126 1 10 738 796 183 218 1466 0 0.7221675 True
126 1 9 652 689 157 196 1040 0 0.7207207 True
126 1 5 638 671 177 206 573 0 0.5987461 True
126 1 12 805 868 182 210 1118 0 0.6337869 True
127 0 11 998 1241 148 343 30351 0.1908997 0.6405191 True
127 0 6 664 705 182 213 853 0 0.6711251 True
127 0 10 744 801 183 216 1378 0 0.7325891 True
127 0 9 656 692 158 195 960 0 0.7207207 True
127 0 5 645 678 177 205 589 0 0.6374459 True
127 0 12 814 878 182 210 1133 0 0.6322545 True
127 1 11 965 1241 148 344 36656 0.07956022 0.6776102 True
127 1 6 654 694 182 213 836 0 0.6741936 True
127 1 10 733 789 183 216 1361 0 0.7364718 True
127 1 9 650 687 158 195 986 0 0.7202337 True
127 1 5 636 669 177 205 550 0 0.5952381 True
127 1 12 805 868 182 210 1119 0 0.6343538 True
128 0 11 968 1241 152 324 33279 0.03358972 0.7087273 True
128 0 6 662 702 182 212 798 0 0.665 True
128 0 10 739 794 183 215 1273 0 0.7232955 True
128 0 9 654 690 158 195 929 0 0.6974474 True
128 0 5 643 675 177 204 552 0 0.6388889 True
128 0 12 814 878 182 210 1131 0 0.6311384 True
128 1 11 938 1241 152 325 36830 0.001492023 0.7026078 True
128 1 6 652 691 182 212 793 0 0.6777778 True
128 1 10 728 782 183 215 1252 0 0.724537 True
128 1 9 649 685 158 195 936 0 0.7027027 True
128 1 5 635 666 177 204 512 0 0.6117085 True
128 1 12 805 868 182 210 1118 0 0.6337869 True
129 0 11 942 1231 154 309 29733 0 0.6637571 True
129 0 6 660 698 182 211 738 0 0.6696914 True
129 0 10 734 787 182 214 1195 0 0.7045991 True
129 0 9 653 688 158 194 871 0 0.6912698 True
129 0 5 642 672 177 203 530 0 0.6794872 True
129 0 12 814 878 182 210 1131 0 0.6311384 True
129 1 11 913 1191 154 309 28501 0 0.6614296 True
129 1 6 650 688 182 211 726 0 0.6588022 True
129 1 10 724 776 182 214 1178 0 0.7079327 True
129 1 9 648 682 158 194 893 0 0.7295752 True
129 1 5 634 664 177 203 481 0 0.6166667 True
129 1 12 804 868 182 210 1124 0 0.6272321 True
130 0 11 919 1171 156 296 23556 0 0.6676871 True
130 0 6 658 695 182 209 690 0 0.6906907 True
130 0 10 730 780 182 212 1106 0 0.7373334 True
130 0 9 652 686 159 194 831 0 0.6983193 True
130 0 5 640 670 177 203 491 0 0.6294872 True
130 0 12 814 878 182 210 1129 0 0.6300223 False
130 1 11 892 1135 156 296 22595 0 0.6641681 True
130 1 6 649 684 182 209 676 0 0.7153439 True
130 1 10 720 770 182 212 1094 0 0.7293333 True
130 1 9 647 680 159 194 866 0 0.7497836 True
130 1 5 633 662 177 203 465 0 0.6167109 True
130 1 12 804 868 182 210 1120 0 0.625 False
131 0 11 899 1122 158 286 19092 0 0.6688621 True
131 0 6 656 691 182 208 646 0 0.7098901 True
131 0 10 726 774 182 211 1035 0 0.7435345 True
131 0 9 651 684 159 194 814 0 0.7047619 True
131 0 5 639 668 177 202 447 0 0.6165517 True
131 0 12 813 877 182 210 1126 0 0.6283482 False
131 1 11 874 1089 158 286 18349 0 0.6667514 True
131 1 6 647 681 182 208 633 0 0.7160633 True
131 1 10 717 764 182 211 1017 0 0.7461482 True
131 1 9 646 678 159 194 837 0 0.7473214 True
131 1 5 632 660 177 202 416 0 0.5942857 True
131 1 12 804 868 182 210 1115 0 0.6222098 False
132 0 11 880 1080 160 277 15629 0 0.667906 True
132 0 6 654 688 182 207 619 0 0.7282353 True
132 0 10 722 769 182 210 964 0 0.7325228 True
132 0 9 650 682 159 193 767 0 0.7049632 True
132 0 5 639 666 177 201 416 0 0.6419753 True
132 0 12 813 877 182 210 1121 0 0.625558 False
132 1 11 858 1049 160 277 15048 0 0.673379 True
132 1 6 645 679 182 207 604 0 0.7105882 True
132 1 10 713 758 182 210 954 0 0.7571428 True
132 1 9 645 676 159 193 798 0 0.7571157 True
132 1 5 631 659 177 201 390 0 0.5803571 True
132 1 12 804 867 182 210 1115 0 0.6320862 False
133 0 11 865 1044 161 269 13064 0 0.6757708 True
133 0 6 653 685 181 206 578 0 0.7225 True
133 0 10 719 763 182 209 896 0 0.7542087 True
133 0 9 649 680 160 193 743 0 0.7262952 True
133 0 5 638 665 177 200 382 0 0.6151369 True
133 0 12 813 877 182 210 1124 0 0.6272321 False
133 1 11 843 1016 161 269 12589 0 0.673785 True
133 1 6 644 676 181 206 575 0 0.71875 True
133 1 10 710 753 182 209 885 0 0.7622739 True
133 1 9 644 675 160 193 781 0 0.7634408 True
133 1 5 631 657 177 200 353 0 0.590301 True
133 1 12 804 867 182 210 1000 0 0.5668934 False
134 0 11 850 1012 162 262 10959 0 0.6764815 True
134 0 6 651 683 181 206 548 0 0.685 True
134 0 10 715 758 182 208 837 0 0.7486583 True
134 0 9 648 678 160 193 706 0 0.7131313 True
134 0 5 637 663 177 200 357 0 0.59699 True
134 0 12 812 876 182 210 950 0 0.5301339 False
134 1 11 829 986 162 262 10571 0 0.6733121 True
134 1 6 643 674 181 206 530 0 0.683871 True
134 1 10 706 748 182 208 826 0 0.7564102 True
134 1 9 643 673 160 193 742 0 0.749495 True
134 1 5 630 656 177 200 337 0 0.5635452 True
134 1 12 803 867 182 210 692 0 0.3861607 False
135 0 11 837 984 163 256 9314 0 0.6812962 True
135 0 6 650 680 181 205 497 0 0.6902778 True
135 0 10 712 753 181 207 791 0 0.7420263 True
135 0 9 647 676 160 192 675 0 0.7273707 True
135 0 5 636 661 177 199 336 0 0.6109091 True
135 0 12 812 876 182 210 628 0 0.3504464 True
135 1 11 817 960 163 256 8996 0 0.6764418 True
135 1 6 641 671 181 205 492 0 0.6833333 True
135 1 10 703 744 181 207 785 0 0.7363977 True
135 1 9 642 671 160 192 719 0 0.7747845 True
135 1 5 630 654 177 199 308 0 0.5833333 True
135 1 12 803 866 182 210 387 0 0.2193878 True
136 0 11 825 960 164 251 8007 0 0.6817369 True
136 0 6 648 678 181 204 477 0 0.6913043 True
136 0 10 709 749 181 206 746 0 0.746 True
136 0 9 646 674 161 192 798 0 0.9193549 True
136 0 12 812 876 182 210 330 0 0.1841518 True
136 1 11 807 937 164 251 7744 0 0.6847038 True
136 1 6 640 669 181 204 460 0 0.6896552 True
136 1 10 700 740 181 206 741 0 0.741 True
136 1 9 641 670 161 192 771 0 0.8576196 True
136 1 12 803 867 182 210 141 0 0.07868303 True
137 0 11 814 939 165 246 6938 0 0.6852345 True
137 0 6 647 676 181 203 462 0 0.7241379 True
137 0 10 706 745 181 205 709 0 0.7574787 True
137 0 9 645 673 161 191 726 0 0.8642857 True
137 0 12 812 876 182 210 100 0 0.05580357 True
137 1 11 797 918 165 246 6720 0 0.6856443 True
137 1 6 639 667 181 203 450 0 0.7305195 True
137 1 10 698 736 181 205 703 0 0.7708333 True
137 1 9 641 668 161 191 724 0 0.8938271 True
137 1 12 803 867 182 210 1 0 0.0005580357 True
138 0 11 805 920 166 242 6072 0 0.6947368 True
138 0 6 646 674 181 202 425 0 0.7227891 True
138 0 10 703 741 181 205 673 0 0.7379386 True
138 0 9 644 671 162 191 716 0 0.9144317 True
138 1 11 788 900 166 242 5890 0 0.6919643 True
138 1 6 638 666 181 202 422 0 0.7176871 True
138 1 10 695 732 181 205 659 0 0.7421171 True
138 1 9 640 667 162 191 700 0 0.8939974 True
139 0 11 795 902 166 239 5341 0 0.6837793 True
139 0 6 645 672 181 202 399 0 0.7037037 True
139 0 10 700 737 181 204 633 0 0.7438308 True
139 0 9 643 670 162 191 672 0 0.8582376 True
139 1 11 780 883 166 239 5194 0 0.6907833 True
139 1 6 637 664 181 202 395 0 0.696649 True
139 1 10 693 728 181 204 618 0 0.7677019 True
139 1 9 639 666 162 191 675 0 0.862069 True
140 0 11 787 887 167 235 4708 0 0.692353 True
140 0 6 644 670 181 201 376 0 0.7230769 True
140 0 10 698 733 181 203 596 0 0.774026 True
140 1 11 772 869 167 235 4575 0 0.6936022 True
140 1 6 637 662 181 201 381 0 0.762 True
140 1 10 690 725 181 203 592 0 0.7688312 True
140 1 12 804 867 182 210 67 0 0.03798186 True
141 0 11 779 872 167 232 4211 0 0.6966088 True
141 0 6 643 669 180 200 354 0 0.6807692 True
141 0 10 695 729 181 202 560 0 0.7843137 True
141 0 12 813 877 182 210 191 0 0.1065848 True
141 1 11 765 855 167 232 4100 0 0.7008547 True
141 1 6 636 661 180 200 342 0 0.684 True
141 1 10 688 721 181 202 554 0 0.7994228 True
141 1 12 804 867 182 210 349 0 0.1978458 True
142 0 11 772 860 168 230 3754 0 0.6880499 True
142 0 10 692 726 181 202 535 0 0.7492997 True
142 0 12 813 877 182 210 491 0 0.2739955 True
142 1 11 758 843 168 230 3657 0 0.6939279 True
142 1 10 685 718 181 202 532 0 0.7676768 True
142 1 12 804 868 182 210 632 0 0.3526786 True
143 0 11 765 848 168 227 3386 0 0.6914437 True
143 0 10 690 722 180 201 514 0 0.764881 True
143 0 12 813 877 182 210 734 0 0.4095982 True
143 1 11 752 833 168 227 3300 0 0.690521 True
143 1 10 683 715 180 201 513 0 0.7633929 True
143 1 12 804 868 182 210 859 0 0.4793527 True
144 0 11 759 837 168 225 3052 0 0.6864597 True
144 0 10 688 719 180 201 490 0 0.7526882 True
144 0 12 813 878 182 210 949 0 0.5214286 True
144 1 11 746 822 168 225 2978 0 0.6874423 True
144 1 10 681 712 180 201 487 0 0.7480799 True
144 1 12 804 868 182 210 1021 0 0.5697545 True
145 0 11 753 827 169 223 2766 0 0.6921922 True
145 0 10 686 716 180 200 458 0 0.7633333 True
145 0 12 813 878 182 210 1105 0 0.6071429 True
145 1 11 741 813 169 223 2694 0 0.6929013 True
145 1 10 679 709 180 200 454 0 0.7566667 True
145 1 12 804 868 182 210 1126 0 0.6283482 True
146 0 11 748 817 169 221 2498 0 0.6962096 True
146 0 10 684 713 180 199 452 0 0.8203267 True
146 0 12 813 877 182 210 1127 0 0.6289063 True
146 1 11 736 804 169 221 2443 0 0.6908937 True
146 1 10 677 706 180 199 446 0 0.8094374 True
146 1 12 804 868 182 210 1125 0 0.6277902 True
147 0 11 742 808 169 219 2294 0 0.6951515 True
147 0 10 682 711 180 199 419 0 0.7604356 True
147 0 12 813 877 182 210 1134 0 0.6328125 True
147 1 11 731 795 169 219 2244 0 0.70125 True
147 1 10 675 704 180 199 416 0 0.7549909 True
147 1 12 804 867 182 210 1124 0 0.6371882 True
148 0 11 737 800 170 217 2089 0 0.7055049 True
148 0 10 680 708 180 198 402 0 0.797619 True
148 0 12 812 877 182 210 1129 0 0.6203297 True
148 1 11 726 788 170 217 2037 0 0.6990391 True
148 1 10 673 701 180 198 404 0 0.8015873 True
148 1 12 803 867 182 210 1119 0 0.624442 True
149 0 11 733 793 170 216 1919 0 0.6952899 True
149 0 10 678 705 180 198 370 0 0.7613169 True
149 0 12 812 876 182 210 1124 0 0.6272321 True
149 1 11 722 781 170 216 1880 0 0.6927045 True
149 1 10 672 698 180 198 368 0 0.7863248 True
149 1 12 803 867 182 210 1113 0 0.6210938 True
150 0 11 729 786 170 214 1772 0 0.7065391 True
150 0 10 676 702 180 197 362 0 0.8190045 True
150 0 12 812 876 182 210 1125 0 0.6277902 True
150 1 11 718 774 170 214 1735 0 0.7041396 True
150 1 10 670 696 180 197 356 0 0.8054299 True
150 1 12 803 866 182 210 1111 0 0.6298186 True
151 0 11 724 779 170 213 1636 0 0.6917548 True
151 0 10 674 700 180 197 341 0 0.7714932 True
151 0 12 811 875 182 210 1119 0 0.624442 True
151 1 11 714 768 170 213 1601 0 0.6894918 True
151 1 10 669 694 180 197 339 0 0.7976471 True
151 1 12 802 865 182 210 1107 0 0.627551 True
152 0 11 721 773 171 212 1523 0 0.7143527 True
152 0 10 673 698 180 197 319 0 0.7505882 True
152 0 12 810 874 182 210 1111 0 0.6199777 True
152 1 11 711 762 171 212 1493 0 0.7140124 True
152 1 10 667 691 180 197 317 0 0.7769608 True
152 1 12 801 864 182 210 1100 0 0.6235828 True
153 0 11 717 767 171 211 1416 0 0.708 True
153 0 12 809 873 182 210 1108 0 0.6183036 True
153 1 11 708 757 171 211 1376 0 0.7020408 True
153 1 12 800 863 182 210 1096 0 0.6213152 True
154 0 11 713 762 171 210 1314 0 0.6875981 True
154 0 12 808 872 182 210 1105 0 0.6166295 True
154 1 11 704 752 171 210 1288 0 0.6880342 True
154 1 12 799 862 182 210 1096 0 0.6213152 True
155 0 11 710 757 171 209 1230 0 0.6886898 True
155 0 12 807 871 182 210 1097 0 0.6121652 True
155 1 11 701 747 171 209 1197 0 0.6847826 True
155 1 12 798 861 182 210 1084 0 0.6145124 True
156 0 11 707 752 171 208 1143 0 0.6864865 True
156 0 12 806 868 182 210 1087 0 0.6261521 True
156 1 11 698 743 171 208 1133 0 0.6804805 True
156 1 12 796 859 182 210 1073 0 0.6082767 True
157 0 11 704 748 171 207 1083 0 0.6837121 True
157 0 12 804 866 182 209 1081 0 0.6457587 True
157 1 11 696 738 171 207 1061 0 0.7017196 True
157 1 12 794 857 182 209 1068 0 0.627866 True
158 0 11 701 744 172 206 1030 0 0.7045144 True
158 0 12 802 864 182 209 1070 0 0.6391876 True
158 1 11 693 735 172 206 1010 0 0.7072829 True
158 1 12 793 854 182 209 1065 0 0.6466302 True
159 0 11 699 739 172 205 965 0 0.7310606 True
159 0 12 800 862 182 209 1068 0 0.6379929 True
159 1 11 691 731 172 205 944 0 0.7151515 True
159 1 12 791 852 182 209 1054 0 0.6399514 True
160 0 11 696 735 172 204 906 0 0.7259616 True
160 0 12 798 860 182 209 1056 0 0.6308244 True
160 1 11 688 727 172 204 888 0 0.7115384 True
160 1 12 789 850 182 209 1047 0 0.6357013 True
161 0 11 693 732 172 204 852 0 0.6826923 True
161 0 12 795 856 182 209 1041 0 0.6320583 True
161 1 11 686 723 172 204 839 0 0.7086149 True
161 1 12 786 847 182 209 1033 0 0.627201 True
162 0 11 691 728 172 203 803 0 0.7000872 True
162 0 12 792 853 182 209 1029 0 0.6247723 True
162 1 11 683 720 172 203 795 0 0.6931125 True
162 1 12 783 843 182 209 1024 0 0.6320988 True
163 0 11 688 725 172 202 771 0 0.6945946 True
163 0 12 789 849 182 209 1024 0 0.6320988 True
163 1 11 681 717 172 202 760 0 0.7037037 True
163 1 12 780 840 182 209 1011 0 0.6240741 True
164 0 11 686 721 172 202 719 0 0.6847619 True
164 0 12 786 846 182 208 1004 0 0.6435897 True
164 1 11 679 714 172 202 717 0 0.6828572 True
164 1 12 777 837 182 208 992 0 0.6358975 True
165 0 11 684 718 172 201 689 0 0.698783 True
165 0 12 783 842 182 208 987 0 0.6434159 True
165 1 11 677 711 172 201 685 0 0.6947262 True
165 1 12 774 833 182 208 982 0 0.6401564 True
166 0 11 682 715 172 200 654 0 0.7077922 True
166 0 12 779 838 182 208 967 0 0.6303781 True
166 1 11 675 708 172 200 642 0 0.6948052 True
166 1 12 771 829 182 208 964 0 0.6392573 True
167 0 11 680 713 173 200 637 0 0.7149271 True
167 0 12 776 834 182 208 949 0 0.6293104 True
167 1 11 673 705 173 200 628 0 0.7268519 True
167 1 12 767 825 182 208 944 0 0.6259947 True
168 0 11 678 710 173 199 596 0 0.7163461 True
168 0 12 773 830 182 207 939 0 0.6589473 True
168 1 11 672 703 173 199 593 0 0.735732 True
168 1 12 764 821 182 207 925 0 0.6491228 True
169 0 11 676 707 173 199 570 0 0.7071961 True
169 0 12 770 826 182 207 907 0 0.6478571 True
169 1 11 670 700 173 199 568 0 0.7282051 True
169 1 12 761 817 182 207 900 0 0.6428571 True
170 0 11 675 705 173 198 551 0 0.7346666 True
170 0 12 766 821 182 207 884 0 0.6429091 True
170 1 11 668 698 173 198 540 0 0.72 True
170 1 12 757 812 182 207 884 0 0.6429091 True
171 0 11 673 702 173 198 513 0 0.7075862 True
171 0 12 762 816 182 207 862 0 0.6385185 True
171 1 11 667 696 173 198 510 0 0.7034483 True
171 1 12 754 807 182 207 858 0 0.6475472 True
172 0 11 671 700 173 197 497 0 0.7140805 True
172 0 12 759 811 181 206 841 0 0.6469231 True
172 1 11 665 693 173 197 495 0 0.7366071 True
172 1 12 750 803 181 206 825 0 0.6226415 True
173 0 11 670 697 173 197 470 0 0.7253087 True
173 0 12 755 807 181 206 817 0 0.6284615 True
173 1 11 664 691 173 197 462 0 0.712963 True
173 1 12 747 798 181 206 803 0 0.6298039 True
174 0 11 668 695 173 197 453 0 0.6990741 True
174 0 12 751 802 181 206 788 0 0.6180392 True
174 1 11 662 689 173 197 448 0 0.691358 True
174 1 12 743 793 181 206 782 0 0.6256 True
175 0 11 667 693 173 196 435 0 0.7274247 True
175 0 12 747 797 181 205 766 0 0.6383333 True
175 1 11 661 687 173 196 434 0 0.7257525 True
175 1 12 739 788 181 205 759 0 0.6454082 True
176 0 11 665 691 173 196 412 0 0.6889632 True
176 0 12 744 792 181 205 738 0 0.640625 True
176 1 11 660 685 173 196 400 0 0.6956522 True
176 1 12 736 784 181 205 729 0 0.6328125 True
177 0 11 664 689 173 195 395 0 0.7181818 True
177 0 12 740 787 181 205 704 0 0.6241135 True
177 1 11 658 683 173 195 386 0 0.7018182 True
177 1 12 732 779 181 205 701 0 0.6214539 True
178 0 11 663 687 174 196 374 0 0.7083333 True
178 0 12 736 783 182 205 693 0 0.6410731 True
178 1 11 657 682 174 196 376 0 0.6836364 True
178 1 12 728 774 182 205 688 0 0.6502836 True
179 0 12 733 778 182 205 674 0 0.6512077 True
179 1 12 725 770 182 205 670 0 0.647343 True
180 0 12 730 774 182 205 646 0 0.6383399 True
180 1 12 722 766 182 205 640 0 0.6324111 True
181 0 12 726 770 182 205 623 0 0.6156126 True
181 1 12 719 762 182 205 619 0 0.6258847 True
182 0 12 723 766 182 204 612 0 0.6469344 True
182 1 12 716 758 182 204 605 0 0.6547619 True
183 0 12 720 762 182 204 592 0 0.6406927 True
183 1 12 713 754 182 204 583 0 0.6463414 True
184 0 12 718 758 182 204 568 0 0.6454545 True
184 1 12 710 750 182 204 557 0 0.6329545 True
185 0 13 496 521 169 193 588 0 0.98 True
185 0 12 715 754 182 204 551 0 0.6421912 True
185 1 13 491 516 169 193 591 0 0.985 True
185 1 12 707 746 182 204 542 0 0.6317016 True
186 0 13 494 519 170 194 583 0 0.9716667 True
186 0 12 712 750 183 204 528 0 0.6616541 True
186 1 13 489 515 170 194 603 0 0.9663461 True
186 1 12 705 743 183 204 528 0 0.6616541 True
187 0 13 493 518 171 195 600 0 1 True
187 0 12 709 746 184 205 513 0 0.6602316 True
187 1 13 488 514 171 195 618 0 0.9903846 True
187 1 12 702 739 184 205 502 0 0.6460747 True
188 0 13 491 517 172 197 614 0 0.9446154 True
188 0 12 707 743 186 206 483 0 0.6708333 True
188 1 13 486 512 172 197 625 0 0.9615384 True
188 1 12 700 735 186 206 483 0 0.69 True
189 0 13 490 516 173 198 647 0 0.9953846 True
189 0 12 704 739 187 207 469 0 0.67 True
189 1 13 484 511 173 198 657 0 0.9733334 True
189 1 12 697 732 187 207 464 0 0.6628571 True
190 0 13 488 515 174 199 678 0 1.004444 True
190 0 12 701 735 187 208 447 0 0.6260504 True
190 1 13 483 510 174 199 681 0 1.008889 True
190 1 12 694 728 187 208 447 0 0.6260504 True
191 0 13 485 513 174 199 710 0 1.014286 True
191 0 12 698 731 187 207 427 0 0.6469697 True
191 1 13 479 507 174 199 714 0 1.02 True
191 1 12 691 724 187 207 427 0 0.6469697 True
192 0 13 482 510 173 200 722 0 0.9550264 True
192 0 12 695 727 187 207 422 0 0.659375 True
192 1 13 476 505 173 200 728 0 0.9297574 True
192 1 12 688 720 187 207 419 0 0.6546875 True
193 0 13 478 508 174 200 763 0 0.9782051 True
193 0 12 691 722 188 207 411 0 0.6977929 True
193 1 13 472 502 174 200 777 0 0.9961538 True
193 1 12 684 715 188 207 407 0 0.6910017 True
194 0 13 475 505 175 202 786 0 0.9703704 True
194 0 12 687 718 189 208 396 0 0.672326 True
194 1 13 469 500 175 202 810 0 0.9677419 True
194 1 12 681 711 189 208 394 0 0.6912281 True
195 0 13 471 502 175 203 819 0 0.9435484 True
195 0 12 684 714 189 208 388 0 0.6807017 True
195 1 13 465 497 175 203 828 0 0.9241071 True
195 1 12 677 707 189 208 383 0 0.6719298 True
196 0 13 467 499 176 204 845 0 0.9430804 True
196 0 12 680 709 190 209 368 0 0.6678766 True
196 1 13 461 494 176 204 871 0 0.9426407 True
196 1 12 673 702 190 209 367 0 0.6660617 True
197 0 13 463 496 177 205 897 0 0.9707792 True
197 0 12 676 705 191 210 355 0 0.6442831 True
197 1 13 457 490 177 205 911 0 0.9859307 True
197 1 12 670 698 191 210 352 0 0.6616541 True
198 0 13 458 493 178 207 939 0 0.9251232 True
198 0 12 673 702 192 211 353 0 0.6406534 True
198 1 13 452 487 178 207 941 0 0.9270936 True
198 1 12 667 695 192 211 350 0 0.6578947 True
199 0 13 453 489 178 208 985 0 0.912037 True
199 0 12 671 698 193 212 343 0 0.668616 True
199 1 13 447 483 178 208 987 0 0.9138889 True
199 1 12 664 691 193 212 338 0 0.6588694 True
200 0 13 448 484 178 208 1020 0 0.9444444 True
200 0 12 667 693 193 212 331 0 0.6700405 True
200 1 13 442 479 178 208 1034 0 0.9315315 True
200 1 12 660 687 193 212 327 0 0.6374269 True
201 0 13 442 480 178 209 1079 0 0.9159592 True
201 0 12 662 689 193 211 330 0 0.6790124 True
201 1 13 436 474 178 209 1085 0 0.9210526 True
201 1 12 656 682 193 211 322 0 0.6880342 True
202 0 13 437 476 177 208 1115 0 0.9222498 True
202 0 12 659 684 192 210 310 0 0.6888889 True
202 1 13 430 470 177 208 1144 0 0.9225807 True
202 1 12 652 678 192 210 304 0 0.6495727 True
203 0 13 433 473 175 207 1160 0 0.90625 True
203 0 12 655 681 190 209 319 0 0.645749 True
203 1 13 426 467 175 207 1187 0 0.9047256 True
203 1 12 649 674 190 209 304 0 0.64 True
204 0 13 428 470 175 207 1234 0 0.9181548 True
204 0 12 651 678 190 208 314 0 0.6460905 True
204 1 13 421 464 175 207 1261 0 0.9164244 True
204 1 12 645 671 190 208 304 0 0.6495727 True
205 0 13 424 467 173 206 1277 0 0.8999295 True
205 0 12 649 675 188 206 307 0 0.6559829 True
205 1 13 417 460 173 206 1303 0 0.9182523 True
205 1 12 643 669 188 206 306 0 0.6538461 True
206 0 13 420 465 172 206 1350 0 0.8823529 True
206 0 12 647 673 187 205 302 0 0.6452991 True
206 1 13 413 458 172 206 1381 0 0.9026144 True
206 1 12 641 666 187 205 295 0 0.6555555 True
207 0 13 417 463 172 206 1429 0 0.9136829 True
207 0 12 647 672 186 204 302 0 0.6711111 True
207 1 13 410 456 172 206 1469 0 0.9392583 True
207 1 12 641 666 186 204 300 0 0.6666667 True
208 0 13 413 461 171 205 1508 0 0.9240196 True
208 0 12 646 672 186 203 305 0 0.6900452 True
208 1 13 406 454 171 205 1514 0 0.927696 True
208 1 12 640 666 186 203 306 0 0.6923077 True
209 0 13 413 461 170 206 1570 0 0.9085648 True
209 0 12 647 672 185 203 299 0 0.6644444 True
209 1 13 405 454 170 206 1575 0 0.8928571 True
209 1 12 641 666 185 203 293 0 0.6511111 True
210 0 13 412 460 170 206 1622 0 0.9386574 True
210 0 12 648 673 185 203 293 0 0.6511111 True
210 1 13 404 453 170 206 1626 0 0.9217687 True
210 1 12 642 667 185 203 290 0 0.6444445 True
211 0 13 411 460 170 207 1663 0 0.9172642 True
211 0 12 653 677 185 202 281 0 0.6887255 True
211 1 13 403 453 170 207 1668 0 0.9016216 True
211 1 12 647 671 185 202 280 0 0.6862745 True
212 0 13 413 463 170 207 1738 0 0.9394594 True
212 0 12 659 682 185 202 270 0 0.6905371 True
212 1 13 405 456 170 207 1775 0 0.9406465 True
212 1 12 653 676 185 202 268 0 0.685422 True
213 0 13 419 469 171 209 1804 0 0.9494737 True
213 0 12 665 687 185 202 264 0 0.7058824 True
213 1 13 411 462 171 209 1813 0 0.9355005 True
213 1 12 659 680 185 202 264 0 0.7394958 True
214 0 13 422 477 171 211 1926 0 0.8754545 True
214 0 12 674 696 185 202 259 0 0.6925133 True
214 1 13 414 469 171 211 1933 0 0.8786364 True
214 1 12 668 690 185 202 259 0 0.6925133 True
215 0 13 430 486 171 212 1990 0 0.8667247 True
215 0 12 684 705 185 202 239 0 0.6694678 True
215 1 13 422 478 171 212 2017 0 0.8784843 True
215 1 12 678 699 185 202 235 0 0.6582633 True
216 0 13 442 498 170 211 2065 0 0.8993902 True
216 0 12 698 718 183 200 243 0 0.7147059 True
216 1 13 433 490 170 211 2098 0 0.8977321 True
216 1 12 692 712 183 200 237 0 0.6970588 True
217 0 13 453 510 169 211 2150 0 0.8980785 True
217 0 12 712 733 182 199 249 0 0.697479 True
217 1 13 444 502 169 211 2187 0 0.8977833 True
217 1 12 706 727 182 199 247 0 0.6918768 True
218 0 13 469 526 168 211 2219 0 0.9053448 True
218 0 12 731 752 182 198 239 0 0.7113096 True
218 1 13 459 518 168 211 2241 0 0.8833268 True
218 1 12 725 746 182 198 237 0 0.7053571 True
219 0 13 485 543 166 210 2319 0 0.908699 True
219 0 12 750 771 180 196 248 0 0.7380952 True
219 1 13 475 535 166 210 2333 0 0.8837121 True
219 1 12 744 765 180 196 242 0 0.7202381 True
220 0 13 501 561 164 209 2386 0 0.8837037 True
220 0 12 770 791 178 195 239 0 0.6694678 True
220 1 13 492 553 164 209 2418 0 0.8808743 True
220 1 12 764 785 178 195 240 0 0.6722689 True
221 0 13 522 583 163 209 2533 0 0.9027085 True
221 1 13 512 575 163 209 2559 0 0.8830228 True
222 0 13 543 606 161 208 2639 0 0.8912529 True
222 1 13 533 598 161 208 2678 0 0.8765957 True
223 0 13 566 631 159 207 2789 0 0.8939102 True
223 1 13 555 622 159 207 2827 0 0.8790423 True
224 0 13 590 656 157 207 2943 0 0.8918182 True
224 1 13 579 647 157 207 2999 0 0.8820588 True
225 0 13 615 683 157 208 3125 0 0.9010957 True
225 1 13 604 674 157 208 3162 0 0.8857143 True
226 0 13 641 712 156 209 3329 0 0.8846665 True
226 1 13 630 702 156 209 3363 0 0.8812893 True
227 0 13 670 742 156 211 3566 0 0.9005051 True
227 1 13 658 732 156 211 3621 0 0.8896806 True
228 0 13 700 775 156 213 3831 0 0.8961403 True
228 1 13 688 764 156 213 3882 0 0.8961219 True
229 0 13 729 808 153 213 4220 0 0.8902954 True
229 1 13 717 797 153 213 4277 0 0.8910417 True
230 0 13 761 845 149 212 4630 0 0.8749055 True
230 1 13 748 833 149 212 4704 0 0.8784314 True
231 0 13 795 884 145 211 5153 0 0.8772557 True
231 1 13 782 872 145 211 5213 0 0.8776094 True
232 0 13 829 924 141 211 5786 0 0.8700752 True
232 1 13 815 911 141 211 5836 0 0.8684524 True
233 0 13 867 968 138 212 6482 0 0.8672732 True
233 1 13 852 954 138 212 6543 0 0.8668522 True
234 0 13 910 1017 134 213 7373 0 0.8722347 True
234 1 13 894 1003 134 213 7429 0 0.8627337 True
235 0 13 958 1072 131 215 8418 0 0.8790727 True
235 1 13 941 1057 131 215 8486 0 0.8708949 True
236 0 13 1003 1128 126 217 9962 0 0.8757802 True
236 1 13 985 1112 126 217 10059 0 0.8703816 True
237 0 13 1056 1194 122 220 11906 0 0.8803608 True
237 1 13 1036 1176 122 220 11962 0 0.8718659 True
238 0 13 1117 1241 116 223 11185 0.1039546 0.8430057 True
238 1 13 1096 1241 116 223 13119 0.006577432 0.8455688 True
239 0 13 1189 1241 113 224 4370 0.7967311 0.7571033 True
239 1 13 1166 1241 112 224 6701 0.619539 0.7977381 True
241 0 14 0 33 161 214 1274 0.8518619 0.7284163 False
241 1 14 0 24 161 213 838 0.9194802 0.6714743 False
242 0 14 0 70 160 220 3018 0.3889786 0.7185714 False
242 1 14 0 62 161 219 2547 0.5072182 0.708287 False
243 0 14 0 108 161 222 5177 0.06297219 0.7858227 False
243 1 14 0 100 161 222 4686 0.1158951 0.7681967 False
244 0 14 4 140 166 227 6254 0 0.7538573 False
244 1 14 0 132 166 227 6319 0 0.7847739 False
245 0 14 39 173 165 226 6125 0 0.7493271 False
245 1 14 29 165 165 226 6064 0 0.7309547 False
246 0 14 66 199 165 226 6001 0 0.7396771 False
246 1 14 55 191 165 226 5282 0 0.6366924 False
247 0 14 92 224 166 227 5259 0 0.6531296 False
247 1 14 82 216 166 227 5035 0 0.6159775 False
248 0 14 118 250 167 228 4826 0 0.5993542 False
248 1 14 107 242 167 228 4791 0 0.5817851 False
249 0 14 140 272 171 232 4640 0 0.5762544 False
249 1 14 129 264 171 232 5531 0 0.6716454 False
250 0 14 158 291 169 230 5415 0 0.6674473 False
250 1 14 148 282 169 230 5815 0 0.711402 False
251 0 14 174 308 167 229 5826 0 0.7012518 False
251 1 14 163 299 167 229 6309 0 0.748221 False
252 0 14 184 320 166 228 6374 0 0.7559298 False
252 1 14 173 311 166 228 6251 0 0.7305984 False
253 0 14 190 328 164 227 6405 0 0.736715 False
253 1 14 179 320 164 227 6352 0 0.7150738 False
254 0 14 193 335 162 226 6573 0 0.7232614 False
254 1 14 182 326 162 226 6682 0 0.7250434 False
255 0 14 193 338 161 226 6819 0 0.7235013 False
255 1 14 181 330 161 226 6857 0 0.7080021 False
256 0 14 188 339 160 226 7138 0 0.7162352 False
256 1 14 176 330 160 226 7162 0 0.7046438 False
257 0 14 180 336 159 228 7446 0 0.6917503 False
257 1 14 168 327 159 228 7556 0 0.6887248 False
258 0 14 170 332 159 229 7830 0 0.6904762 False
258 1 14 158 323 159 229 8512 0 0.7369697 False
259 0 14 156 325 158 230 9209 0 0.7568212 False
259 1 14 143 316 158 230 9364 0 0.7517662 False
260 0 14 141 318 155 229 9901 0 0.755917 False
260 1 14 128 309 155 229 10066 0 0.7515305 False
261 0 14 125 310 151 228 10640 0 0.7469288 False
261 1 14 111 301 151 228 10852 0 0.7417635 False
262 0 14 105 302 151 231 11602 0 0.7361675 False
262 1 14 91 291 151 231 11823 0 0.7389375 False
263 0 14 86 293 151 234 12592 0 0.7329026 False
263 1 14 71 282 151 234 12808 0 0.7313424 False
264 0 14 63 283 150 237 13790 0 0.7204807 False
264 1 14 48 272 150 237 13887 0 0.7125924 False
265 0 14 41 273 148 238 14854 0 0.7113985 False
265 1 14 25 262 148 238 15107 0 0.7082513 False
266 0 14 17 263 144 237 16206 0 0.7083661 False
266 1 14 0 252 144 237 16498 0 0.7039597 False
267 0 14 0 251 135 232 17682 0.004717112 0.7262496 False
267 1 14 0 239 135 232 16876 0.01517951 0.7279472 False
268 0 14 0 239 130 231 17397 0.02660805 0.7207009 False
268 1 14 0 227 130 230 15991 0.06126684 0.7044494 False
269 0 14 0 228 129 235 16187 0.08043891 0.6697699 False
269 1 14 0 216 129 234 15864 0.1251701 0.6994709 False
