frame cameraID r1,1 r1,2 r1,3 t1 r2,1 r2,2 r2,3 t2 r3,1 r3,2 r3,3 t3 0 0 0 1
0 0 0.9597942 -0.01231958 -0.2804343 -1.723701 0.008060207 0.9998341 -0.01633679 114.6418 0.280589 0.0134196 0.9597342 0.449038 0 0 0 1
0 1 0.9597942 -0.01231958 -0.2804343 -2.256426 0.008060207 0.9998341 -0.01633679 114.6418 0.280589 0.0134196 0.9597342 0.449038 0 0 0 1
1 0 0.9597719 -0.01239058 -0.2805075 -1.731223 0.008141126 0.9998338 -0.01630934 114.6417 0.280663 0.0133696 0.9597133 0.4435366 0 0 0 1
1 1 0.9597719 -0.01239058 -0.2805075 -2.263948 0.008141126 0.9998338 -0.01630934 114.6417 0.280663 0.0133696 0.9597133 0.4435367 0 0 0 1
2 0 0.9597741 -0.01238957 -0.2804997 -1.730153 0.008135807 0.9998336 -0.01632435 114.6417 0.2806553 0.0133856 0.9597153 0.445152 0 0 0 1
2 1 0.9597741 -0.01238957 -0.2804997 -2.262878 0.008135807 0.9998336 -0.01632435 114.6417 0.2806553 0.0133856 0.9597153 0.4451521 0 0 0 1
3 0 0.9597665 -0.01236458 -0.2805271 -1.726647 0.008110512 0.9998339 -0.01632045 114.6417 0.2806823 0.0133886 0.9597074 0.4458398 0 0 0 1
3 1 0.9597665 -0.01236458 -0.2805271 -2.259372 0.008110512 0.9998339 -0.01632045 114.6417 0.2806823 0.0133886 0.9597074 0.4458396 0 0 0 1
4 0 0.9597846 -0.01238657 -0.2804639 -1.728386 0.008126797 0.9998333 -0.01634624 114.6417 0.2806197 0.0134096 0.9597254 0.4485579 0 0 0 1
4 1 0.9597846 -0.01238657 -0.2804639 -2.261111 0.008126797 0.9998333 -0.01634624 114.6417 0.2806197 0.0134096 0.9597254 0.4485579 0 0 0 1
5 0 0.959782 -0.01237657 -0.2804734 -1.727077 0.008109178 0.9998331 -0.01637039 114.6417 0.2806292 0.0134376 0.9597222 0.4520767 0 0 0 1
5 1 0.959782 -0.01237657 -0.2804734 -2.259802 0.008109178 0.9998331 -0.01637039 114.6417 0.2806292 0.0134376 0.9597222 0.4520767 0 0 0 1
6 0 0.9597895 -0.01239957 -0.2804468 -1.729201 0.008146304 0.9998335 -0.01632671 114.6417 0.2806025 0.0133856 0.9597307 0.44626 0 0 0 1
6 1 0.9597895 -0.01239957 -0.2804468 -2.261926 0.008146304 0.9998335 -0.01632671 114.6417 0.2806025 0.0133856 0.9597307 0.4462601 0 0 0 1
7 0 0.9597834 -0.01235058 -0.2804696 -1.722901 0.008096371 0.999834 -0.01632179 114.6417 0.2806246 0.0133946 0.9597241 0.4474941 0 0 0 1
7 1 0.9597834 -0.01235058 -0.2804696 -2.255626 0.008096371 0.999834 -0.01632179 114.6418 0.2806246 0.0133946 0.9597241 0.4474941 0 0 0 1
8 0 0.9597836 -0.01235457 -0.280469 -1.722858 0.008087022 0.9998333 -0.01636802 114.6417 0.2806244 0.0134416 0.9597235 0.4529859 0 0 0 1
8 1 0.9597836 -0.01235457 -0.280469 -2.255583 0.008087022 0.9998333 -0.01636802 114.6417 0.2806244 0.0134416 0.9597235 0.452986 0 0 0 1
9 0 0.9597759 -0.01243055 -0.2804921 -1.730846 0.008147192 0.9998318 -0.01643177 114.6416 0.2806492 0.01348559 0.9597157 0.4581042 0 0 0 1
9 1 0.9597759 -0.01243055 -0.2804921 -2.263571 0.008147192 0.9998318 -0.01643177 114.6416 0.2806492 0.01348559 0.9597157 0.4581042 0 0 0 1
10 0 0.959778 -0.01238956 -0.2804865 -1.724644 0.008116934 0.9998327 -0.01638951 114.6417 0.2806427 0.0134536 0.959718 0.4546178 0 0 0 1
10 1 0.959778 -0.01238956 -0.2804865 -2.257369 0.008116934 0.9998327 -0.01638951 114.6417 0.2806427 0.0134536 0.959718 0.4546179 0 0 0 1
11 0 0.9597703 -0.01241755 -0.2805115 -1.726432 0.008134667 0.999832 -0.01642733 114.6417 0.2806684 0.01348459 0.9597101 0.4578267 0 0 0 1
11 1 0.9597703 -0.01241755 -0.2805115 -2.259157 0.008134667 0.999832 -0.01642733 114.6416 0.2806684 0.01348459 0.9597101 0.4578267 0 0 0 1
12 0 0.9597616 -0.01247253 -0.2805388 -1.731868 0.008172926 0.9998306 -0.01649098 114.6415 0.280697 0.01353459 0.959701 0.4635443 0 0 0 1
12 1 0.9597616 -0.01247253 -0.2805388 -2.264592 0.008172926 0.9998306 -0.01649098 114.6415 0.280697 0.01353459 0.959701 0.4635443 0 0 0 1
13 0 0.9597647 -0.01243256 -0.2805301 -1.726236 0.008161942 0.9998324 -0.01638659 114.6417 0.2806868 0.0134376 0.9597054 0.4525775 0 0 0 1
13 1 0.9597647 -0.01243256 -0.2805301 -2.258961 0.008161942 0.9998324 -0.01638659 114.6417 0.2806868 0.0134376 0.9597054 0.4525774 0 0 0 1
14 0 0.9597546 -0.01245754 -0.2805634 -1.728162 0.008167943 0.9998313 -0.01645339 114.6416 0.2807211 0.01349959 0.9596944 0.4598409 0 0 0 1
14 1 0.9597546 -0.01245754 -0.2805634 -2.260887 0.008167943 0.9998313 -0.01645339 114.6416 0.2807211 0.01349959 0.9596944 0.4598408 0 0 0 1
15 0 0.959731 -0.01246755 -0.280644 -1.728441 0.008199197 0.9998323 -0.01637819 114.6416 0.2808011 0.0134176 0.9596722 0.4505711 0 0 0 1
15 1 0.959731 -0.01246755 -0.280644 -2.261166 0.008199197 0.9998323 -0.01637819 114.6416 0.2808011 0.0134176 0.9596722 0.4505711 0 0 0 1
16 0 0.9597217 -0.01246854 -0.2806757 -1.728124 0.008179663 0.9998313 -0.01644688 114.6416 0.2808335 0.01348859 0.9596617 0.4586715 0 0 0 1
16 1 0.9597217 -0.01246854 -0.2806757 -2.260849 0.008179663 0.9998313 -0.01644688 114.6416 0.2808335 0.01348859 0.9596617 0.4586715 0 0 0 1
17 0 0.9597448 -0.01246757 -0.2805968 -1.727383 0.008217986 0.9998331 -0.01631636 114.6417 0.2807533 0.0133536 0.9596871 0.4432627 0 0 0 1
17 1 0.9597448 -0.01246757 -0.2805968 -2.260108 0.008217986 0.9998331 -0.01631636 114.6417 0.2807533 0.0133536 0.9596871 0.4432627 0 0 0 1
18 0 0.9597442 -0.01242155 -0.2806009 -1.721179 0.008140628 0.9998321 -0.01641673 114.6417 0.2807578 0.01347159 0.9596841 0.4565994 0 0 0 1
18 1 0.9597442 -0.01242155 -0.2806009 -2.253903 0.008140628 0.9998321 -0.01641673 114.6417 0.2807578 0.01347159 0.9596841 0.4565994 0 0 0 1
19 0 0.9597463 -0.01246555 -0.2805915 -1.725159 0.008183285 0.9998316 -0.01642804 114.6417 0.2807491 0.01347059 0.9596867 0.4563932 0 0 0 1
19 1 0.9597463 -0.01246555 -0.2805915 -2.257884 0.008183285 0.9998316 -0.01642804 114.6417 0.2807491 0.01347059 0.9596867 0.4563931 0 0 0 1
20 0 0.9597341 -0.01253453 -0.2806301 -1.732272 0.008233654 0.9998299 -0.01649957 114.6415 0.2807892 0.01352459 0.9596742 0.4621163 0 0 0 1
20 1 0.9597341 -0.01253453 -0.2806301 -2.264997 0.008233654 0.9998299 -0.01649957 114.6415 0.2807892 0.01352459 0.9596742 0.4621162 0 0 0 1
21 0 0.9597545 -0.01249753 -0.2805623 -1.727339 0.008194264 0.9998302 -0.01650588 114.6416 0.2807209 0.01354259 0.9596939 0.4638418 0 0 0 1
21 1 0.9597545 -0.01249753 -0.2805623 -2.260064 0.008194264 0.9998302 -0.01650588 114.6416 0.2807209 0.01354259 0.9596939 0.4638418 0 0 0 1
22 0 0.9597413 -0.01251053 -0.2806067 -1.728188 0.00821721 0.9998305 -0.01647151 114.6416 0.2807653 0.01350259 0.9596815 0.4587706 0 0 0 1
22 1 0.9597413 -0.01251053 -0.2806067 -2.260913 0.00821721 0.9998305 -0.01647151 114.6416 0.2807653 0.01350259 0.9596815 0.4587707 0 0 0 1
23 0 0.9597368 -0.01251453 -0.2806219 -1.72805 0.008217135 0.9998304 -0.01648524 114.6416 0.2807805 0.01351559 0.9596769 0.4599667 0 0 0 1
23 1 0.9597368 -0.01251453 -0.2806219 -2.260776 0.008217135 0.9998304 -0.01648524 114.6416 0.2807805 0.01351559 0.9596769 0.4599667 0 0 0 1
24 0 0.9597468 -0.01257053 -0.2805851 -1.733867 0.008285824 0.9998303 -0.01645171 114.6415 0.2807443 0.01346459 0.9596881 0.4535812 0 0 0 1
24 1 0.9597468 -0.01257053 -0.2805851 -2.266592 0.008285824 0.9998303 -0.01645171 114.6415 0.2807443 0.01346459 0.9596881 0.4535812 0 0 0 1
25 0 0.9597338 -0.01252052 -0.2806318 -1.727661 0.008208954 0.9998296 -0.01653404 114.6416 0.280791 0.01356458 0.9596731 0.4643696 0 0 0 1
25 1 0.9597338 -0.01252052 -0.2806318 -2.260386 0.008208954 0.9998296 -0.01653404 114.6416 0.280791 0.01356458 0.9596731 0.4643695 0 0 0 1
26 0 0.9597402 -0.01249954 -0.2806108 -1.724792 0.00820799 0.9998308 -0.01646367 114.6417 0.2807691 0.01349759 0.9596804 0.456137 0 0 0 1
26 1 0.9597402 -0.01249954 -0.2806108 -2.257517 0.00820799 0.9998308 -0.01646367 114.6417 0.2807691 0.01349759 0.9596804 0.4561371 0 0 0 1
27 0 0.9597561 -0.01251552 -0.280556 -1.726192 0.008207427 0.9998298 -0.01652527 114.6416 0.2807151 0.01355758 0.9596954 0.4620372 0 0 0 1
27 1 0.9597561 -0.01251552 -0.280556 -2.258917 0.008207427 0.9998298 -0.01652527 114.6416 0.2807151 0.01355758 0.9596954 0.4620373 0 0 0 1
28 0 0.9597367 -0.01249653 -0.280623 -1.723495 0.008196754 0.9998304 -0.01649076 114.6417 0.2807815 0.01352659 0.9596764 0.4580089 0 0 0 1
28 1 0.9597367 -0.01249653 -0.280623 -2.25622 0.008196754 0.9998304 -0.01649076 114.6417 0.2807815 0.01352659 0.9596764 0.458009 0 0 0 1
29 0 0.9597539 -0.0125605 -0.2805613 -1.73004 0.008234219 0.9998284 -0.01659361 114.6416 0.2807216 0.01361558 0.9596927 0.4677016 0 0 0 1
29 1 0.9597539 -0.0125605 -0.2805613 -2.262765 0.008234219 0.9998284 -0.01659361 114.6416 0.2807216 0.01361558 0.9596927 0.4677016 0 0 0 1
30 0 0.9597449 -0.01251254 -0.2805943 -1.724061 0.008220469 0.9998306 -0.01646813 114.6417 0.2807528 0.01349859 0.9596852 0.4537511 0 0 0 1
30 1 0.9597449 -0.01251254 -0.2805943 -2.256786 0.008220469 0.9998306 -0.01646813 114.6417 0.2807528 0.01349859 0.9596852 0.4537511 0 0 0 1
31 0 0.9597386 -0.01250352 -0.2806161 -1.722991 0.008182517 0.9998293 -0.01656464 114.6417 0.2807753 0.01360158 0.9596772 0.464996 0 0 0 1
31 1 0.9597386 -0.01250352 -0.2806161 -2.255716 0.008182517 0.9998293 -0.01656464 114.6417 0.2807753 0.01360158 0.9596772 0.464996 0 0 0 1
32 0 0.9597361 -0.01249554 -0.2806252 -1.72174 0.008199694 0.9998306 -0.01647706 114.6418 0.2807835 0.01351259 0.959676 0.4542979 0 0 0 1
32 1 0.9597361 -0.01249554 -0.2806252 -2.254465 0.008199694 0.9998306 -0.01647706 114.6418 0.2807835 0.01351259 0.959676 0.4542979 0 0 0 1
33 0 0.9597593 -0.01249553 -0.2805458 -1.721463 0.008186169 0.9998299 -0.01652725 114.6418 0.2807046 0.01356558 0.9596983 0.4596437 0 0 0 1
33 1 0.9597593 -0.01249553 -0.2805458 -2.254188 0.008186169 0.9998299 -0.01652725 114.6418 0.2807046 0.01356558 0.9596983 0.4596438 0 0 0 1
34 0 0.9597388 -0.01247653 -0.2806168 -1.718734 0.008160816 0.9998298 -0.01654267 114.6418 0.2807754 0.01358658 0.9596773 0.461652 0 0 0 1
34 1 0.9597388 -0.01247653 -0.2806168 -2.251459 0.008160816 0.9998298 -0.01654267 114.6418 0.2807754 0.01358658 0.9596773 0.461652 0 0 0 1
35 0 0.9597701 -0.01248654 -0.2805092 -1.719855 0.008194173 0.9998308 -0.0164697 114.6418 0.2806674 0.01350859 0.9597101 0.4526618 0 0 0 1
35 1 0.9597701 -0.01248654 -0.2805092 -2.25258 0.008194173 0.9998308 -0.0164697 114.6418 0.2806674 0.01350859 0.9597101 0.4526618 0 0 0 1
36 0 0.9597717 -0.01250853 -0.2805028 -1.722361 0.008211455 0.9998303 -0.01648926 114.6418 0.2806615 0.01352259 0.9597116 0.4541947 0 0 0 1
36 1 0.9597717 -0.01250853 -0.2805028 -2.255086 0.008211455 0.9998303 -0.01648926 114.6418 0.2806615 0.01352259 0.9597116 0.4541945 0 0 0 1
37 0 0.9597772 -0.01252153 -0.2804836 -1.723778 0.008226788 0.9998303 -0.01648411 114.6418 0.2806424 0.01351359 0.9597173 0.4531128 0 0 0 1
37 1 0.9597772 -0.01252153 -0.2804836 -2.256503 0.008226788 0.9998303 -0.01648411 114.6418 0.2806424 0.01351359 0.9597173 0.4531128 0 0 0 1
38 0 0.9597837 -0.01253554 -0.2804607 -1.725492 0.008250726 0.9998306 -0.01645329 114.6417 0.2806194 0.01347759 0.9597245 0.448701 0 0 0 1
38 1 0.9597837 -0.01253554 -0.2804607 -2.258217 0.008250726 0.9998306 -0.01645329 114.6417 0.2806194 0.01347759 0.9597245 0.4487008 0 0 0 1
39 0 0.9597744 -0.01252954 -0.2804925 -1.724642 0.008245264 0.9998307 -0.016449 114.6418 0.2806511 0.01347459 0.9597152 0.4482723 0 0 0 1
39 1 0.9597744 -0.01252954 -0.2804925 -2.257367 0.008245264 0.9998307 -0.016449 114.6418 0.2806511 0.01347459 0.9597152 0.4482722 0 0 0 1
40 0 0.959752 -0.01248253 -0.2805713 -1.71957 0.008181403 0.9998305 -0.01649598 114.6418 0.2807296 0.01353659 0.9596914 0.4552156 0 0 0 1
40 1 0.959752 -0.01248253 -0.2805713 -2.252295 0.008181403 0.9998305 -0.01649598 114.6418 0.2807296 0.01353659 0.9596914 0.4552155 0 0 0 1
41 0 0.9597431 -0.01248654 -0.2806017 -1.719853 0.008202136 0.9998313 -0.01643787 114.6418 0.2807596 0.01347459 0.9596835 0.4478469 0 0 0 1
41 1 0.9597431 -0.01248654 -0.2806017 -2.252578 0.008202136 0.9998313 -0.01643787 114.6418 0.2807596 0.01347459 0.9596835 0.447847 0 0 0 1
42 0 0.9597294 -0.01250253 -0.2806476 -1.722396 0.008195346 0.99983 -0.01651569 114.6418 0.2808064 0.01355059 0.9596688 0.4565479 0 0 0 1
42 1 0.9597294 -0.01250253 -0.2806476 -2.255121 0.008195346 0.99983 -0.01651569 114.6418 0.2808064 0.01355059 0.9596688 0.4565479 0 0 0 1
43 0 0.9597237 -0.01244954 -0.2806695 -1.71672 0.008142432 0.9998306 -0.01650675 114.6418 0.2808275 0.01355659 0.9596625 0.4572566 0 0 0 1
43 1 0.9597237 -0.01244954 -0.2806695 -2.249444 0.008142432 0.9998306 -0.01650675 114.6418 0.2808275 0.01355659 0.9596625 0.4572567 0 0 0 1
44 0 0.9597567 -0.01242654 -0.2805579 -1.714994 0.008131834 0.9998313 -0.01646671 114.6419 0.2807152 0.01352259 0.9596958 0.4534403 0 0 0 1
44 1 0.9597567 -0.01242654 -0.2805579 -2.247719 0.008131834 0.9998313 -0.01646671 114.6419 0.2807152 0.01352259 0.9596958 0.4534403 0 0 0 1
45 0 0.9597278 -0.01241955 -0.2806569 -1.714638 0.008123138 0.9998314 -0.01646655 114.6419 0.2808141 0.01352359 0.9596669 0.4534239 0 0 0 1
45 1 0.9597278 -0.01241955 -0.2806569 -2.247364 0.008123138 0.9998314 -0.01646655 114.6419 0.2808141 0.01352359 0.9596669 0.4534238 0 0 0 1
46 0 0.9597149 -0.01244855 -0.2806996 -1.718151 0.008170467 0.999832 -0.01640596 114.6419 0.2808566 0.0134516 0.9596555 0.4449105 0 0 0 1
46 1 0.9597149 -0.01244855 -0.2806996 -2.250876 0.008170467 0.999832 -0.01640596 114.6419 0.2808566 0.0134516 0.9596555 0.4449104 0 0 0 1
47 0 0.9596984 -0.01241755 -0.2807576 -1.714725 0.008118368 0.9998314 -0.01647068 114.6419 0.2809148 0.01352759 0.9596373 0.4533342 0 0 0 1
47 1 0.9596984 -0.01241755 -0.2807576 -2.24745 0.008118368 0.9998314 -0.01647068 114.6419 0.2809148 0.01352759 0.9596373 0.4533341 0 0 0 1
48 0 0.9596921 -0.01239655 -0.28078 -1.71326 0.008095587 0.9998316 -0.01647264 114.6419 0.2809369 0.01353559 0.9596308 0.4542176 0 0 0 1
48 1 0.9596921 -0.01239655 -0.28078 -2.245985 0.008095587 0.9998316 -0.01647264 114.6419 0.2809369 0.01353559 0.9596308 0.4542176 0 0 0 1
49 0 0.9597042 -0.01241854 -0.2807375 -1.716723 0.008118548 0.9998313 -0.01647463 114.6419 0.2808947 0.01353159 0.9596432 0.45335 0 0 0 1
49 1 0.9597042 -0.01241854 -0.2807375 -2.249448 0.008118548 0.9998313 -0.01647463 114.6419 0.2808947 0.01353159 0.9596432 0.45335 0 0 0 1
50 0 0.9596928 -0.01239054 -0.2807776 -1.714649 0.00807694 0.999831 -0.01651508 114.6419 0.2809348 0.01358158 0.9596307 0.4586771 0 0 0 1
50 1 0.9596928 -0.01239054 -0.2807776 -2.247374 0.00807694 0.999831 -0.01651508 114.6419 0.2809348 0.01358158 0.9596307 0.458677 0 0 0 1
51 0 0.9596986 -0.01239155 -0.2807582 -1.715851 0.008097347 0.9998319 -0.01644994 114.6419 0.2809149 0.01351359 0.9596375 0.4504815 0 0 0 1
51 1 0.9596986 -0.01239155 -0.2807582 -2.248576 0.008097347 0.9998319 -0.01644994 114.6419 0.2809149 0.01351359 0.9596375 0.4504816 0 0 0 1
52 0 0.9597 -0.01231456 -0.2807565 -1.707385 0.008018723 0.9998326 -0.01644461 114.642 0.280912 0.01353059 0.9596381 0.452132 0 0 0 1
52 1 0.9597 -0.01231456 -0.2807565 -2.24011 0.008018723 0.9998326 -0.01644461 114.6421 0.280912 0.01353059 0.9596381 0.452132 0 0 0 1
53 0 0.9597242 -0.01232856 -0.280673 -1.709561 0.008038364 0.9998327 -0.01643153 114.642 0.2808287 0.01351359 0.9596628 0.4501801 0 0 0 1
53 1 0.9597242 -0.01232856 -0.280673 -2.242286 0.008038364 0.9998327 -0.01643153 114.642 0.2808287 0.01351359 0.9596628 0.4501802 0 0 0 1
54 0 0.9597248 -0.01234155 -0.2806707 -1.711572 0.008026147 0.9998313 -0.01651962 114.642 0.2808273 0.01360158 0.959662 0.4600751 0 0 0 1
54 1 0.9597248 -0.01234155 -0.2806707 -2.244297 0.008026147 0.9998313 -0.01651962 114.642 0.2808273 0.01360158 0.959662 0.460075 0 0 0 1
55 0 0.95973 -0.01234456 -0.2806526 -1.712981 0.008057155 0.9998326 -0.0164253 114.642 0.2808084 0.01350259 0.9596689 0.4485907 0 0 0 1
55 1 0.95973 -0.01234456 -0.2806526 -2.245706 0.008057155 0.9998326 -0.0164253 114.642 0.2808084 0.01350259 0.9596689 0.4485907 0 0 0 1
56 0 0.9597146 -0.01234456 -0.2807054 -1.714076 0.008055688 0.9998326 -0.01642766 114.642 0.2808612 0.01350459 0.9596534 0.4487314 0 0 0 1
56 1 0.9597146 -0.01234456 -0.2807054 -2.246801 0.008055688 0.9998326 -0.01642766 114.642 0.2808612 0.01350459 0.9596534 0.4487315 0 0 0 1
57 0 0.9596992 -0.01234456 -0.2807582 -1.715171 0.008054223 0.9998326 -0.01643002 114.642 0.280914 0.01350659 0.9596379 0.4488721 0 0 0 1
57 1 0.9596992 -0.01234456 -0.2807582 -2.247896 0.008054223 0.9998326 -0.01643002 114.642 0.280914 0.01350659 0.9596379 0.4488721 0 0 0 1
58 0 0.9596972 -0.01232356 -0.2807657 -1.71368 0.008022983 0.9998323 -0.01646161 114.642 0.2809215 0.01354559 0.9596351 0.4536228 0 0 0 1
58 1 0.9596972 -0.01232356 -0.2807657 -2.246405 0.008022983 0.9998323 -0.01646161 114.642 0.2809215 0.01354559 0.9596351 0.4536227 0 0 0 1
59 0 0.9596971 -0.01232356 -0.2807661 -1.714606 0.00803113 0.9998327 -0.01643379 114.642 0.2809217 0.01351659 0.9596355 0.4506064 0 0 0 1
59 1 0.9596971 -0.01232356 -0.2807661 -2.247331 0.00803113 0.9998327 -0.01643379 114.642 0.2809217 0.01351659 0.9596355 0.4506063 0 0 0 1
60 0 0.959691 -0.01231156 -0.2807874 -1.714539 0.008021217 0.9998329 -0.01642388 114.642 0.2809427 0.01350959 0.9596295 0.4500306 0 0 0 1
60 1 0.959691 -0.01231156 -0.2807874 -2.247263 0.008021217 0.9998329 -0.01642388 114.642 0.2809427 0.01350959 0.9596295 0.4500307 0 0 0 1
61 0 0.9597013 -0.01231958 -0.2807519 -1.716439 0.008053955 0.999834 -0.01634234 114.642 0.2809066 0.0134226 0.9596412 0.4402411 0 0 0 1
61 1 0.9597013 -0.01231958 -0.2807519 -2.249164 0.008053955 0.999834 -0.01634234 114.642 0.2809066 0.0134226 0.9596412 0.440241 0 0 0 1
62 0 0.9596995 -0.01225557 -0.2807609 -1.710834 0.00795361 0.9998329 -0.01645687 114.642 0.2809157 0.01356059 0.9596366 0.4561992 0 0 0 1
62 1 0.9596995 -0.01225557 -0.2807609 -2.243559 0.00795361 0.9998329 -0.01645687 114.642 0.2809157 0.01356059 0.9596366 0.4561992 0 0 0 1
63 0 0.9596834 -0.01227457 -0.280815 -1.714128 0.007990026 0.9998336 -0.0163974 114.642 0.2809696 0.01349259 0.9596218 0.4485346 0 0 0 1
63 1 0.9596834 -0.01227457 -0.280815 -2.246853 0.007990026 0.9998336 -0.0163974 114.642 0.2809696 0.01349259 0.9596218 0.4485345 0 0 0 1
64 0 0.9596818 -0.01216959 -0.2808251 -1.70332 0.007879559 0.9998345 -0.01640061 114.6421 0.2809782 0.01352659 0.9596188 0.4526961 0 0 0 1
64 1 0.9596818 -0.01216959 -0.2808251 -2.236045 0.007879559 0.9998345 -0.01640061 114.6421 0.2809782 0.01352659 0.9596188 0.4526962 0 0 0 1
65 0 0.9596927 -0.01230057 -0.2807821 -1.71916 0.008015536 0.9998333 -0.01640443 114.6419 0.280937 0.01349259 0.9596313 0.448965 0 0 0 1
65 1 0.9596927 -0.01230057 -0.2807821 -2.251885 0.008015536 0.9998333 -0.01640443 114.6419 0.280937 0.01349259 0.9596313 0.4489651 0 0 0 1
66 0 0.9596872 -0.01234055 -0.280799 -1.724993 0.008037317 0.999832 -0.01647147 114.6418 0.2809551 0.01355059 0.9596252 0.4559635 0 0 0 1
66 1 0.9596872 -0.01234055 -0.280799 -2.257718 0.008037317 0.999832 -0.01647147 114.6418 0.2809551 0.01355059 0.9596252 0.4559635 0 0 0 1
67 0 0.9596699 -0.01225259 -0.2808622 -1.716186 0.007983862 0.9998347 -0.01633787 114.642 0.2810159 0.0134366 0.959609 0.4432698 0 0 0 1
67 1 0.9596699 -0.01225259 -0.2808622 -2.248911 0.007983862 0.9998347 -0.01633787 114.642 0.2810159 0.0134366 0.959609 0.4432698 0 0 0 1
68 0 0.9597017 -0.0122246 -0.2807547 -1.714115 0.007971196 0.9998356 -0.01628689 114.642 0.2809077 0.0133926 0.9596413 0.438682 0 0 0 1
68 1 0.9597017 -0.0122246 -0.2807547 -2.24684 0.007971196 0.9998356 -0.01628689 114.642 0.2809077 0.0133926 0.9596413 0.4386821 0 0 0 1
69 0 0.9597024 -0.01225258 -0.2807513 -1.718309 0.007973101 0.9998341 -0.01638013 114.6419 0.2809054 0.01348159 0.9596407 0.4491346 0 0 0 1
69 1 0.9597024 -0.01225258 -0.2807513 -2.251034 0.007973101 0.9998341 -0.01638013 114.6419 0.2809054 0.01348159 0.9596407 0.4491346 0 0 0 1
70 0 0.959741 -0.01223359 -0.28062 -1.717119 0.007976778 0.9998352 -0.01630653 114.642 0.2807733 0.0134116 0.9596804 0.4415521 0 0 0 1
70 1 0.959741 -0.01223359 -0.28062 -2.249845 0.007976778 0.9998352 -0.01630653 114.642 0.2807733 0.0134116 0.9596804 0.4415521 0 0 0 1
71 0 0.9597402 -0.01222658 -0.2806231 -1.716674 0.007948095 0.9998342 -0.01637944 114.6419 0.2807769 0.01348959 0.9596783 0.450884 0 0 0 1
71 1 0.9597402 -0.01222658 -0.2806231 -2.249399 0.007948095 0.9998342 -0.01637944 114.6419 0.2807769 0.01348959 0.9596783 0.450884 0 0 0 1
72 0 0.9597512 -0.01226958 -0.2805834 -1.721967 0.008000422 0.9998342 -0.01635568 114.6419 0.2807376 0.01345259 0.9596903 0.4469663 0 0 0 1
72 1 0.9597512 -0.01226958 -0.2805834 -2.254692 0.008000422 0.9998342 -0.01635568 114.6419 0.2807376 0.01345259 0.9596903 0.4469663 0 0 0 1
73 0 0.9597628 -0.01231257 -0.280542 -1.726893 0.008031995 0.9998332 -0.01640291 114.6418 0.2806972 0.01348959 0.9597016 0.4516723 0 0 0 1
73 1 0.9597628 -0.01231257 -0.280542 -2.259618 0.008031995 0.9998332 -0.01640291 114.6418 0.2806972 0.01348959 0.9597016 0.4516723 0 0 0 1
74 0 0.9597549 -0.0122386 -0.2805721 -1.7191 0.007988287 0.9998354 -0.01628738 114.6419 0.2807253 0.0133906 0.9596947 0.4411134 0 0 0 1
74 1 0.9597549 -0.0122386 -0.2805721 -2.251825 0.007988287 0.9998354 -0.01628738 114.6419 0.2807253 0.0133906 0.9596947 0.4411134 0 0 0 1
75 0 0.9597712 -0.01229957 -0.2805136 -1.727063 0.008027028 0.9998337 -0.01637503 114.6418 0.2806684 0.01346459 0.9597104 0.4503325 0 0 0 1
75 1 0.9597712 -0.01229957 -0.2805136 -2.259789 0.008027028 0.9998337 -0.01637503 114.6418 0.2806684 0.01346459 0.9597104 0.4503326 0 0 0 1
76 0 0.9597496 -0.01224559 -0.28059 -1.721659 0.00798824 0.9998351 -0.01631156 114.6419 0.2807435 0.0134136 0.9596891 0.4450563 0 0 0 1
76 1 0.9597496 -0.01224559 -0.28059 -2.254384 0.00798824 0.9998351 -0.01631156 114.6419 0.2807435 0.0134136 0.9596891 0.4450562 0 0 0 1
77 0 0.9597648 -0.01229359 -0.2805359 -1.72716 0.008042798 0.9998348 -0.01629867 114.6418 0.2806899 0.0133866 0.9597051 0.4426355 0 0 0 1
77 1 0.9597648 -0.01229359 -0.2805359 -2.259885 0.008042798 0.9998348 -0.01629867 114.6418 0.2806899 0.0133866 0.9597051 0.4426355 0 0 0 1
78 0 0.9597801 -0.01232158 -0.2804824 -1.730145 0.008062148 0.9998341 -0.01633488 114.6417 0.2806371 0.0134166 0.9597202 0.4464416 0 0 0 1
78 1 0.9597801 -0.01232158 -0.2804824 -2.26287 0.008062148 0.9998341 -0.01633488 114.6417 0.2806371 0.0134166 0.9597202 0.4464415 0 0 0 1
79 0 0.9597631 -0.01228859 -0.280542 -1.726356 0.008042954 0.9998351 -0.01628005 114.6418 0.2806957 0.0133686 0.9597037 0.4414326 0 0 0 1
79 1 0.9597631 -0.01228859 -0.280542 -2.259081 0.008042954 0.9998351 -0.01628005 114.6418 0.2806957 0.0133686 0.9597037 0.4414326 0 0 0 1
80 0 0.9597803 -0.01228658 -0.2804833 -1.725927 0.008019564 0.9998341 -0.01635578 114.6417 0.2806378 0.0134486 0.9597195 0.4511873 0 0 0 1
80 1 0.9597803 -0.01228658 -0.2804833 -2.258651 0.008019564 0.9998341 -0.01635578 114.6417 0.2806378 0.0134486 0.9597195 0.4511874 0 0 0 1
81 0 0.9597688 -0.01231359 -0.2805212 -1.729172 0.008065047 0.9998347 -0.01629457 114.6417 0.2806755 0.0133766 0.9597095 0.4433964 0 0 0 1
81 1 0.9597688 -0.01231359 -0.2805212 -2.261898 0.008065047 0.9998347 -0.01629457 114.6417 0.2806755 0.0133766 0.9597095 0.4433965 0 0 0 1
82 0 0.9598032 -0.01230757 -0.2804039 -1.728554 0.008029558 0.9998333 -0.01640035 114.6417 0.2805589 0.01348959 0.959742 0.4562112 0 0 0 1
82 1 0.9598032 -0.01230757 -0.2804039 -2.261279 0.008029558 0.9998333 -0.01640035 114.6417 0.2805589 0.01348959 0.959742 0.4562111 0 0 0 1
83 0 0.9598113 -0.01232058 -0.2803757 -1.730509 0.008063003 0.9998341 -0.0163337 114.6417 0.2805305 0.0134166 0.9597514 0.447814 0 0 0 1
83 1 0.9598113 -0.01232058 -0.2803757 -2.263234 0.008063003 0.9998341 -0.0163337 114.6417 0.2805305 0.0134166 0.9597514 0.447814 0 0 0 1
84 0 0.9598365 -0.01230558 -0.2802902 -1.729184 0.008038844 0.9998337 -0.01636717 114.6417 0.2804449 0.01345659 0.9597758 0.4525248 0 0 0 1
84 1 0.9598365 -0.01230558 -0.2802902 -2.261909 0.008038844 0.9998337 -0.01636717 114.6417 0.2804449 0.01345659 0.9597758 0.4525248 0 0 0 1
85 0 0.959828 -0.01232958 -0.280318 -1.732323 0.008074027 0.9998341 -0.01633094 114.6417 0.2804728 0.0134116 0.9597682 0.4475372 0 0 0 1
85 1 0.959828 -0.01232958 -0.280318 -2.265048 0.008074027 0.9998341 -0.01633094 114.6417 0.2804728 0.0134116 0.9597682 0.4475372 0 0 0 1
86 0 0.9598473 -0.01230958 -0.2802528 -1.730304 0.008048088 0.9998339 -0.01635166 114.6417 0.2804075 0.0134396 0.959787 0.4511801 0 0 0 1
86 1 0.9598473 -0.01230958 -0.2802528 -2.26303 0.008048088 0.9998339 -0.01635166 114.6417 0.2804075 0.0134396 0.959787 0.45118 0 0 0 1
87 0 0.9598515 -0.01235258 -0.2802367 -1.735254 0.008109266 0.9998343 -0.01629639 114.6416 0.2803915 0.0133696 0.9597926 0.4431201 0 0 0 1
87 1 0.9598515 -0.01235258 -0.2802367 -2.267979 0.008109266 0.9998343 -0.01629639 114.6416 0.2803915 0.0133696 0.9597926 0.4431202 0 0 0 1
88 0 0.9598761 -0.01237957 -0.2801513 -1.738026 0.008127367 0.9998335 -0.01633491 114.6416 0.2803068 0.0134026 0.9598169 0.4470008 0 0 0 1
88 1 0.9598761 -0.01237957 -0.2801513 -2.270751 0.008127367 0.9998335 -0.01633491 114.6416 0.2803068 0.0134026 0.9598169 0.4470008 0 0 0 1
89 0 0.9598812 -0.01235258 -0.2801347 -1.735184 0.008108471 0.9998342 -0.01630417 114.6416 0.2802897 0.0133786 0.9598222 0.4447351 0 0 0 1
89 1 0.9598812 -0.01235258 -0.2801347 -2.26791 0.008108471 0.9998342 -0.01630417 114.6416 0.2802897 0.0133786 0.9598222 0.4447352 0 0 0 1
90 0 0.9599044 -0.01237457 -0.2800544 -1.73734 0.008122817 0.9998335 -0.01633749 114.6416 0.28021 0.0134076 0.9598451 0.4480841 0 0 0 1
90 1 0.9599044 -0.01237457 -0.2800544 -2.270065 0.008122817 0.9998335 -0.01633749 114.6416 0.28021 0.0134076 0.9598451 0.4480841 0 0 0 1
91 0 0.9599025 -0.01236056 -0.2800616 -1.735848 0.008092154 0.9998329 -0.01639218 114.6416 0.2802174 0.01346859 0.9598421 0.4549789 0 0 0 1
91 1 0.9599025 -0.01236056 -0.2800616 -2.268573 0.008092154 0.9998329 -0.01639218 114.6416 0.2802174 0.01346859 0.9598421 0.4549788 0 0 0 1
92 0 0.9599174 -0.01237057 -0.28001 -1.737067 0.008114126 0.9998333 -0.01635519 114.6416 0.2801657 0.0134276 0.9598578 0.4504668 0 0 0 1
92 1 0.9599174 -0.01237057 -0.28001 -2.269792 0.008114126 0.9998333 -0.01635519 114.6416 0.2801657 0.0134276 0.9598578 0.4504668 0 0 0 1
93 0 0.9599054 -0.01230658 -0.2800539 -1.729451 0.00804243 0.9998336 -0.01637027 114.6417 0.2802087 0.0134616 0.9598447 0.4544966 0 0 0 1
93 1 0.9599054 -0.01230658 -0.2800539 -2.262176 0.00804243 0.9998336 -0.01637027 114.6417 0.2802087 0.0134616 0.9598447 0.4544965 0 0 0 1
94 0 0.9599105 -0.01237558 -0.2800334 -1.737174 0.00813114 0.9998339 -0.0163136 114.6416 0.2801888 0.0133826 0.9598516 0.4456813 0 0 0 1
94 1 0.9599105 -0.01237558 -0.2800334 -2.269899 0.00813114 0.9998339 -0.0163136 114.6416 0.2801888 0.0133826 0.9598516 0.4456813 0 0 0 1
95 0 0.9599283 -0.01237357 -0.2799725 -1.736636 0.008119044 0.9998333 -0.01635092 114.6416 0.2801282 0.0134226 0.9598687 0.4504395 0 0 0 1
95 1 0.9599283 -0.01237357 -0.2799725 -2.269361 0.008119044 0.9998333 -0.01635092 114.6416 0.2801282 0.0134226 0.9598687 0.4504396 0 0 0 1
96 0 0.9599124 -0.01232858 -0.2800289 -1.731747 0.008073218 0.9998338 -0.01634455 114.6416 0.2801839 0.0134286 0.9598524 0.4512826 0 0 0 1
96 1 0.9599124 -0.01232858 -0.2800289 -2.264472 0.008073218 0.9998338 -0.01634455 114.6416 0.2801839 0.0134286 0.9598524 0.4512826 0 0 0 1
97 0 0.9599122 -0.01235157 -0.2800285 -1.733284 0.008093335 0.9998335 -0.0163577 114.6416 0.2801839 0.0134356 0.9598523 0.4519602 0 0 0 1
97 1 0.9599122 -0.01235157 -0.2800285 -2.266009 0.008093335 0.9998335 -0.0163577 114.6416 0.2801839 0.0134356 0.9598523 0.4519601 0 0 0 1
98 0 0.959922 -0.01240356 -0.2799929 -1.73828 0.008139079 0.9998326 -0.01638829 114.6415 0.2801493 0.0134526 0.9598622 0.4535961 0 0 0 1
98 1 0.959922 -0.01240356 -0.2799929 -2.271005 0.008139079 0.9998326 -0.01638829 114.6415 0.2801493 0.0134526 0.9598622 0.4535961 0 0 0 1
99 0 0.9599189 -0.01243955 -0.2800016 -1.741398 0.008165067 0.9998317 -0.01642724 114.6415 0.2801588 0.01348259 0.959859 0.4564213 0 0 0 1
99 1 0.9599189 -0.01243955 -0.2800016 -2.274123 0.008165067 0.9998317 -0.01642724 114.6415 0.2801588 0.01348259 0.959859 0.4564213 0 0 0 1
100 0 0.9599238 -0.01238456 -0.2799875 -1.734754 0.00812346 0.9998329 -0.01637428 114.6416 0.2801434 0.01344359 0.959864 0.4517184 0 0 0 1
100 1 0.9599238 -0.01238456 -0.2799875 -2.267479 0.00812346 0.9998329 -0.01637428 114.6416 0.2801434 0.01344359 0.959864 0.4517185 0 0 0 1
101 0 0.9599171 -0.01238856 -0.2800101 -1.734767 0.008115978 0.9998323 -0.01641303 114.6416 0.2801665 0.01348259 0.9598567 0.4559576 0 0 0 1
101 1 0.9599171 -0.01238856 -0.2800101 -2.267492 0.008115978 0.9998323 -0.01641303 114.6416 0.2801665 0.01348259 0.9598567 0.4559575 0 0 0 1
102 0 0.9599394 -0.01239954 -0.2799332 -1.735581 0.008109352 0.9998313 -0.01647881 114.6415 0.2800903 0.01354859 0.959878 0.4631088 0 0 0 1
102 1 0.9599394 -0.01239954 -0.2799332 -2.268306 0.008109352 0.9998313 -0.01647881 114.6415 0.2800903 0.01354859 0.959878 0.4631088 0 0 0 1
103 0 0.9599373 -0.01246254 -0.2799377 -1.742106 0.008186829 0.9998314 -0.01643794 114.6415 0.2800954 0.01348759 0.9598774 0.4559268 0 0 0 1
103 1 0.9599373 -0.01246254 -0.2799377 -2.274831 0.008186829 0.9998314 -0.01643794 114.6415 0.2800954 0.01348759 0.9598774 0.4559268 0 0 0 1
104 0 0.9599348 -0.01242953 -0.2799475 -1.737457 0.008122761 0.9998302 -0.01653917 114.6415 0.2801056 0.01360258 0.9598728 0.4686966 0 0 0 1
104 1 0.9599348 -0.01242953 -0.2799475 -2.270182 0.008122761 0.9998302 -0.01653917 114.6415 0.2801056 0.01360258 0.9598728 0.4686967 0 0 0 1
105 0 0.9599571 -0.01243754 -0.2798709 -1.737885 0.008140165 0.9998305 -0.01651197 114.6415 0.2800289 0.01357258 0.9598956 0.4650745 0 0 0 1
105 1 0.9599571 -0.01243754 -0.2798709 -2.27061 0.008140165 0.9998305 -0.01651197 114.6415 0.2800289 0.01357258 0.9598956 0.4650744 0 0 0 1
106 0 0.9599493 -0.01243853 -0.2798977 -1.73782 0.008137861 0.9998304 -0.01652207 114.6415 0.2800557 0.01358258 0.9598877 0.4659951 0 0 0 1
106 1 0.9599493 -0.01243853 -0.2798977 -2.270545 0.008137861 0.9998304 -0.01652207 114.6415 0.2800557 0.01358258 0.9598877 0.4659951 0 0 0 1
107 0 0.9599224 -0.01251553 -0.2799863 -1.745714 0.008227888 0.9998303 -0.01648392 114.6414 0.2801451 0.01351959 0.9598625 0.4582292 0 0 0 1
107 1 0.9599224 -0.01251553 -0.2799863 -2.278439 0.008227888 0.9998303 -0.01648392 114.6414 0.2801451 0.01351959 0.9598625 0.4582292 0 0 0 1
108 0 0.9599568 -0.01244953 -0.2798712 -1.737564 0.008141868 0.9998299 -0.01654893 114.6415 0.2800296 0.01360758 0.9598949 0.4675261 0 0 0 1
108 1 0.9599568 -0.01244953 -0.2798712 -2.270289 0.008141868 0.9998299 -0.01654893 114.6415 0.2800296 0.01360758 0.9598949 0.4675262 0 0 0 1
109 0 0.9599542 -0.01247853 -0.279879 -1.740249 0.008183294 0.9998302 -0.01651007 114.6415 0.2800375 0.01355858 0.9598933 0.4616467 0 0 0 1
109 1 0.9599542 -0.01247853 -0.279879 -2.272974 0.008183294 0.9998302 -0.01651007 114.6415 0.2800375 0.01355858 0.9598933 0.4616466 0 0 0 1
110 0 0.959971 -0.01255452 -0.2798181 -1.74771 0.008251676 0.999829 -0.01655003 114.6414 0.279978 0.01357858 0.9599104 0.4636138 0 0 0 1
110 1 0.959971 -0.01255452 -0.2798181 -2.280435 0.008251676 0.999829 -0.01655003 114.6414 0.279978 0.01357858 0.9599104 0.4636138 0 0 0 1
111 0 0.9599895 -0.01250252 -0.2797567 -1.74129 0.00820675 0.9998298 -0.01652151 114.6415 0.2799156 0.01356458 0.9599288 0.4617598 0 0 0 1
111 1 0.9599895 -0.01250252 -0.2797567 -2.274015 0.00820675 0.9998298 -0.01652151 114.6415 0.2799156 0.01356458 0.9599288 0.4617598 0 0 0 1
112 0 0.9599978 -0.01247653 -0.2797293 -1.736907 0.008183388 0.9998302 -0.01651016 114.6415 0.2798878 0.01356059 0.9599369 0.460962 0 0 0 1
112 1 0.9599978 -0.01247653 -0.2797293 -2.269631 0.008183388 0.9998302 -0.01651016 114.6415 0.2798878 0.01356059 0.9599369 0.460962 0 0 0 1
113 0 0.9599901 -0.01250552 -0.2797545 -1.739533 0.008205185 0.9998296 -0.01653769 114.6415 0.2799137 0.01358058 0.9599291 0.462998 0 0 0 1
113 1 0.9599901 -0.01250552 -0.2797545 -2.272258 0.008205185 0.9998296 -0.01653769 114.6415 0.2799137 0.01358058 0.9599291 0.4629981 0 0 0 1
114 0 0.9599923 -0.01246054 -0.279749 -1.733795 0.008173577 0.9998307 -0.01648569 114.6416 0.279907 0.01353959 0.9599316 0.4578573 0 0 0 1
114 1 0.9599923 -0.01246054 -0.279749 -2.26652 0.008173577 0.9998307 -0.01648569 114.6416 0.279907 0.01353959 0.9599316 0.4578574 0 0 0 1
115 0 0.9600115 -0.01247552 -0.2796826 -1.734603 0.008170071 0.9998296 -0.0165546 114.6416 0.2798415 0.01360758 0.9599498 0.4650093 0 0 0 1
115 1 0.9600115 -0.01247552 -0.2796826 -2.267328 0.008170071 0.9998296 -0.0165546 114.6416 0.2798415 0.01360758 0.9599498 0.4650092 0 0 0 1
116 0 0.9600076 -0.01254052 -0.279693 -1.74129 0.008253276 0.9998298 -0.01650088 114.6415 0.2798523 0.01353259 0.9599477 0.4562621 0 0 0 1
116 1 0.9600076 -0.01254052 -0.279693 -2.274015 0.008253276 0.9998298 -0.01650088 114.6415 0.2798523 0.01353259 0.9599477 0.4562622 0 0 0 1
117 0 0.9600078 -0.01246053 -0.2796957 -1.731525 0.00816273 0.9998301 -0.01652556 114.6416 0.2798541 0.01358158 0.9599465 0.4613235 0 0 0 1
117 1 0.9600078 -0.01246053 -0.2796957 -2.26425 0.00816273 0.9998301 -0.01652556 114.6416 0.2798541 0.01358158 0.9599465 0.4613235 0 0 0 1
118 0 0.9600095 -0.01244453 -0.2796909 -1.728695 0.008142419 0.9998301 -0.01653832 114.6417 0.2798492 0.01359958 0.9599476 0.4625568 0 0 0 1
118 1 0.9600095 -0.01244453 -0.2796909 -2.26142 0.008142419 0.9998301 -0.01653832 114.6417 0.2798492 0.01359958 0.9599476 0.4625568 0 0 0 1
119 0 0.9599987 -0.01242951 -0.2797285 -1.725784 0.008100486 0.9998289 -0.01662659 114.6417 0.2798873 0.01369557 0.9599352 0.4731828 0 0 0 1
119 1 0.9599987 -0.01242951 -0.2797285 -2.258509 0.008100486 0.9998289 -0.01662659 114.6417 0.2798873 0.01369557 0.9599352 0.4731827 0 0 0 1
120 0 0.9600108 -0.01250352 -0.2796837 -1.733546 0.008208966 0.9998298 -0.01652117 114.6416 0.2798427 0.01356458 0.95995 0.4577675 0 0 0 1
120 1 0.9600108 -0.01250352 -0.2796837 -2.266272 0.008208966 0.9998298 -0.01652117 114.6416 0.2798427 0.01356458 0.95995 0.4577675 0 0 0 1
121 0 0.959981 -0.0125375 -0.2797845 -1.736439 0.008211006 0.999828 -0.01663042 114.6415 0.2799449 0.01366757 0.9599187 0.4687703 0 0 0 1
121 1 0.959981 -0.0125375 -0.2797845 -2.269164 0.008211006 0.999828 -0.01663042 114.6415 0.2799449 0.01366757 0.9599187 0.4687702 0 0 0 1
122 0 0.9599721 -0.01246552 -0.2798179 -1.727266 0.008153376 0.9998295 -0.01656927 114.6417 0.2799768 0.01362458 0.9599101 0.4631695 0 0 0 1
122 1 0.9599721 -0.01246552 -0.2798179 -2.259991 0.008153376 0.9998295 -0.01656927 114.6417 0.2799768 0.01362458 0.9599101 0.4631695 0 0 0 1
123 0 0.9599891 -0.01244351 -0.2797609 -1.723996 0.008114762 0.9998289 -0.01662599 114.6417 0.2799199 0.01369057 0.9599257 0.4698628 0 0 0 1
123 1 0.9599891 -0.01244351 -0.2797609 -2.256721 0.008114762 0.9998289 -0.01662599 114.6417 0.2799199 0.01369057 0.9599257 0.4698627 0 0 0 1
124 0 0.9599733 -0.01249151 -0.279813 -1.728847 0.008161606 0.9998283 -0.0166341 114.6417 0.2799727 0.01368457 0.9599104 0.4683716 0 0 0 1
124 1 0.9599733 -0.01249151 -0.279813 -2.261572 0.008161606 0.9998283 -0.0166341 114.6417 0.2799727 0.01368457 0.9599104 0.4683716 0 0 0 1
125 0 0.9599671 -0.01248451 -0.2798345 -1.727721 0.008163201 0.9998288 -0.01660257 114.6417 0.2799939 0.01365358 0.9599047 0.4642202 0 0 0 1
125 1 0.9599671 -0.01248451 -0.2798345 -2.260446 0.008163201 0.9998288 -0.01660257 114.6417 0.2799939 0.01365358 0.9599047 0.4642203 0 0 0 1
126 0 0.959956 -0.01245451 -0.2798739 -1.723836 0.008122519 0.9998287 -0.0166329 114.6418 0.2800331 0.01369357 0.9598927 0.4680505 0 0 0 1
126 1 0.959956 -0.01245451 -0.2798739 -2.256561 0.008122519 0.9998287 -0.0166329 114.6418 0.2800331 0.01369357 0.9598927 0.4680504 0 0 0 1
127 0 0.9599534 -0.0125025 -0.2798808 -1.728673 0.008169306 0.9998281 -0.01664352 114.6417 0.2800408 0.01369057 0.9598905 0.4669245 0 0 0 1
127 1 0.9599534 -0.0125025 -0.2798808 -2.261398 0.008169306 0.9998281 -0.01664352 114.6417 0.2800408 0.01369057 0.9598905 0.4669246 0 0 0 1
128 0 0.9599373 -0.0124405 -0.2799387 -1.721498 0.008090585 0.999828 -0.01668904 114.6418 0.2800982 0.01375557 0.9598728 0.4734983 0 0 0 1
128 1 0.9599373 -0.0124405 -0.2799387 -2.254222 0.008090585 0.999828 -0.01668904 114.6418 0.2800982 0.01375557 0.9598728 0.4734983 0 0 0 1
129 0 0.9599358 -0.01242952 -0.2799442 -1.720041 0.008112729 0.9998297 -0.0165737 114.6419 0.2801025 0.01363858 0.9598732 0.4596606 0 0 0 1
129 1 0.9599358 -0.01242952 -0.2799442 -2.252766 0.008112729 0.9998297 -0.0165737 114.6419 0.2801025 0.01363858 0.9598732 0.4596607 0 0 0 1
130 0 0.9599424 -0.0124555 -0.2799203 -1.722935 0.008109502 0.999828 -0.01667869 114.6418 0.28008 0.01374057 0.9598783 0.4708605 0 0 0 1
130 1 0.9599424 -0.0124555 -0.2799203 -2.255661 0.008109502 0.999828 -0.01667869 114.6418 0.28008 0.01374057 0.9598783 0.4708605 0 0 0 1
131 0 0.9599375 -0.01245352 -0.2799375 -1.722499 0.008126063 0.9998289 -0.01661396 114.6418 0.2800966 0.01367357 0.9598745 0.4626824 0 0 0 1
131 1 0.9599375 -0.01245352 -0.2799375 -2.255224 0.008126063 0.9998289 -0.01661396 114.6418 0.2800966 0.01367357 0.9598745 0.4626825 0 0 0 1
132 0 0.9599375 -0.01242053 -0.2799387 -1.718572 0.008108669 0.9998301 -0.01655577 114.6419 0.2800968 0.01362258 0.9598751 0.4563292 0 0 0 1
132 1 0.9599375 -0.01242053 -0.2799387 -2.251297 0.008108669 0.9998301 -0.01655577 114.6419 0.2800968 0.01362258 0.9598751 0.4563292 0 0 0 1
133 0 0.959903 -0.01248551 -0.2800541 -1.726139 0.008154193 0.9998285 -0.01662583 114.6418 0.2802137 0.01367557 0.9598402 0.462072 0 0 0 1
133 1 0.959903 -0.01248551 -0.2800541 -2.258864 0.008154193 0.9998285 -0.01662583 114.6418 0.2802137 0.01367557 0.9598402 0.462072 0 0 0 1
134 0 0.9598939 -0.01242852 -0.2800877 -1.719914 0.008096108 0.9998291 -0.01661975 114.6419 0.2802464 0.01368557 0.9598305 0.4630343 0 0 0 1
134 1 0.9598939 -0.01242852 -0.2800877 -2.252639 0.008096108 0.9998291 -0.01661975 114.6419 0.2802464 0.01368557 0.9598305 0.4630344 0 0 0 1
135 0 0.9598863 -0.0124235 -0.2801141 -1.71967 0.008058321 0.9998276 -0.01672991 114.6418 0.2802737 0.01380156 0.9598209 0.4758711 0 0 0 1
135 1 0.9598863 -0.0124235 -0.2801141 -2.252395 0.008058321 0.9998276 -0.01672991 114.6418 0.2802737 0.01380156 0.9598209 0.4758711 0 0 0 1
136 0 0.9598984 -0.01242552 -0.2800727 -1.719999 0.008104146 0.9998296 -0.0165823 114.6419 0.280231 0.01364758 0.9598356 0.4580657 0 0 0 1
136 1 0.9598984 -0.01242552 -0.2800727 -2.252724 0.008104146 0.9998296 -0.0165823 114.6419 0.280231 0.01364758 0.9598356 0.4580658 0 0 0 1
137 0 0.9598948 -0.01241851 -0.2800854 -1.719394 0.008075335 0.9998287 -0.01665532 114.6419 0.2802443 0.01372557 0.9598306 0.4665862 0 0 0 1
137 1 0.9598948 -0.01241851 -0.2800854 -2.25212 0.008075335 0.9998287 -0.01665532 114.6419 0.2802443 0.01372557 0.9598306 0.4665863 0 0 0 1
138 0 0.9598863 -0.01246452 -0.2801124 -1.724412 0.008141725 0.9998292 -0.01659069 114.6418 0.2802714 0.01364458 0.9598238 0.4572164 0 0 0 1
138 1 0.9598863 -0.01246452 -0.2801124 -2.257137 0.008141725 0.9998292 -0.01659069 114.6419 0.2802714 0.01364458 0.9598238 0.4572163 0 0 0 1
139 0 0.9598857 -0.01236352 -0.2801191 -1.712932 0.008025339 0.9998295 -0.01662867 114.642 0.2802769 0.01371357 0.9598212 0.4650074 0 0 0 1
139 1 0.9598857 -0.01236352 -0.2801191 -2.245657 0.008025339 0.9998295 -0.01662867 114.642 0.2802769 0.01371357 0.9598212 0.4650073 0 0 0 1
140 0 0.9598924 -0.01241252 -0.2800938 -1.718467 0.008084014 0.9998295 -0.01660379 114.6419 0.2802521 0.01367357 0.959829 0.4600226 0 0 0 1
140 1 0.9598924 -0.01241252 -0.2800938 -2.251192 0.008084014 0.9998295 -0.01660379 114.6419 0.2802521 0.01367357 0.959829 0.4600226 0 0 0 1
141 0 0.9598773 -0.01244051 -0.2801445 -1.721634 0.008095703 0.9998284 -0.01666102 114.6419 0.2803037 0.01372457 0.9598132 0.4657956 0 0 0 1
141 1 0.9598773 -0.01244051 -0.2801445 -2.254359 0.008095703 0.9998284 -0.01666102 114.6419 0.2803037 0.01372457 0.9598132 0.4657956 0 0 0 1
142 0 0.9598786 -0.01241452 -0.2801411 -1.718532 0.008092688 0.9998298 -0.01657884 114.642 0.2802993 0.01364658 0.9598157 0.4566317 0 0 0 1
142 1 0.9598786 -0.01241452 -0.2801411 -2.251257 0.008092688 0.9998298 -0.01657884 114.642 0.2802993 0.01364658 0.9598157 0.4566318 0 0 0 1
143 0 0.9598483 -0.01232854 -0.2802487 -1.708811 0.007999612 0.9998304 -0.01658539 114.6421 0.2804056 0.01367757 0.9597842 0.4598872 0 0 0 1
143 1 0.9598483 -0.01232854 -0.2802487 -2.241536 0.007999612 0.9998304 -0.01658539 114.6421 0.2804056 0.01367757 0.9597842 0.4598873 0 0 0 1
144 0 0.9598489 -0.01234653 -0.2802457 -1.710748 0.008019742 0.9998304 -0.01658081 114.6421 0.2804029 0.01366758 0.9597851 0.4584936 0 0 0 1
144 1 0.9598489 -0.01234653 -0.2802457 -2.243473 0.008019742 0.9998304 -0.01658081 114.6421 0.2804029 0.01366758 0.9597851 0.4584935 0 0 0 1
145 0 0.9598406 -0.01241652 -0.2802711 -1.718651 0.008081138 0.9998292 -0.01661889 114.6419 0.2804296 0.01368657 0.959777 0.4602843 0 0 0 1
145 1 0.9598406 -0.01241652 -0.2802711 -2.251376 0.008081138 0.9998292 -0.01661889 114.6419 0.2804296 0.01368657 0.959777 0.4602844 0 0 0 1
146 0 0.9598447 -0.01232453 -0.2802611 -1.707974 0.007990789 0.9998302 -0.01660068 114.6421 0.2804181 0.01369457 0.9597803 0.4610651 0 0 0 1
146 1 0.9598447 -0.01232453 -0.2802611 -2.240699 0.007990789 0.9998302 -0.01660068 114.6421 0.2804181 0.01369457 0.9597803 0.4610651 0 0 0 1
147 0 0.9598339 -0.01239754 -0.2802948 -1.715798 0.008092244 0.9998309 -0.01651202 114.642 0.2804521 0.01358058 0.9597719 0.4479291 0 0 0 1
147 1 0.9598339 -0.01239754 -0.2802948 -2.248523 0.008092244 0.9998309 -0.01651202 114.642 0.2804521 0.01358058 0.9597719 0.4479292 0 0 0 1
148 0 0.9598438 -0.0125115 -0.2802558 -1.728405 0.008164703 0.9998277 -0.01667227 114.6418 0.2804161 0.01371457 0.9597806 0.4633199 0 0 0 1
148 1 0.9598438 -0.0125115 -0.2802558 -2.26113 0.008164703 0.9998277 -0.01667227 114.6418 0.2804161 0.01371457 0.9597806 0.4633199 0 0 0 1
149 0 0.959824 -0.0124665 -0.2803256 -1.723035 0.008120032 0.9998282 -0.0166612 114.6419 0.2804851 0.01371557 0.9597604 0.463013 0 0 0 1
149 1 0.959824 -0.0124665 -0.2803256 -2.25576 0.008120032 0.9998282 -0.0166612 114.6419 0.2804851 0.01371557 0.9597604 0.4630129 0 0 0 1
150 0 0.9598405 -0.01234454 -0.2802745 -1.708863 0.008019008 0.9998305 -0.01657473 114.6421 0.2804317 0.01366157 0.9597768 0.4566162 0 0 0 1
150 1 0.9598405 -0.01234454 -0.2802745 -2.241588 0.008019008 0.9998305 -0.01657473 114.6421 0.2804317 0.01366157 0.9597768 0.4566162 0 0 0 1
151 0 0.9598454 -0.01239953 -0.2802554 -1.714559 0.008073516 0.9998299 -0.01658519 114.642 0.2804133 0.01365658 0.9597822 0.4554233 0 0 0 1
151 1 0.9598454 -0.01239953 -0.2802554 -2.247284 0.008073516 0.9998299 -0.01658519 114.642 0.2804133 0.01365658 0.9597822 0.4554234 0 0 0 1
152 0 0.959825 -0.01247151 -0.2803219 -1.722713 0.008130228 0.9998284 -0.01664434 114.6419 0.2804814 0.01369657 0.9597617 0.4596357 0 0 0 1
152 1 0.959825 -0.01247151 -0.2803219 -2.255438 0.008130228 0.9998284 -0.01664434 114.6419 0.2804814 0.01369657 0.9597617 0.4596357 0 0 0 1
153 0 0.9598423 -0.01241453 -0.2802652 -1.716101 0.008098123 0.9998302 -0.01655397 114.642 0.2804231 0.01361958 0.9597799 0.4506631 0 0 0 1
153 1 0.9598423 -0.01241453 -0.2802652 -2.248826 0.008098123 0.9998302 -0.01655397 114.642 0.2804231 0.01361958 0.9597799 0.4506632 0 0 0 1
154 0 0.9598662 -0.01236054 -0.2801858 -1.709391 0.008053564 0.9998311 -0.016518 114.6421 0.2803427 0.01359858 0.9598036 0.4478353 0 0 0 1
154 1 0.9598662 -0.01236054 -0.2801858 -2.242116 0.008053564 0.9998311 -0.016518 114.6421 0.2803427 0.01359858 0.9598036 0.4478354 0 0 0 1
155 0 0.959837 -0.01241951 -0.2802832 -1.715417 0.008075106 0.9998288 -0.01664959 114.642 0.280442 0.01371757 0.9597729 0.4612291 0 0 0 1
155 1 0.959837 -0.01241951 -0.2802832 -2.248142 0.008075106 0.9998288 -0.01664959 114.642 0.280442 0.01371757 0.9597729 0.4612291 0 0 0 1
156 0 0.9598539 -0.01243152 -0.2802248 -1.716192 0.008097738 0.9998291 -0.01661791 114.642 0.2803835 0.01368157 0.9597906 0.4571611 0 0 0 1
156 1 0.9598539 -0.01243152 -0.2802248 -2.248917 0.008097738 0.9998291 -0.01661791 114.642 0.2803835 0.01368157 0.9597906 0.457161 0 0 0 1
157 0 0.959794 -0.01241152 -0.2804306 -1.713027 0.008074982 0.9998294 -0.01661403 114.642 0.280589 0.01368157 0.9597305 0.457424 0 0 0 1
157 1 0.959794 -0.01241152 -0.2804306 -2.245752 0.008074982 0.9998294 -0.01661403 114.642 0.280589 0.01368157 0.9597305 0.457424 0 0 0 1
158 0 0.9598248 -0.01243852 -0.2803242 -1.715203 0.008115363 0.9998296 -0.01657752 114.642 0.2804826 0.01363658 0.9597622 0.4523479 0 0 0 1
158 1 0.9598248 -0.01243852 -0.2803242 -2.247928 0.008115363 0.9998296 -0.01657752 114.642 0.2804826 0.01363658 0.9597622 0.4523481 0 0 0 1
159 0 0.9598315 -0.01235153 -0.2803049 -1.704712 0.008020989 0.9998302 -0.01659135 114.6422 0.2804623 0.01367658 0.9597676 0.4575788 0 0 0 1
159 1 0.9598315 -0.01235153 -0.2803049 -2.237437 0.008020989 0.9998302 -0.01659135 114.6422 0.2804623 0.01367658 0.9597676 0.4575786 0 0 0 1
160 0 0.9598149 -0.01240155 -0.2803596 -1.710312 0.00810844 0.9998315 -0.01646762 114.6421 0.2805166 0.01353259 0.9597538 0.4416238 0 0 0 1
160 1 0.9598149 -0.01240155 -0.2803596 -2.243037 0.00810844 0.9998315 -0.01646762 114.6421 0.2805166 0.01353259 0.9597538 0.4416237 0 0 0 1
161 0 0.9598113 -0.01230856 -0.2803761 -1.699585 0.008009657 0.9998322 -0.01647334 114.6423 0.2805318 0.01356558 0.9597489 0.4458436 0 0 0 1
161 1 0.9598113 -0.01230856 -0.2803761 -2.232309 0.008009657 0.9998322 -0.01647334 114.6423 0.2805318 0.01356558 0.9597489 0.4458435 0 0 0 1
162 0 0.9598068 -0.01241553 -0.2803869 -1.711505 0.00809137 0.9998299 -0.01657447 114.6421 0.2805449 0.01363958 0.959744 0.4545219 0 0 0 1
162 1 0.9598068 -0.01241553 -0.2803869 -2.24423 0.00809137 0.9998299 -0.01657447 114.6421 0.2805449 0.01363958 0.959744 0.4545219 0 0 0 1
163 0 0.9598135 -0.01243355 -0.2803631 -1.713591 0.008144699 0.9998314 -0.01645743 114.6421 0.2805205 0.01351259 0.9597529 0.4409116 0 0 0 1
163 1 0.9598135 -0.01243355 -0.2803631 -2.246316 0.008144699 0.9998314 -0.01645743 114.6421 0.2805205 0.01351259 0.9597529 0.4409115 0 0 0 1
164 0 0.9597989 -0.01237655 -0.2804157 -1.707119 0.008085458 0.9998319 -0.01645436 114.6422 0.2805722 0.01352559 0.9597376 0.4423326 0 0 0 1
164 1 0.9597989 -0.01237655 -0.2804157 -2.239844 0.008085458 0.9998319 -0.01645436 114.6422 0.2805722 0.01352559 0.9597376 0.4423326 0 0 0 1
165 0 0.959793 -0.01238255 -0.2804355 -1.70813 0.008084976 0.9998316 -0.01647637 114.6421 0.2805923 0.01354659 0.9597315 0.4449638 0 0 0 1
165 1 0.959793 -0.01238255 -0.2804355 -2.240855 0.008084976 0.9998316 -0.01647637 114.6421 0.2805923 0.01354659 0.9597315 0.444964 0 0 0 1
166 0 0.9597941 -0.01238655 -0.2804315 -1.708403 0.008085236 0.9998313 -0.01648993 114.6421 0.2805884 0.01355958 0.9597324 0.4467246 0 0 0 1
166 1 0.9597941 -0.01238655 -0.2804315 -2.241127 0.008085236 0.9998313 -0.01648993 114.6421 0.2805884 0.01355958 0.9597324 0.4467244 0 0 0 1
167 0 0.9597872 -0.01237456 -0.2804558 -1.707094 0.008098856 0.9998327 -0.01639943 114.6422 0.2806118 0.01346859 0.9597268 0.4365667 0 0 0 1
167 1 0.9597872 -0.01237456 -0.2804558 -2.239819 0.008098856 0.9998327 -0.01639943 114.6422 0.2806118 0.01346859 0.9597268 0.4365667 0 0 0 1
168 0 0.9597908 -0.01234655 -0.2804447 -1.704171 0.008046627 0.9998319 -0.01647882 114.6422 0.280601 0.01355958 0.9597287 0.4470872 0 0 0 1
168 1 0.9597908 -0.01234655 -0.2804447 -2.236897 0.008046627 0.9998319 -0.01647882 114.6422 0.280601 0.01355958 0.9597287 0.4470872 0 0 0 1
169 0 0.9597877 -0.01233556 -0.2804556 -1.703116 0.008043466 0.9998323 -0.01644991 114.6422 0.2806115 0.01353259 0.959726 0.4439927 0 0 0 1
169 1 0.9597877 -0.01233556 -0.2804556 -2.235841 0.008043466 0.9998323 -0.01644991 114.6422 0.2806115 0.01353259 0.959726 0.4439928 0 0 0 1
170 0 0.9597964 -0.01233856 -0.2804258 -1.704214 0.008044611 0.9998322 -0.01645818 114.6422 0.2805818 0.01354059 0.9597346 0.4455282 0 0 0 1
170 1 0.9597964 -0.01233856 -0.2804258 -2.236938 0.008044611 0.9998322 -0.01645818 114.6422 0.2805818 0.01354059 0.9597346 0.4455284 0 0 0 1
171 0 0.9597859 -0.01235355 -0.280461 -1.706155 0.008056716 0.9998319 -0.01646844 114.6421 0.2806172 0.01354659 0.9597242 0.446404 0 0 0 1
171 1 0.9597859 -0.01235355 -0.280461 -2.23888 0.008056716 0.9998319 -0.01646844 114.6421 0.2806172 0.01354659 0.9597242 0.4464042 0 0 0 1
172 0 0.9598005 -0.01228656 -0.280414 -1.698878 0.007989302 0.9998326 -0.01646269 114.6422 0.2805693 0.01356058 0.959738 0.4481828 0 0 0 1
172 1 0.9598005 -0.01228656 -0.280414 -2.231603 0.007989302 0.9998326 -0.01646269 114.6423 0.2805693 0.01356058 0.959738 0.4481827 0 0 0 1
173 0 0.9597771 -0.01232956 -0.2804921 -1.70375 0.00803259 0.9998322 -0.01646389 114.6422 0.280648 0.01354858 0.9597151 0.4465019 0 0 0 1
173 1 0.9597771 -0.01232956 -0.2804921 -2.236475 0.00803259 0.9998322 -0.01646389 114.6422 0.280648 0.01354858 0.9597151 0.4465021 0 0 0 1
174 0 0.9597899 -0.01231657 -0.280449 -1.703059 0.008040513 0.9998333 -0.0163927 114.6422 0.2806041 0.01347859 0.959729 0.4403351 0 0 0 1
174 1 0.9597899 -0.01231657 -0.280449 -2.235785 0.008040513 0.9998333 -0.0163927 114.6422 0.2806041 0.01347859 0.959729 0.440335 0 0 0 1
175 0 0.959758 -0.01225158 -0.2805611 -1.696311 0.007971456 0.9998339 -0.01639171 114.6423 0.2807153 0.01349559 0.9596962 0.4433637 0 0 0 1
175 1 0.959758 -0.01225158 -0.2805611 -2.229036 0.007971456 0.9998339 -0.01639171 114.6423 0.2807153 0.01349559 0.9596962 0.4433637 0 0 0 1
176 0 0.9597558 -0.01227559 -0.2805673 -1.699807 0.00801376 0.9998345 -0.01633227 114.6422 0.2807214 0.0134266 0.9596954 0.4370974 0 0 0 1
176 1 0.9597558 -0.01227559 -0.2805673 -2.232532 0.00801376 0.9998345 -0.01633227 114.6422 0.2807214 0.0134266 0.9596954 0.4370973 0 0 0 1
177 0 0.9597487 -0.01234257 -0.2805889 -1.707503 0.008068405 0.9998332 -0.01638293 114.6421 0.2807443 0.01345959 0.9596882 0.4417777 0 0 0 1
177 1 0.9597487 -0.01234257 -0.2805889 -2.240228 0.008068405 0.9998332 -0.01638293 114.6421 0.2807443 0.01345959 0.9596882 0.4417778 0 0 0 1
178 0 0.9597396 -0.01234966 -0.2806197 -1.709216 0.008238953 0.9998409 -0.01582373 114.6423 0.2807704 0.01287464 0.9596886 0.3729995 0 0 0 1
178 1 0.9597396 -0.01234966 -0.2806197 -2.24194 0.008238953 0.9998409 -0.01582373 114.6423 0.2807704 0.01287464 0.9596886 0.3729995 0 0 0 1
179 0 0.9597377 -0.01218581 -0.2806333 -1.691153 0.008301351 0.9998527 -0.01502634 114.643 0.2807751 0.01209171 0.9596974 0.2753 0 0 0 1
179 1 0.9597377 -0.01218581 -0.2806333 -2.223878 0.008301351 0.9998527 -0.01502634 114.643 0.2807751 0.01209171 0.9596974 0.2753001 0 0 0 1
180 0 0.9597358 -0.01225083 -0.2806371 -1.69865 0.008429965 0.9998547 -0.01481812 114.6431 0.2807778 0.01185572 0.9596996 0.2347994 0 0 0 1
180 1 0.9597358 -0.01225083 -0.2806371 -2.231375 0.008429965 0.9998547 -0.01481812 114.6431 0.2807778 0.01185572 0.9596996 0.2347994 0 0 0 1
181 0 0.9597729 -0.01197385 -0.280522 -1.668486 0.00811568 0.9998559 -0.01491117 114.6437 0.2806601 0.01203471 0.9597318 0.236314 0 0 0 1
181 1 0.9597729 -0.01197385 -0.280522 -2.201211 0.00811568 0.9998559 -0.01491117 114.6437 0.2806601 0.01203471 0.9597318 0.2363141 0 0 0 1
182 0 0.959754 -0.01147191 -0.2806074 -1.612175 0.007613292 0.9998609 -0.01483719 114.6448 0.2807386 0.0121037 0.9597079 0.217978 0 0 0 1
182 1 0.959754 -0.01147191 -0.2806074 -2.144899 0.007613292 0.9998609 -0.01483719 114.6448 0.2807386 0.0121037 0.9597079 0.2179781 0 0 0 1
183 0 0.9597723 -0.01123996 -0.2805545 -1.586619 0.007424073 0.999865 -0.01466032 114.6455 0.2806814 0.01198771 0.9597262 0.1766283 0 0 0 1
183 1 0.9597723 -0.01123996 -0.2805545 -2.119344 0.007424073 0.999865 -0.01466032 114.6455 0.2806814 0.01198771 0.9597262 0.1766284 0 0 0 1
184 0 0.9597888 -0.01094803 -0.2805097 -1.554078 0.00721532 0.9998712 -0.01433617 114.6464 0.2806305 0.01173573 0.9597442 0.1123783 0 0 0 1
184 1 0.9597888 -0.01094803 -0.2805097 -2.086803 0.00721532 0.9998712 -0.01433617 114.6464 0.2806305 0.01173573 0.9597442 0.1123783 0 0 0 1
185 0 0.959744 -0.01080111 -0.2806683 -1.538161 0.00720927 0.9998784 -0.01382679 114.6471 0.2807836 0.01124676 0.9597052 0.02009873 0 0 0 1
185 1 0.959744 -0.01080111 -0.2806683 -2.070886 0.00720927 0.9998784 -0.01382679 114.6471 0.2807836 0.01124676 0.9597052 0.02009854 0 0 0 1
186 0 0.9597101 -0.01120817 -0.2807685 -1.584766 0.007854916 0.9998838 -0.01306564 114.6469 0.2808823 0.01033382 0.9596866 -0.1266437 0 0 0 1
186 1 0.9597101 -0.01120817 -0.2807685 -2.117491 0.007854916 0.9998838 -0.01306564 114.6469 0.2808823 0.01033382 0.9596866 -0.1266437 0 0 0 1
187 0 0.9596839 -0.0117863 -0.2808344 -1.650305 0.008919892 0.9998943 -0.01148285 114.646 0.2809401 0.008514897 0.9596875 -0.3904668 0 0 0 1
187 1 0.9596839 -0.0117863 -0.2808344 -2.18303 0.008919892 0.9998943 -0.01148285 114.646 0.2809401 0.008514897 0.9596875 -0.3904668 0 0 0 1
188 0 0.959534 -0.01246742 -0.2813166 -1.727256 0.01014995 0.9999015 -0.009693567 114.6442 0.2814098 0.006445955 0.9595661 -0.6905271 0 0 0 1
188 1 0.959534 -0.01246742 -0.2813166 -2.259981 0.01014995 0.9999015 -0.009693567 114.6442 0.2814098 0.006445955 0.9595661 -0.6905271 0 0 0 1
189 0 0.9593185 -0.01280051 -0.2820359 -1.764761 0.01094864 0.9999069 -0.008141086 114.6426 0.2821139 0.004721983 0.9593693 -0.9647979 0 0 0 1
189 1 0.9593185 -0.01280051 -0.2820359 -2.297486 0.01094864 0.9999069 -0.008141086 114.6426 0.2821139 0.004721983 0.9593693 -0.9647979 0 0 0 1
190 0 0.9589736 -0.01287455 -0.2832028 -1.772701 0.01125933 0.9999098 -0.007330403 114.642 0.2832716 0.00384099 0.9590321 -1.169444 0 0 0 1
190 1 0.9589736 -0.01287455 -0.2832028 -2.305426 0.01125933 0.9999098 -0.007330403 114.642 0.2832716 0.00384099 0.9590321 -1.169444 0 0 0 1
191 0 0.9586282 -0.01291955 -0.2843679 -1.776723 0.01132484 0.9999096 -0.007251417 114.6422 0.2844358 0.003730991 0.9586878 -1.294131 0 0 0 1
191 1 0.9586282 -0.01291955 -0.2843679 -2.309448 0.01132484 0.9999096 -0.007251417 114.6422 0.2844358 0.003730991 0.9586878 -1.29413 0 0 0 1
192 0 0.9581692 -0.01314352 -0.2859005 -1.800093 0.01148008 0.999906 -0.007493616 114.6426 0.2859722 0.003897991 0.95823 -1.405203 0 0 0 1
192 1 0.9581692 -0.01314352 -0.2859005 -2.332818 0.01148008 0.999906 -0.007493616 114.6426 0.2859722 0.003897991 0.95823 -1.405203 0 0 0 1
193 0 0.9575838 -0.01316156 -0.2878541 -1.799692 0.01171614 0.9999086 -0.006743571 114.6419 0.2879165 0.003084995 0.9576505 -1.661044 0 0 0 1
193 1 0.9575838 -0.01316156 -0.2878541 -2.332417 0.01171614 0.9999086 -0.006743571 114.6419 0.2879165 0.003084995 0.9576505 -1.661044 0 0 0 1
194 0 0.9569919 -0.01298761 -0.2898237 -1.777441 0.01189989 0.999914 -0.005515062 114.6404 0.2898704 0.001828999 0.9570642 -1.972339 0 0 0 1
194 1 0.9569919 -0.01298761 -0.2898237 -2.310166 0.01189989 0.999914 -0.005515062 114.6404 0.2898704 0.001828999 0.9570642 -1.972339 0 0 0 1
195 0 0.9562215 -0.01230169 -0.2923853 -1.69616 0.01148592 0.9999239 -0.004506607 114.64 0.2924185 0.0009509996 0.95629 -2.278099 0 0 0 1
195 1 0.9562215 -0.01230169 -0.2923853 -2.228885 0.01148592 0.9999239 -0.004506607 114.64 0.2924185 0.0009509996 0.95629 -2.278099 0 0 0 1
196 0 0.9554583 -0.01179673 -0.2948903 -1.63535 0.01132574 0.9999304 -0.003305064 114.6382 0.2949087 -0.0001820002 0.9555254 -2.614805 0 0 0 1
196 1 0.9554583 -0.01179673 -0.2948903 -2.168075 0.01132574 0.9999304 -0.003305064 114.6382 0.2949087 -0.0001820002 0.9555254 -2.614805 0 0 0 1
197 0 0.9546386 -0.01189171 -0.2975294 -1.640542 0.01179794 0.9999282 -0.002110993 114.6343 0.2975332 -0.001495 0.9547103 -2.993402 0 0 0 1
197 1 0.9546386 -0.01189171 -0.2975294 -2.173267 0.01179794 0.9999282 -0.002110993 114.6343 0.2975332 -0.001495 0.9547103 -2.993402 0 0 0 1
198 0 0.9535913 -0.01254559 -0.3008426 -1.707854 0.01306488 0.9999146 -0.0002857408 114.6255 0.3008205 -0.003657992 0.9536738 -3.516965 0 0 0 1
198 1 0.9535913 -0.01254559 -0.3008426 -2.240579 0.01306488 0.9999146 -0.0002857408 114.6255 0.3008205 -0.003657992 0.9536738 -3.516965 0 0 0 1
199 0 0.9526029 -0.01264853 -0.3039536 -1.711658 0.01345465 0.9999093 0.0005578343 114.6207 0.303919 -0.004620984 0.9526867 -3.90393 0 0 0 1
199 1 0.9526029 -0.01264853 -0.3039536 -2.244383 0.01345465 0.9999093 0.0005578343 114.6207 0.303919 -0.004620984 0.9526867 -3.90393 0 0 0 1
200 0 0.9515399 -0.01237353 -0.3072764 -1.671108 0.01329622 0.9999112 0.0009094374 114.6185 0.3072378 -0.00495098 0.9516199 -4.242254 0 0 0 1
200 1 0.9515399 -0.01237353 -0.3072764 -2.203833 0.01329622 0.9999112 0.0009094374 114.6185 0.3072378 -0.00495098 0.9516199 -4.242254 0 0 0 1
201 0 0.9503456 -0.01118662 -0.3109952 -1.526302 0.01220116 0.9999247 0.001316864 114.6183 0.310957 -0.005045978 0.9504105 -4.611291 0 0 0 1
201 1 0.9503456 -0.01118662 -0.3109952 -2.059027 0.01220116 0.9999247 0.001316864 114.6183 0.310957 -0.005045978 0.9504105 -4.611291 0 0 0 1
202 0 0.9492953 -0.01096973 -0.3141942 -1.489787 0.01140454 0.9999349 -0.0004542802 114.6262 0.3141787 -0.003151995 0.9493586 -4.744509 0 0 0 1
202 1 0.9492953 -0.01096973 -0.3141942 -2.022512 0.01140454 0.9999349 -0.0004542802 114.6262 0.3141787 -0.003151995 0.9493586 -4.744509 0 0 0 1
203 0 0.9482476 -0.01151273 -0.3173232 -1.538237 0.01145841 0.9999323 -0.002037466 114.6316 0.3173251 -0.001703999 0.9483153 -4.990599 0 0 0 1
203 1 0.9482476 -0.01151273 -0.3173232 -2.070962 0.01145841 0.9999323 -0.002037466 114.6316 0.3173251 -0.001703999 0.9483153 -4.990599 0 0 0 1
204 0 0.9475187 -0.0106678 -0.3195224 -1.431965 0.01033795 0.9999428 -0.002728397 114.6375 0.3195332 -0.0007180001 0.9475748 -5.271189 0 0 0 1
204 1 0.9475187 -0.0106678 -0.3195224 -1.96469 0.01033795 0.9999428 -0.002728397 114.6375 0.3195332 -0.0007180001 0.9475748 -5.271189 0 0 0 1
205 0 0.9470714 -0.008423892 -0.3209126 -1.171257 0.007517118 0.9999635 -0.004064463 114.6521 0.3209351 0.001436999 0.9471001 -5.433373 0 0 0 1
205 1 0.9470714 -0.008423892 -0.3209126 -1.703982 0.007517118 0.9999635 -0.004064463 114.6521 0.3209351 0.001436999 0.9471001 -5.433373 0 0 0 1
206 0 0.9468709 -0.006763919 -0.3215427 -0.9797428 0.005457048 0.9999728 -0.004965481 114.6634 0.3215676 0.002946996 0.9468821 -5.722165 0 0 0 1
206 1 0.9468709 -0.006763919 -0.3215427 -1.512468 0.005457048 0.9999728 -0.004965481 114.6634 0.3215676 0.002946996 0.9468821 -5.722166 0 0 0 1
207 0 0.9470329 -0.005978922 -0.3210809 -0.8923324 0.00445981 0.9999751 -0.005466496 114.6702 0.3211056 0.003744992 0.947036 -6.061066 0 0 0 1
207 1 0.9470329 -0.005978922 -0.3210809 -1.425057 0.00445981 0.9999751 -0.005466496 114.6702 0.3211056 0.003744992 0.947036 -6.061066 0 0 0 1
208 0 0.9475365 -0.005845904 -0.319594 -0.8853136 0.004050527 0.999972 -0.006282088 114.6778 0.3196218 0.004657984 0.9475337 -6.396487 0 0 0 1
208 1 0.9475365 -0.005845904 -0.319594 -1.418039 0.004050527 0.999972 -0.006282088 114.6778 0.3196218 0.004657984 0.9475337 -6.396486 0 0 0 1
209 0 0.9484065 -0.005102911 -0.317016 -0.8170104 0.00321711 0.9999739 -0.006471753 114.6838 0.3170408 0.005117977 0.9483981 -6.838621 0 0 0 1
209 1 0.9484065 -0.005102911 -0.317016 -1.349735 0.00321711 0.9999739 -0.006471753 114.6838 0.3170408 0.005117977 0.9483981 -6.838621 0 0 0 1
210 0 0.949716 -0.003836941 -0.3130891 -0.7005756 0.002040637 0.9999796 -0.006064843 114.687 0.313106 0.005120978 0.9497044 -7.297997 0 0 0 1
210 1 0.949716 -0.003836941 -0.3130891 -1.2333 0.002040637 0.9999796 -0.006064843 114.687 0.313106 0.005120978 0.9497044 -7.297997 0 0 0 1
211 0 0.9514802 -0.00258896 -0.3076992 -0.5994213 0.0008155849 0.9999823 -0.005891799 114.6919 0.307709 0.005354975 0.9514654 -7.740384 0 0 0 1
211 1 0.9514802 -0.00258896 -0.3076992 -1.132146 0.0008155849 0.9999823 -0.005891799 114.6919 0.307709 0.005354975 0.9514654 -7.740384 0 0 0 1
212 0 0.9539837 -0.0004949915 -0.2998582 -0.4249477 -0.00127236 0.999983 -0.005698672 114.6995 0.299856 0.005817967 0.9539667 -8.215421 0 0 0 1
212 1 0.9539837 -0.0004949915 -0.2998582 -0.9576731 -0.00127236 0.999983 -0.005698672 114.6996 0.299856 0.005817967 0.9539667 -8.21542 0 0 0 1
213 0 0.9570434 0.001645977 -0.28994 -0.2683959 -0.003089606 0.999985 -0.004521399 114.698 0.2899282 0.005222976 0.9570341 -8.772839 0 0 0 1
213 1 0.9570434 0.001645977 -0.28994 -0.8011208 -0.003089606 0.999985 -0.004521399 114.698 0.2899282 0.005222976 0.9570341 -8.772839 0 0 0 1
214 0 0.9610577 0.004850938 -0.2763051 -0.02959037 -0.005836364 0.9999792 -0.002744238 114.6926 0.276286 0.004249988 0.9610661 -9.433863 0 0 0 1
214 1 0.9610577 0.004850938 -0.2763051 -0.5623155 -0.005836364 0.9999792 -0.002744238 114.6926 0.276286 0.004249988 0.9610661 -9.433862 0 0 0 1
215 0 0.9651723 0.007834841 -0.2614978 0.1651573 -0.008729784 0.9999593 -0.002260908 114.6977 0.2614695 0.004464985 0.9652014 -9.918427 0 0 0 1
215 1 0.9651723 0.007834841 -0.2614978 -0.3675675 -0.008729784 0.9999593 -0.002260908 114.6977 0.2614695 0.004464985 0.9652014 -9.918427 0 0 0 1
216 0 0.9696954 0.008952719 -0.2441529 0.1153984 -0.01015737 0.9999416 -0.003675393 114.7176 0.2441058 0.006043964 0.9697298 -10.25521 0 0 0 1
216 1 0.9696954 0.008952719 -0.2441529 -0.4173267 -0.01015737 0.9999416 -0.003675393 114.7176 0.2441058 0.006043964 0.9697298 -10.25521 0 0 0 1
217 0 0.9745128 0.009391611 -0.2241353 -0.04552364 -0.0107932 0.9999291 -0.005028972 114.7364 0.2240722 0.007319935 0.9745451 -10.63268 0 0 0 1
217 1 0.9745128 0.009391611 -0.2241353 -0.578249 -0.0107932 0.9999291 -0.005028972 114.7364 0.2240722 0.007319935 0.9745451 -10.63268 0 0 0 1
218 0 0.9798691 0.01037148 -0.1993713 -0.2086174 -0.01176342 0.999914 -0.005798351 114.7514 0.1992941 0.008026914 0.9799069 -11.13165 0 0 0 1
218 1 0.9798691 0.01037148 -0.1993713 -0.7413423 -0.01176342 0.999914 -0.005798351 114.7514 0.1992941 0.008026914 0.9799069 -11.13165 0 0 0 1
219 0 0.9846323 0.01330695 -0.174133 -0.1698511 -0.0148416 0.9998616 -0.007513894 114.7823 0.1740089 0.009982836 0.9846935 -11.43774 0 0 0 1
219 1 0.9846323 0.01330695 -0.174133 -0.7025762 -0.0148416 0.9998616 -0.007513894 114.7823 0.1740089 0.009982836 0.9846935 -11.43774 0 0 0 1
220 0 0.9892005 0.01329363 -0.1459643 -0.5150571 -0.01492545 0.9998377 -0.01009009 114.818 0.1458064 0.0121597 0.9892384 -11.71674 0 0 0 1
220 1 0.9892005 0.01329363 -0.1459643 -1.047782 -0.01492545 0.9998377 -0.01009009 114.818 0.1458064 0.0121597 0.9892384 -11.71674 0 0 0 1
221 0 0.9935039 0.01435418 -0.1128886 -0.8108616 -0.01579855 0.9998043 -0.01191047 114.8493 0.1126956 0.01361658 0.9935362 -12.12759 0 0 0 1
221 1 0.9935039 0.01435418 -0.1128886 -1.343587 -0.01579855 0.9998043 -0.01191047 114.8493 0.1126956 0.01361658 0.9935362 -12.12759 0 0 0 1
222 0 0.9966502 0.01421998 -0.08053707 -1.251739 -0.01535939 0.9997903 -0.01354584 114.8764 0.08032756 0.01473747 0.9966596 -12.51664 0 0 0 1
222 1 0.9966502 0.01421998 -0.08053707 -1.784464 -0.01535939 0.9997903 -0.01354584 114.8764 0.08032756 0.01473747 0.9966596 -12.51664 0 0 0 1
223 0 0.99899 0.01318273 -0.0429552 -1.881276 -0.01389557 0.9997699 -0.01633881 114.9182 0.04272993 0.0169192 0.9989434 -12.82582 0 0 0 1
223 1 0.99899 0.01318273 -0.0429552 -2.414001 -0.01389557 0.9997699 -0.01633881 114.9182 0.04272993 0.0169192 0.9989434 -12.82582 0 0 0 1
224 0 0.9999081 0.01067307 -0.008359408 -2.653787 -0.01082128 0.9997814 -0.01789021 114.9408 0.008166637 0.01797903 0.999805 -13.20217 0 0 0 1
224 1 0.9999081 0.01067307 -0.008359408 -3.186512 -0.01082128 0.9997814 -0.01789021 114.9408 0.008166637 0.01797903 0.999805 -13.20217 0 0 0 1
225 0 0.9995805 0.009750369 0.0272725 -3.276495 -0.009270485 0.9998009 -0.01766737 114.9442 -0.02743933 0.01740712 0.9994719 -13.74936 0 0 0 1
225 1 0.9995805 0.009750369 0.0272725 -3.809221 -0.009270485 0.9998009 -0.01766737 114.9442 -0.02743933 0.01740712 0.9994719 -13.74936 0 0 0 1
226 0 0.9976043 0.01128413 0.06825276 -3.723267 -0.01009642 0.999792 -0.01772175 114.9589 -0.06843853 0.01699018 0.9975107 -14.30251 0 0 0 1
226 1 0.9976043 0.01128413 0.06825276 -4.255992 -0.01009642 0.999792 -0.01772175 114.9589 -0.06843853 0.01699018 0.9975107 -14.30251 0 0 0 1
227 0 0.9942855 0.01113429 0.1061715 -4.333418 -0.009339999 0.9998053 -0.01738225 114.9621 -0.1063443 0.01629128 0.9941959 -14.82014 0 0 0 1
227 1 0.9942855 0.01113429 0.1061715 -4.866143 -0.009339999 0.9998053 -0.01738225 114.9621 -0.1063443 0.01629128 0.9941959 -14.82014 0 0 0 1
228 0 0.9893769 0.009889805 0.1450364 -5.103274 -0.007686987 0.9998466 -0.0157406 114.9414 -0.1451699 0.0144585 0.9893011 -15.44152 0 0 0 1
228 1 0.9893769 0.009889805 0.1450364 -5.636 -0.007686987 0.9998466 -0.0157406 114.9414 -0.1451699 0.0144585 0.9893011 -15.44152 0 0 0 1
229 0 0.9820681 0.01291602 0.1880834 -5.481699 -0.009703135 0.999791 -0.01799298 114.9938 -0.1882765 0.01584534 0.9819883 -15.71038 0 0 0 1
229 1 0.9820681 0.01291602 0.1880834 -6.014424 -0.009703135 0.999791 -0.01799298 114.9938 -0.1882765 0.01584534 0.9819883 -15.71038 0 0 0 1
230 0 0.9737025 0.01732716 0.2271632 -5.658716 -0.01266009 0.9996781 -0.02198602 115.0773 -0.2274711 0.01853194 0.9736085 -15.76825 0 0 0 1
230 1 0.9737025 0.01732716 0.2271632 -6.191441 -0.01266009 0.9996781 -0.02198602 115.0773 -0.2274711 0.01853194 0.9736085 -15.76825 0 0 0 1
231 0 0.9626966 0.01907149 0.2699105 -6.226327 -0.01258523 0.9995894 -0.0257415 115.1543 -0.2702906 0.02138437 0.9625413 -15.81799 0 0 0 1
231 1 0.9626966 0.01907149 0.2699105 -6.759052 -0.01258523 0.9995894 -0.0257415 115.1543 -0.2702906 0.02138437 0.9625413 -15.81799 0 0 0 1
232 0 0.9509412 0.02163862 0.3086139 -6.649094 -0.01349539 0.9995028 -0.02849687 115.2171 -0.3090771 0.02293399 0.9507604 -15.95549 0 0 0 1
232 1 0.9509412 0.02163862 0.3086139 -7.181819 -0.01349539 0.9995028 -0.02849687 115.2171 -0.3090771 0.02293399 0.9507604 -15.95549 0 0 0 1
233 0 0.9373098 0.02373836 0.3476878 -7.155656 -0.01417194 0.9994485 -0.03003204 115.2597 -0.3482089 0.02322191 0.9371293 -16.20446 0 0 0 1
233 1 0.9373098 0.02373836 0.3476878 -7.688381 -0.01417194 0.9994485 -0.03003204 115.2597 -0.3482089 0.02322191 0.9371293 -16.20447 0 0 0 1
234 0 0.9203768 0.02461935 0.390257 -7.892096 -0.01324547 0.9994062 -0.03180958 115.3077 -0.3908084 0.02410766 0.9201563 -16.38103 0 0 0 1
234 1 0.9203768 0.02461935 0.390257 -8.424821 -0.01324547 0.9994062 -0.03180958 115.3077 -0.3908084 0.02410766 0.9201563 -16.38103 0 0 0 1
235 0 0.903501 0.02443131 0.4278891 -8.676703 -0.01164218 0.9994045 -0.03248049 115.3347 -0.4284279 0.02436459 0.9032474 -16.5814 0 0 0 1
235 1 0.903501 0.02443131 0.4278891 -9.209428 -0.01164218 0.9994045 -0.03248049 115.3347 -0.4284279 0.02436459 0.9032474 -16.5814 0 0 0 1
236 0 0.8850439 0.02532382 0.4648184 -9.347765 -0.01038953 0.9993451 -0.0346631 115.3918 -0.4653918 0.02584912 0.8847272 -16.61481 0 0 0 1
236 1 0.8850439 0.02532382 0.4648184 -9.880489 -0.01038953 0.9993451 -0.0346631 115.3918 -0.4653918 0.02584912 0.8847272 -16.61481 0 0 0 1
237 0 0.8630774 0.02478867 0.504463 -10.26533 -0.007954012 0.9993381 -0.03549781 115.4261 -0.5050091 0.02662485 0.8627033 -16.72466 0 0 0 1
237 1 0.8630774 0.02478867 0.504463 -10.79805 -0.007954012 0.9993381 -0.03549781 115.4262 -0.5050091 0.02662485 0.8627033 -16.72466 0 0 0 1
238 0 0.8418612 0.02436649 0.5391438 -11.08749 -0.004986617 0.9992888 -0.03737615 115.4812 -0.5396711 0.02877703 0.841384 -16.64257 0 0 0 1
238 1 0.8418612 0.02436649 0.5391438 -11.62021 -0.004986617 0.9992888 -0.03737615 115.4812 -0.5396711 0.02877703 0.841384 -16.64257 0 0 0 1
239 0 0.8191147 0.0243244 0.5731139 -11.87735 -0.002528738 0.9992439 -0.03879628 115.5299 -0.5736242 0.03032935 0.8185569 -16.60569 0 0 0 1
239 1 0.8191147 0.0243244 0.5731139 -12.41008 -0.002528738 0.9992439 -0.03879628 115.5299 -0.5736242 0.03032935 0.8185569 -16.60569 0 0 0 1
240 0 0.79243 0.02540185 0.6094337 -12.62911 -0.001847366 0.9992278 -0.03924681 115.5629 -0.60996 0.02997451 0.7918651 -16.77517 0 0 0 1
240 1 0.79243 0.02540185 0.6094337 -13.16184 -0.001847366 0.9992278 -0.03924681 115.5629 -0.60996 0.02997451 0.7918651 -16.77517 0 0 0 1
241 0 0.7674454 0.03021119 0.6404021 -12.85833 -0.004967758 0.9991393 -0.04118147 115.623 -0.641095 0.02842317 0.766935 -17.06606 0 0 0 1
241 1 0.7674454 0.03021119 0.6404021 -13.39105 -0.004967758 0.9991393 -0.04118147 115.623 -0.641095 0.02842317 0.766935 -17.06606 0 0 0 1
242 0 0.7414162 0.02924707 0.6704078 -13.75091 -0.005271763 0.9992728 -0.03776393 115.5672 -0.6710247 0.02446456 0.7410312 -17.61807 0 0 0 1
242 1 0.7414162 0.02924707 0.6704078 -14.28364 -0.005271763 0.9992728 -0.03776393 115.5672 -0.6710247 0.02446456 0.7410312 -17.61807 0 0 0 1
243 0 0.7124664 0.02687545 0.7011914 -14.85317 -0.005203552 0.9994411 -0.03301963 115.4766 -0.7016869 0.01987669 0.7122081 -18.25733 0 0 0 1
243 1 0.7124664 0.02687545 0.7011914 -15.38589 -0.005203552 0.9994411 -0.03301963 115.4766 -0.7016869 0.01987669 0.7122081 -18.25733 0 0 0 1
244 0 0.6855747 0.03121176 0.7273329 -15.10458 -0.009498226 0.999379 -0.03393306 115.5 -0.7279403 0.01635527 0.6854454 -18.76184 0 0 0 1
244 1 0.6855747 0.03121176 0.7273329 -15.63731 -0.009498226 0.999379 -0.03393306 115.5 -0.7279403 0.01635527 0.6854454 -18.76184 0 0 0 1
245 0 0.6557344 0.0300588 0.7543931 -16.04285 -0.007911209 0.9994258 -0.03294554 115.495 -0.7549503 0.01563536 0.6555957 -18.95958 0 0 0 1
245 1 0.6557344 0.0300588 0.7543931 -16.57557 -0.007911209 0.9994258 -0.03294554 115.495 -0.7549503 0.01563536 0.6555957 -18.95958 0 0 0 1
246 0 0.6301491 0.03207236 0.7758115 -16.48296 -0.007736237 0.9993563 -0.03503007 115.5594 -0.7764356 0.01607231 0.6299917 -19.06214 0 0 0 1
246 1 0.6301491 0.03207236 0.7758115 -17.01569 -0.007736237 0.9993563 -0.03503007 115.5594 -0.7764356 0.01607231 0.6299917 -19.06214 0 0 0 1
247 0 0.6036808 0.03288086 0.7965478 -17.0712 -0.008720487 0.9993617 -0.03464385 115.5566 -0.7971784 0.01396755 0.6035823 -19.4368 0 0 0 1
247 1 0.6036808 0.03288086 0.7965478 -17.60393 -0.008720487 0.9993617 -0.03464385 115.5566 -0.7971784 0.01396755 0.6035823 -19.4368 0 0 0 1
248 0 0.5753642 0.03268941 0.8172438 -17.80936 -0.01032791 0.9994117 -0.0327049 115.5079 -0.8178321 0.01037681 0.5753634 -20.01823 0 0 0 1
248 1 0.5753642 0.03268941 0.8172438 -18.34208 -0.01032791 0.9994117 -0.0327049 115.5079 -0.8178321 0.01037681 0.5753634 -20.01823 0 0 0 1
249 0 0.5497769 0.03516703 0.8345709 -18.16319 -0.01402283 0.9993612 -0.03287334 115.494 -0.8351938 0.006369957 0.5499188 -20.63772 0 0 0 1
249 1 0.5497769 0.03516703 0.8345709 -18.69592 -0.01402283 0.9993612 -0.03287334 115.494 -0.8351938 0.006369957 0.5499188 -20.63772 0 0 0 1
250 0 0.5263349 0.03096059 0.8497135 -19.22279 -0.0116636 0.9995057 -0.02919376 115.4165 -0.8501974 0.005454973 0.5264359 -20.95727 0 0 0 1
250 1 0.5263349 0.03096059 0.8497135 -19.75552 -0.0116636 0.9995057 -0.02919376 115.4165 -0.8501974 0.005454973 0.5264359 -20.95727 0 0 0 1
251 0 0.5036958 0.02858776 0.863408 -20.04969 -0.01015555 0.9995792 -0.02717188 115.3767 -0.8638214 0.00491798 0.5037742 -21.34175 0 0 0 1
251 1 0.5036958 0.02858776 0.863408 -20.58241 -0.01015555 0.9995792 -0.02717188 115.3767 -0.8638214 0.00491798 0.5037742 -21.34175 0 0 0 1
252 0 0.4858148 0.02541304 0.8736923 -20.85311 -0.008657059 0.9996681 -0.02426355 115.3103 -0.8740189 0.004223987 0.4858736 -21.78921 0 0 0 1
252 1 0.4858148 0.02541304 0.8736923 -21.38583 -0.008657059 0.9996681 -0.02426355 115.3102 -0.8740189 0.004223987 0.4858736 -21.78921 0 0 0 1
253 0 0.4714149 0.02165714 0.8816456 -21.63847 -0.006678291 0.9997574 -0.02098761 115.2358 -0.8818863 0.00400599 0.4714452 -22.2786 0 0 0 1
253 1 0.4714149 0.02165714 0.8816456 -22.17119 -0.006678291 0.9997574 -0.02098761 115.2358 -0.8818863 0.00400599 0.4714452 -22.2786 0 0 0 1
254 0 0.4583294 0.01897865 0.8885797 -22.26906 -0.004526574 0.9998088 -0.01901952 115.2016 -0.8887708 0.004694983 0.4583277 -22.78859 0 0 0 1
254 1 0.4583294 0.01897865 0.8885797 -22.80179 -0.004526574 0.9998088 -0.01901952 115.2017 -0.8887708 0.004694983 0.4583277 -22.78859 0 0 0 1
255 0 0.4489499 0.01619712 0.8934101 -22.82751 -0.00315825 0.9998582 -0.01653992 115.1438 -0.8935513 0.004603983 0.4489375 -23.40755 0 0 0 1
255 1 0.4489499 0.01619712 0.8934101 -23.36023 -0.00315825 0.9998582 -0.01653992 115.1438 -0.8935513 0.004603983 0.4489375 -23.40755 0 0 0 1
256 0 0.442054 0.01402943 0.8968787 -23.25497 -0.002641923 0.9998937 -0.01433869 115.0847 -0.8969846 0.003968989 0.442044 -24.24766 0 0 0 1
256 1 0.442054 0.01402943 0.8968787 -23.7877 -0.002641923 0.9998937 -0.01433869 115.0847 -0.8969846 0.003968989 0.442044 -24.24766 0 0 0 1
257 0 0.4386237 0.01294659 0.8985776 -23.47097 -0.003152815 0.9999123 -0.01286762 115.0347 -0.8986654 0.002810996 0.4386261 -25.16136 0 0 0 1
257 1 0.4386237 0.01294659 0.8985776 -24.00369 -0.003152815 0.9999123 -0.01286762 115.0347 -0.8986654 0.002810996 0.4386261 -25.16136 0 0 0 1
258 0 0.4369926 0.01096078 0.8993983 -23.74099 -0.004184699 0.9999397 -0.01015283 114.9348 -0.8994554 0.0006729998 0.4370121 -26.23898 0 0 0 1
258 1 0.4369926 0.01096078 0.8993983 -24.27372 -0.004184699 0.9999397 -0.01015283 114.9348 -0.8994554 0.0006729998 0.4370121 -26.23898 0 0 0 1
259 0 0.4368284 0.00868789 0.899503 -24.00303 -0.003175455 0.999962 -0.008116073 114.8816 -0.8995394 0.0006890001 0.4368394 -27.20545 0 0 0 1
259 1 0.4368284 0.00868789 0.899503 -24.53576 -0.003175455 0.999962 -0.008116073 114.8816 -0.8995394 0.0006890001 0.4368394 -27.20545 0 0 0 1
260 0 0.4372088 0.007967886 0.8993248 -24.07226 -0.0009897444 0.9999644 -0.008378372 114.9232 -0.8993596 0.002772997 0.4372011 -27.86773 0 0 0 1
260 1 0.4372088 0.007967886 0.8993248 -24.60498 -0.0009897444 0.9999644 -0.008378372 114.9232 -0.8993596 0.002772997 0.4372011 -27.86773 0 0 0 1
261 0 0.4382678 0.008519692 0.8988041 -23.97565 0.002484376 0.9999398 -0.01068976 115.0571 -0.898841 0.006917945 0.4382202 -28.31765 0 0 0 1
261 1 0.4382678 0.008519692 0.8988041 -24.50837 0.002484376 0.9999398 -0.01068976 115.0571 -0.898841 0.006917945 0.4382202 -28.31765 0 0 0 1
262 0 0.4392428 0.01160939 0.8982934 -23.59128 0.001876589 0.9999025 -0.01384017 115.1621 -0.8983665 0.007764922 0.4391782 -29.23497 0 0 0 1
262 1 0.4392428 0.01160939 0.8982934 -24.124 0.001876589 0.9999025 -0.01384017 115.1621 -0.8983665 0.007764922 0.4391782 -29.23497 0 0 0 1
263 0 0.4403685 0.01468805 0.897697 -23.20353 0.0002995655 0.9998637 -0.01650665 115.2341 -0.8978171 0.00753793 0.440304 -30.19479 0 0 0 1
263 1 0.4403685 0.01468805 0.897697 -23.73626 0.0002995655 0.9998637 -0.01650665 115.2341 -0.8978171 0.00753793 0.440304 -30.19479 0 0 0 1
264 0 0.4413351 0.01628469 0.8971946 -22.98906 0.0004744884 0.999831 -0.01838101 115.3094 -0.8973423 0.008537896 0.4412528 -31.10469 0 0 0 1
264 1 0.4413351 0.01628469 0.8971946 -23.52178 0.0004744884 0.999831 -0.01838101 115.3094 -0.8973423 0.008537896 0.4412528 -31.10469 0 0 0 1
265 0 0.4423856 0.01738711 0.8966565 -22.82735 0.001961815 0.9997909 -0.02035491 115.4132 -0.8968229 0.01076379 0.442259 -31.79004 0 0 0 1
265 1 0.4423856 0.01738711 0.8966565 -23.36008 0.001961815 0.9997909 -0.02035491 115.4132 -0.8968229 0.01076379 0.442259 -31.79004 0 0 0 1
266 0 0.4433062 0.01744724 0.8962005 -22.78931 0.005400735 0.9997404 -0.02213444 115.5507 -0.896354 0.01465248 0.4430969 -32.28482 0 0 0 1
266 1 0.4433062 0.01744724 0.8962005 -23.32204 0.005400735 0.9997404 -0.02213444 115.5507 -0.896354 0.01465248 0.4430969 -32.28482 0 0 0 1
267 0 0.4444982 0.01617351 0.8956337 -22.88974 0.01460283 0.9995733 -0.02529777 115.8533 -0.8956606 0.0243236 0.4440724 -32.21766 0 0 0 1
267 1 0.4444982 0.01617351 0.8956337 -23.42247 0.01460283 0.9995733 -0.02529777 115.8533 -0.8956606 0.0243236 0.4440724 -32.21766 0 0 0 1
268 0 0.4456369 0.01943476 0.8950028 -22.47387 0.02007212 0.9992961 -0.0316937 116.2042 -0.8949888 0.03208849 0.4449331 -32.27312 0 0 0 1
268 1 0.4456369 0.01943476 0.8950028 -23.0066 0.02007212 0.9992961 -0.0316937 116.2042 -0.8949888 0.03208849 0.4449331 -32.27312 0 0 0 1
269 0 0.4457734 0.01880562 0.8949484 -22.54203 0.01816524 0.9993834 -0.03004823 116.1383 -0.8949616 0.02965165 0.4451569 -33.47963 0 0 0 1
269 1 0.4457734 0.01880562 0.8949484 -23.07476 0.01816524 0.9993834 -0.03004823 116.1383 -0.8949616 0.02965165 0.4451569 -33.47963 0 0 0 1
