frame cameraID r1,1 r1,2 r1,3 t1 r2,1 r2,2 r2,3 t2 r3,1 r3,2 r3,3 t3 0 0 0 1
0 0 0.1584936 0.0248937 0.9870462 2.019202 0.003596066 0.9996609 -0.02578929 114.6378 -0.9873535 0.007636924 0.1583504 0.1045204 0 0 0 1
0 1 0.1584936 0.0248937 0.9870462 1.486477 0.003596066 0.9996609 -0.02578929 114.6378 -0.9873535 0.007636924 0.1583504 0.1045205 0 0 0 1
1 0 0.1627426 0.02444901 0.9863656 1.375174 0.002657229 0.9996784 -0.02521742 114.6602 -0.986665 0.006724949 0.1626253 -1.033729 0 0 0 1
1 1 0.1627426 0.02444901 0.9863656 0.8424486 0.002657229 0.9996784 -0.02521742 114.6602 -0.986665 0.006724949 0.1626253 -1.033729 0 0 0 1
2 0 0.1668963 0.02587269 0.9856349 0.9488291 0.001323135 0.9996489 -0.0264646 114.6782 -0.9859736 0.00572097 0.1668035 -2.182699 0 0 0 1
2 1 0.1668963 0.02587269 0.9856349 0.4161042 0.001323135 0.9996489 -0.0264646 114.6782 -0.9859736 0.00572097 0.1668035 -2.182699 0 0 0 1
3 0 0.171065 0.02692048 0.984892 0.4155136 -0.0001764894 0.9996275 -0.0272926 114.6971 -0.9852598 0.004494987 0.171006 -3.453206 0 0 0 1
3 1 0.171065 0.02692048 0.984892 -0.1172115 -0.0001764894 0.9996275 -0.0272926 114.6971 -0.9852598 0.004494987 0.171006 -3.453206 0 0 0 1
4 0 0.1751826 0.02790507 0.9841405 -0.06773859 -0.0002987161 0.9995997 -0.02829025 114.7186 -0.984536 0.004661981 0.1751208 -4.463375 0 0 0 1
4 1 0.1751826 0.02790507 0.9841405 -0.6004634 -0.0002987161 0.9995997 -0.02829025 114.7186 -0.984536 0.004661981 0.1751208 -4.463375 0 0 0 1
5 0 0.1789882 0.02733008 0.9834716 -0.7297814 0.001161306 0.9996075 -0.02798984 114.7477 -0.9838505 0.006151961 0.1788862 -5.321665 0 0 0 1
5 1 0.1789882 0.02733008 0.9834716 -1.262506 0.001161306 0.9996075 -0.02798984 114.7477 -0.9838505 0.006151961 0.1788862 -5.321664 0 0 0 1
6 0 0.1835216 0.02522051 0.9826922 -1.611884 0.003274969 0.9996496 -0.02626733 114.7811 -0.9830104 0.008038913 0.1833747 -6.246812 0 0 0 1
6 1 0.1835216 0.02522051 0.9826922 -2.144609 0.003274969 0.9996496 -0.02626733 114.7811 -0.9830104 0.008038913 0.1833747 -6.246812 0 0 0 1
7 0 0.187509 0.02243927 0.9820066 -2.516251 0.004338206 0.9997104 -0.02367217 114.8025 -0.9822534 0.008698892 0.1873573 -7.213089 0 0 0 1
7 1 0.187509 0.02243927 0.9820066 -3.048976 0.004338206 0.9997104 -0.02367217 114.8025 -0.9822534 0.008698892 0.1873573 -7.21309 0 0 0 1
8 0 0.191138 0.02068593 0.9813451 -3.293835 0.00347533 0.9997574 -0.02175094 114.8095 -0.981557 0.007567927 0.1910197 -8.38585 0 0 0 1
8 1 0.191138 0.02068593 0.9813451 -3.82656 0.00347533 0.9997574 -0.02175094 114.8095 -0.981557 0.007567927 0.1910197 -8.385851 0 0 0 1
9 0 0.1945829 0.01808165 0.9807194 -4.228855 0.002673398 0.9998166 -0.01896418 114.8086 -0.9808825 0.006311957 0.1944989 -9.677109 0 0 0 1
9 1 0.1945829 0.01808165 0.9807194 -4.76158 0.002673398 0.9998166 -0.01896418 114.8086 -0.9808825 0.006311957 0.1944989 -9.677108 0 0 0 1
10 0 0.1969674 0.01984856 0.9802092 -4.610229 -0.0002202904 0.9997959 -0.02020091 114.8064 -0.9804101 0.00376299 0.1969315 -11.00772 0 0 0 1
10 1 0.1969674 0.01984856 0.9802092 -5.142953 -0.0002202904 0.9997959 -0.02020091 114.8064 -0.9804101 0.00376299 0.1969315 -11.00772 0 0 0 1
11 0 0.1992981 0.02073652 0.9797195 -5.151946 -0.004196364 0.9997849 -0.02030758 114.7807 -0.9799299 -6.399956E-05 0.1993423 -12.58747 0 0 0 1
11 1 0.1992981 0.02073652 0.9797195 -5.68467 -0.004196364 0.9997849 -0.02030758 114.7807 -0.9799299 -6.399956E-05 0.1993423 -12.58747 0 0 0 1
12 0 0.2018242 0.02426862 0.9791211 -5.325507 -0.004683909 0.9997054 -0.02381334 114.816 -0.9794106 0.0002199998 0.2018785 -13.59723 0 0 0 1
12 1 0.2018242 0.02426862 0.9791211 -5.858232 -0.004683909 0.9997054 -0.02381334 114.816 -0.9794106 0.0002199998 0.2018785 -13.59723 0 0 0 1
13 0 0.2038108 0.02669778 0.9786462 -5.629196 -0.003518814 0.9996416 -0.02653772 114.8698 -0.979004 0.001964998 0.2038317 -14.43757 0 0 0 1
13 1 0.2038108 0.02669778 0.9786462 -6.161921 -0.003518814 0.9996416 -0.02653772 114.8698 -0.979004 0.001964998 0.2038317 -14.43757 0 0 0 1
14 0 0.2065883 0.02955434 0.9779815 -5.932622 -0.001317774 0.9995512 -0.02992781 114.9516 -0.9784271 0.004893979 0.2065346 -15.25282 0 0 0 1
14 1 0.2065883 0.02955434 0.9779815 -6.465347 -0.001317774 0.9995512 -0.02992781 114.9516 -0.9784271 0.004893979 0.2065346 -15.25282 0 0 0 1
15 0 0.2097971 0.0290623 0.977313 -6.542668 0.0002190955 0.9995567 -0.0297708 114.9953 -0.977745 0.006459955 0.2096978 -16.12849 0 0 0 1
15 1 0.2097971 0.0290623 0.977313 -7.075394 0.0002190955 0.9995567 -0.0297708 114.9953 -0.977745 0.006459955 0.2096978 -16.12849 0 0 0 1
16 0 0.213671 0.03087944 0.9764175 -6.87361 -0.0002727574 0.9995021 -0.03154981 115.0308 -0.9769057 0.006474953 0.213573 -17.18779 0 0 0 1
16 1 0.213671 0.03087944 0.9764175 -7.406334 -0.0002727574 0.9995021 -0.03154981 115.0308 -0.9769057 0.006474953 0.213573 -17.18779 0 0 0 1
17 0 0.2174007 0.03035598 0.9756103 -7.46717 -0.001847764 0.9995273 -0.0306884 115.0208 -0.9760807 0.004868981 0.217354 -18.43426 0 0 0 1
17 1 0.2174007 0.03035598 0.9756103 -7.999894 -0.001847764 0.9995273 -0.0306884 115.0208 -0.9760807 0.004868981 0.217354 -18.43426 0 0 0 1
18 0 0.2215861 0.03049793 0.9746639 -8.032497 -0.002147532 0.9995236 -0.03078758 115.0426 -0.9751385 0.004728982 0.2215461 -19.62167 0 0 0 1
18 1 0.2215861 0.03049793 0.9746639 -8.565222 -0.002147532 0.9995236 -0.03078758 115.0426 -0.9751385 0.004728982 0.2215461 -19.62167 0 0 0 1
19 0 0.2252384 0.03166999 0.9737888 -8.425944 -0.0006116806 0.999476 -0.03236392 115.1141 -0.9743034 0.006693948 0.2251397 -20.46093 0 0 0 1
19 1 0.2252384 0.03166999 0.9737888 -8.958668 -0.0006116806 0.999476 -0.03236392 115.1141 -0.9743034 0.006693948 0.2251397 -20.46093 0 0 0 1
20 0 0.2293987 0.03162929 0.9728184 -9.003172 0.002010372 0.9994543 -0.03296937 115.2005 -0.9733304 0.009518855 0.2292099 -21.31134 0 0 0 1
20 1 0.2293987 0.03162929 0.9728184 -9.535896 0.002010372 0.9994543 -0.03296937 115.2005 -0.9733304 0.009518855 0.2292099 -21.31134 0 0 0 1
21 0 0.2324551 0.03262788 0.9720597 -9.416748 0.001200635 0.9994268 -0.03383359 115.2259 -0.9726064 0.009031878 0.2322826 -22.42677 0 0 0 1
21 1 0.2324551 0.03262788 0.9720597 -9.949475 0.001200635 0.9994268 -0.03383359 115.2259 -0.9726064 0.009031878 0.2322826 -22.42677 0 0 0 1
22 0 0.234695 0.03364786 0.9714866 -9.84304 -0.001228398 0.9994102 -0.03431824 115.212 -0.9720683 0.006860948 0.2345979 -23.72941 0 0 0 1
22 1 0.234695 0.03364786 0.9714866 -10.37576 -0.001228398 0.9994102 -0.03431824 115.212 -0.9720683 0.006860948 0.2345979 -23.72941 0 0 0 1
23 0 0.2362342 0.0335402 0.9711173 -10.47345 -0.002542634 0.999422 -0.03389926 115.2065 -0.9716929 0.005538973 0.236183 -25.03157 0 0 0 1
23 1 0.2362342 0.0335402 0.9711173 -11.00618 -0.002542634 0.999422 -0.03389926 115.2065 -0.9716929 0.005538973 0.236183 -25.03157 0 0 0 1
24 0 0.2370394 0.0330435 0.970938 -11.10598 -0.002564682 0.9994392 -0.03338735 115.223 -0.9714967 0.005423972 0.2369912 -26.07921 0 0 0 1
24 1 0.2370394 0.0330435 0.970938 -11.63871 -0.002564682 0.9994392 -0.03338735 115.2231 -0.9714967 0.005423972 0.2369912 -26.07921 0 0 0 1
25 0 0.2378293 0.03074202 0.9708204 -11.93792 -0.004355839 0.9995227 -0.03058382 115.1553 -0.9712973 0.003044994 0.2378497 -27.38683 0 0 0 1
25 1 0.2378293 0.03074202 0.9708204 -12.47064 -0.004355839 0.9995227 -0.03058382 115.1553 -0.9712973 0.003044994 0.2378497 -27.38683 0 0 0 1
26 0 0.2390481 0.02986156 0.9705485 -12.64053 -0.007341647 0.999554 -0.02894573 115.0728 -0.97098 -0.0002060002 0.2391607 -28.89691 0 0 0 1
26 1 0.2390481 0.02986156 0.9705485 -13.17325 -0.007341647 0.999554 -0.02894573 115.0728 -0.97098 -0.0002060002 0.2391607 -28.89691 0 0 0 1
27 0 0.2402482 0.03226538 0.9701751 -12.90643 -0.006732104 0.9994788 -0.03157285 115.1579 -0.9706882 0.001053998 0.2403402 -29.78714 0 0 0 1
27 1 0.2402482 0.03226538 0.9701751 -13.43915 -0.006732104 0.9994788 -0.03157285 115.1578 -0.9706882 0.001053998 0.2403402 -29.78714 0 0 0 1
28 0 0.2409068 0.03207111 0.9700183 -13.49208 -0.002909919 0.9994733 -0.03232228 115.2942 -0.970544 0.00496398 0.2408732 -30.36328 0 0 0 1
28 1 0.2409068 0.03207111 0.9700183 -14.0248 -0.002909919 0.9994733 -0.03232228 115.2942 -0.970544 0.00496398 0.2408732 -30.36328 0 0 0 1
29 0 0.2417864 0.03467471 0.9697098 -13.80601 0.0001433659 0.99936 -0.03577068 115.4755 -0.9703295 0.008787887 0.2416267 -31.04923 0 0 0 1
29 1 0.2417864 0.03467471 0.9697098 -14.33873 0.0001433659 0.99936 -0.03577068 115.4755 -0.9703295 0.008787887 0.2416267 -31.04923 0 0 0 1
30 0 0.242925 0.0370878 0.9693359 -14.07352 0.0002709236 0.9992662 -0.03830086 115.5628 -0.970045 0.009566855 0.2427367 -31.9855 0 0 0 1
30 1 0.242925 0.0370878 0.9693359 -14.60625 0.0002709236 0.9992662 -0.03830086 115.5628 -0.970045 0.009566855 0.2427367 -31.9855 0 0 0 1
31 0 0.2445553 0.03548798 0.9689858 -14.7809 0.0004320741 0.9993259 -0.0367082 115.5629 -0.9696354 0.009395861 0.2443751 -33.0408 0 0 0 1
31 1 0.2445553 0.03548798 0.9689858 -15.31363 0.0004320741 0.9993259 -0.0367082 115.5629 -0.9696354 0.009395861 0.2443751 -33.0408 0 0 0 1
32 0 0.2456185 0.03305257 0.9688029 -15.65721 0.0008399561 0.9994109 -0.03430977 115.5514 -0.9693662 0.009240867 0.2454461 -34.18151 0 0 0 1
32 1 0.2456185 0.03305257 0.9688029 -16.18994 0.0008399561 0.9994109 -0.03430977 115.5514 -0.9693662 0.009240867 0.2454461 -34.18151 0 0 0 1
33 0 0.2465312 0.0329999 0.9685729 -16.20655 -0.0001965575 0.9994218 -0.03400091 115.541 -0.9691349 0.00819191 0.2463952 -35.31873 0 0 0 1
33 1 0.2465312 0.0329999 0.9685729 -16.73927 -0.0001965575 0.9994218 -0.03400091 115.541 -0.9691349 0.00819191 0.2463952 -35.31873 0 0 0 1
34 0 0.2479355 0.03183777 0.9682533 -16.8605 -0.0007795021 0.9994661 -0.03266449 115.5161 -0.9687763 0.007343935 0.2478279 -36.44093 0 0 0 1
34 1 0.2479355 0.03183777 0.9682533 -17.39323 -0.0007795021 0.9994661 -0.03266449 115.5161 -0.9687763 0.007343935 0.2478279 -36.44093 0 0 0 1
35 0 0.2498989 0.03072307 0.9677844 -17.5395 0.000486955 0.9994923 -0.03185541 115.5634 -0.9682719 0.008431901 0.2497571 -37.45557 0 0 0 1
35 1 0.2498989 0.03072307 0.9677844 -18.07223 0.000486955 0.9994923 -0.03185541 115.5633 -0.9682719 0.008431901 0.2497571 -37.45557 0 0 0 1
36 0 0.252274 0.02906433 0.9672193 -18.19777 0.002724781 0.9995235 -0.03074575 115.6317 -0.967652 0.01039182 0.2520746 -38.27081 0 0 0 1
36 1 0.252274 0.02906433 0.9672193 -18.73049 0.002724781 0.9995235 -0.03074575 115.6317 -0.967652 0.01039182 0.2520746 -38.27081 0 0 0 1
37 0 0.2550613 0.02909933 0.9664869 -18.65011 0.002581743 0.999523 -0.03077533 115.6547 -0.9669214 0.01034481 0.2548645 -39.32654 0 0 0 1
37 1 0.2550613 0.02909933 0.9664869 -19.18284 0.002581743 0.999523 -0.03077533 115.6547 -0.9669214 0.01034481 0.2548645 -39.32655 0 0 0 1
38 0 0.2583078 0.02888383 0.9656308 -19.17757 0.001178028 0.9995428 -0.03021333 115.6203 -0.966062 0.00894188 0.2581556 -40.65237 0 0 0 1
38 1 0.2583078 0.02888383 0.9656308 -19.71029 0.001178028 0.9995428 -0.03021333 115.6203 -0.966062 0.00894188 0.2581556 -40.65237 0 0 0 1
39 0 0.2614735 0.02856198 0.9647881 -19.65564 0.001138006 0.9995522 -0.02989958 115.6351 -0.9652101 0.008915883 0.2613239 -41.71541 0 0 0 1
39 1 0.2614735 0.02856198 0.9647881 -20.18836 0.001138006 0.9995522 -0.02989958 115.6351 -0.9652101 0.008915883 0.2613239 -41.71541 0 0 0 1
40 0 0.2646157 0.02742917 0.9639639 -20.28118 0.002447915 0.9995731 -0.02911439 115.6858 -0.9643509 0.01006383 0.2644355 -42.74178 0 0 0 1
40 1 0.2646157 0.02742917 0.9639639 -20.81391 0.002447915 0.9995731 -0.02911439 115.6858 -0.9643509 0.01006383 0.2644355 -42.74177 0 0 0 1
41 0 0.267788 0.02741621 0.9630879 -20.71142 0.002236965 0.9995747 -0.02907688 115.7026 -0.9634754 0.009940838 0.2676128 -43.81386 0 0 0 1
41 1 0.267788 0.02741621 0.9630879 -21.24415 0.002236965 0.9995747 -0.02907688 115.7026 -0.9634754 0.009940838 0.2676128 -43.81386 0 0 0 1
42 0 0.2709303 0.02607097 0.9622459 -21.29008 0.001716966 0.9996185 -0.02756697 115.6593 -0.9625975 0.009120874 0.2707822 -44.96396 0 0 0 1
42 1 0.2709303 0.02607097 0.9622459 -21.82281 0.001716966 0.9996185 -0.02756697 115.6593 -0.9625975 0.009120874 0.2707822 -44.96396 0 0 0 1
43 0 0.2743068 0.02636593 0.9612808 -21.72313 0.00121314 0.9996138 -0.0277635 115.6728 -0.9616416 0.008781887 0.2741689 -46.15864 0 0 0 1
43 1 0.2743068 0.02636593 0.9612808 -22.25585 0.00121314 0.9996138 -0.0277635 115.6728 -0.9616416 0.008781887 0.2741689 -46.15864 0 0 0 1
44 0 0.2773835 0.02700475 0.9603797 -22.06876 0.0006413525 0.9995995 -0.0282928 115.6922 -0.960759 0.008463898 0.2772551 -47.24434 0 0 0 1
44 1 0.2773835 0.02700475 0.9603797 -22.60149 0.0006413525 0.9995995 -0.0282928 115.6922 -0.960759 0.008463898 0.2772551 -47.24433 0 0 0 1
45 0 0.2803346 0.02751692 0.9595079 -22.42385 -0.001304294 0.999599 -0.02828559 115.6372 -0.9599015 0.006677949 0.2802581 -48.4901 0 0 0 1
45 1 0.2803346 0.02751692 0.9595079 -22.95657 -0.001304294 0.999599 -0.02828559 115.6372 -0.9599015 0.006677949 0.2802581 -48.4901 0 0 0 1
46 0 0.283664 0.0277402 0.9585224 -22.84159 -0.003848731 0.9996064 -0.0277902 115.5385 -0.958916 0.004193987 0.2836592 -49.92292 0 0 0 1
46 1 0.283664 0.0277402 0.9585224 -23.37432 -0.003848731 0.9996064 -0.0277902 115.5385 -0.958916 0.004193987 0.2836592 -49.92292 0 0 0 1
47 0 0.2869446 0.02740536 0.9575552 -23.2588 -0.004168745 0.999617 -0.02735996 115.5285 -0.9579382 0.00385899 0.2869489 -51.01641 0 0 0 1
47 1 0.2869446 0.02740536 0.9575552 -23.79152 -0.004168745 0.999617 -0.02735996 115.5285 -0.9579382 0.00385899 0.2869489 -51.01641 0 0 0 1
48 0 0.2903922 0.0259987 0.9565544 -23.78829 -0.002418814 0.9996476 -0.02643564 115.5875 -0.9569046 0.005362975 0.2903528 -51.89801 0 0 0 1
48 1 0.2903922 0.0259987 0.9565544 -24.32102 -0.002418814 0.9996476 -0.02643564 115.5875 -0.9569046 0.005362975 0.2903528 -51.89801 0 0 0 1
49 0 0.2946552 0.02644558 0.9552377 -24.10962 -0.003024051 0.9996378 -0.02674199 115.5945 -0.9555989 0.00499098 0.2946284 -53.10945 0 0 0 1
49 1 0.2946552 0.02644558 0.9552377 -24.64234 -0.003024051 0.9996378 -0.02674199 115.5945 -0.9555989 0.00499098 0.2946284 -53.10945 0 0 0 1
50 0 0.2984185 0.02577474 0.9540871 -24.52656 -0.00233909 0.999652 -0.02627407 115.6258 -0.9544323 0.005608973 0.298375 -54.09989 0 0 0 1
50 1 0.2984185 0.02577474 0.9540871 -25.05929 -0.00233909 0.999652 -0.02627407 115.6258 -0.9544323 0.005608973 0.298375 -54.09989 0 0 0 1
51 0 0.3026862 0.0250917 0.95276 -24.90804 -0.000640492 0.9996585 -0.02612333 115.7157 -0.9530901 0.007296935 0.3025988 -54.98188 0 0 0 1
51 1 0.3026862 0.0250917 0.95276 -25.44077 -0.000640492 0.9996585 -0.02612333 115.7157 -0.9530901 0.007296935 0.3025988 -54.98188 0 0 0 1
52 0 0.3077235 0.02557158 0.9511322 -25.15571 -0.001171061 0.9996482 -0.02649708 115.7296 -0.9514752 0.007039943 0.3076452 -56.19388 0 0 0 1
52 1 0.3077235 0.02557158 0.9511322 -25.68843 -0.001171061 0.9996482 -0.02649708 115.7296 -0.9514752 0.007039943 0.3076452 -56.19388 0 0 0 1
53 0 0.3127064 0.02430701 0.9495388 -25.544 -0.00092577 0.9996799 -0.02528568 115.7106 -0.9498495 0.007027943 0.3126288 -57.28794 0 0 0 1
53 1 0.3127064 0.02430701 0.9495388 -26.07673 -0.00092577 0.9996799 -0.02528568 115.7106 -0.9498495 0.007027943 0.3126288 -57.28794 0 0 0 1
54 0 0.3180106 0.02484268 0.9477616 -25.69665 -0.0004769526 0.9996607 -0.02604302 115.7841 -0.948087 0.007829919 0.3179145 -58.29919 0 0 0 1
54 1 0.3180106 0.02484268 0.9477616 -26.22938 -0.0004769526 0.9996607 -0.02604302 115.7841 -0.948087 0.007829919 0.3179145 -58.29919 0 0 0 1
55 0 0.3234322 0.02560839 0.9459047 -25.87819 -0.0007848488 0.9996406 -0.02679482 115.8257 -0.946251 0.007923917 0.3233361 -59.48663 0 0 0 1
55 1 0.3234322 0.02560839 0.9459047 -26.41091 -0.0007848488 0.9996406 -0.02679482 115.8257 -0.946251 0.007923917 0.3233361 -59.48663 0 0 0 1
56 0 0.3283061 0.02586319 0.9442173 -26.09033 -0.0005115923 0.9996298 -0.02720313 115.8789 -0.9445713 0.008447901 0.3281978 -60.51231 0 0 0 1
56 1 0.3283061 0.02586319 0.9442173 -26.62305 -0.0005115923 0.9996298 -0.02720313 115.8789 -0.9445713 0.008447901 0.3281978 -60.51231 0 0 0 1
57 0 0.3332872 0.02537829 0.9424838 -26.38392 -0.0001559062 0.9996392 -0.02686218 115.9036 -0.9428254 0.008805885 0.3331709 -61.56673 0 0 0 1
57 1 0.3332872 0.02537829 0.9424838 -26.91664 -0.0001559062 0.9996392 -0.02686218 115.9036 -0.9428254 0.008805885 0.3331709 -61.56673 0 0 0 1
58 0 0.339074 0.02748897 0.9403581 -26.36926 -0.003267447 0.9996014 -0.02804262 115.8268 -0.9407541 0.006435954 0.3390286 -63.04937 0 0 0 1
58 1 0.339074 0.02748897 0.9403581 -26.90199 -0.003267447 0.9996014 -0.02804262 115.8268 -0.9407541 0.006435954 0.3390286 -63.04937 0 0 0 1
59 0 0.3442925 0.02512988 0.9385261 -26.83603 -0.00284806 0.9996651 -0.02572213 115.7599 -0.9388581 0.006182961 0.3442488 -64.17115 0 0 0 1
59 1 0.3442925 0.02512988 0.9385261 -27.36876 -0.00284806 0.9996651 -0.02572213 115.7599 -0.9388581 0.006182961 0.3442488 -64.17115 0 0 0 1
60 0 0.3500362 0.02457572 0.9364138 -27.10104 -0.001014319 0.9996651 -0.02585656 115.8825 -0.9367356 0.00810091 0.3499439 -65.1419 0 0 0 1
60 1 0.3500362 0.02457572 0.9364138 -27.63377 -0.001014319 0.9996651 -0.02585656 115.8825 -0.9367356 0.00810091 0.3499439 -65.1419 0 0 0 1
61 0 0.3550598 0.02338472 0.9345511 -27.42243 0.0009465152 0.9996776 -0.02537395 115.9817 -0.9348431 0.009893837 0.3549232 -66.00525 0 0 0 1
61 1 0.3550598 0.02338472 0.9345511 -27.95516 0.0009465152 0.9996776 -0.02537395 115.9817 -0.9348431 0.009893837 0.3549232 -66.00526 0 0 0 1
62 0 0.3603561 0.02270658 0.9325384 -27.65653 0.002434435 0.9996774 -0.02528208 116.0769 -0.9328117 0.01138076 0.3601846 -66.91013 0 0 0 1
62 1 0.3603561 0.02270658 0.9325384 -28.18926 0.002434435 0.9996774 -0.02528208 116.0769 -0.9328117 0.01138076 0.3601846 -66.91013 0 0 0 1
63 0 0.3652687 0.02394695 0.9305941 -27.73946 0.002542577 0.9996397 -0.02672169 116.1804 -0.9308987 0.0121267 0.3650762 -67.96773 0 0 0 1
63 1 0.3652687 0.02394695 0.9305941 -28.27219 0.002542577 0.9996397 -0.02672169 116.1804 -0.9308987 0.0121267 0.3650762 -67.96773 0 0 0 1
64 0 0.3688893 0.02517558 0.9291324 -27.8511 0.00171463 0.999613 -0.02776606 116.2128 -0.9294718 0.01183572 0.3687034 -69.00222 0 0 0 1
64 1 0.3688893 0.02517558 0.9291324 -28.38383 0.00171463 0.999613 -0.02776606 116.2128 -0.9294718 0.01183572 0.3687034 -69.00222 0 0 0 1
65 0 0.3720922 0.02718536 0.9277977 -27.95488 -0.00108286 0.9995831 -0.02885447 116.1426 -0.9281952 0.009731846 0.3719665 -70.3049 0 0 0 1
65 1 0.3720922 0.02718536 0.9277977 -28.48761 -0.00108286 0.9995831 -0.02885447 116.1426 -0.9281952 0.009731846 0.3719665 -70.3049 0 0 0 1
66 0 0.3749612 0.02964759 0.9265664 -27.96076 -0.003265432 0.9995245 -0.03066061 116.139 -0.9270349 0.008470899 0.3748797 -71.39743 0 0 0 1
66 1 0.3749612 0.02964759 0.9265664 -28.49349 -0.003265432 0.9995245 -0.03066061 116.139 -0.9270349 0.008470899 0.3748797 -71.39743 0 0 0 1
67 0 0.377834 0.03043777 0.9253728 -28.15105 -0.002251361 0.9994867 -0.03195632 116.2875 -0.9258705 0.009990832 0.3777086 -72.15759 0 0 0 1
67 1 0.377834 0.03043777 0.9253728 -28.68378 -0.002251361 0.9994867 -0.03195632 116.2875 -0.9258705 0.009990832 0.3777086 -72.15759 0 0 0 1
68 0 0.3805469 0.03118836 0.9242356 -28.34148 2.718344E-05 0.9994307 -0.03373702 116.536 -0.9247617 0.01286364 0.3803294 -72.73965 0 0 0 1
68 1 0.3805469 0.03118836 0.9242356 -28.8742 2.718344E-05 0.9994307 -0.03373702 116.536 -0.9247617 0.01286364 0.3803294 -72.73965 0 0 0 1
69 0 0.3827882 0.03114864 0.9233109 -28.69493 0.001570646 0.9994081 -0.034367 116.6864 -0.9238349 0.01460548 0.3825127 -73.50366 0 0 0 1
69 1 0.3827882 0.03114864 0.9233109 -29.22765 0.001570646 0.9994081 -0.034367 116.6864 -0.9238349 0.01460548 0.3825127 -73.50366 0 0 0 1
70 0 0.3846936 0.03208534 0.9224865 -28.89572 0.000593381 0.9993868 -0.03500748 116.6919 -0.9230441 0.01401454 0.3844387 -74.43658 0 0 0 1
70 1 0.3846936 0.03208534 0.9224865 -29.42845 0.000593381 0.9993868 -0.03500748 116.6919 -0.9230441 0.01401454 0.3844387 -74.43658 0 0 0 1
71 0 0.3864224 0.03294338 0.9217334 -29.10787 -0.00101753 0.9993765 -0.03529182 116.6397 -0.9223214 0.01269966 0.386215 -75.43619 0 0 0 1
71 1 0.3864224 0.03294338 0.9217334 -29.64059 -0.00101753 0.9993765 -0.03529182 116.6396 -0.9223214 0.01269966 0.386215 -75.43619 0 0 0 1
72 0 0.3880128 0.03336793 0.9210497 -29.42028 -0.003191834 0.9993871 -0.03486132 116.514 -0.9216484 0.0105868 0.3878815 -76.59607 0 0 0 1
72 1 0.3880128 0.03336793 0.9210497 -29.953 -0.003191834 0.9993871 -0.03486132 116.514 -0.9216484 0.0105868 0.3878815 -76.59607 0 0 0 1
73 0 0.3891659 0.03413415 0.9205351 -29.68024 -0.005499007 0.9993815 -0.03473307 116.3917 -0.9211513 0.008454898 0.3891129 -77.65431 0 0 0 1
73 1 0.3891659 0.03413415 0.9205351 -30.21296 -0.005499007 0.9993815 -0.03473307 116.3917 -0.9211513 0.008454898 0.3891129 -77.65431 0 0 0 1
74 0 0.3904932 0.03578457 0.9199101 -29.86426 -0.007868131 0.9993375 -0.03553436 116.3185 -0.9205722 0.006637952 0.390516 -78.7545 0 0 0 1
74 1 0.3904932 0.03578457 0.9199101 -30.39699 -0.007868131 0.9993375 -0.03553436 116.3185 -0.9205722 0.006637952 0.390516 -78.7545 0 0 0 1
75 0 0.391585 0.03742945 0.9193804 -30.02099 -0.008632747 0.9992778 -0.03700532 116.3792 -0.9201015 0.006553954 0.3916253 -79.56207 0 0 0 1
75 1 0.391585 0.03742945 0.9193804 -30.55371 -0.008632747 0.9992778 -0.03700532 116.3792 -0.9201015 0.006553954 0.3916253 -79.56207 0 0 0 1
76 0 0.3931569 0.03685701 0.9187325 -30.4323 -0.005806088 0.9992759 -0.03760356 116.6131 -0.9194531 0.009449856 0.3930861 -80.11376 0 0 0 1
76 1 0.3931569 0.03685701 0.9187325 -30.96502 -0.005806088 0.9992759 -0.03760356 116.6132 -0.9194531 0.009449856 0.3930861 -80.11376 0 0 0 1
77 0 0.3948332 0.03428258 0.918113 -31.01126 -0.002009979 0.9993334 -0.03645099 116.8017 -0.9187506 0.01254667 0.394639 -80.55586 0 0 0 1
77 1 0.3948332 0.03428258 0.918113 -31.54399 -0.002009979 0.9993334 -0.03645099 116.8017 -0.9187506 0.01254667 0.394639 -80.55586 0 0 0 1
78 0 0.3964547 0.03269992 0.9174718 -31.45867 -1.899526E-05 0.9993657 -0.03561052 116.8975 -0.9180543 0.01410053 0.3962038 -81.17668 0 0 0 1
78 1 0.3964547 0.03269992 0.9174718 -31.9914 -1.899526E-05 0.9993657 -0.03561052 116.8975 -0.9180543 0.01410053 0.3962038 -81.17668 0 0 0 1
79 0 0.3981489 0.03073582 0.9168058 -31.94249 -0.0009129858 0.9994513 -0.03311002 116.7102 -0.9173204 0.01234569 0.3979585 -82.16319 0 0 0 1
79 1 0.3981489 0.03073582 0.9168058 -32.47522 -0.0009129858 0.9994513 -0.03311002 116.7102 -0.9173204 0.01234569 0.3979585 -82.16319 0 0 0 1
80 0 0.4001635 0.02960421 0.9159656 -32.33677 -0.002713844 0.999512 -0.03111884 116.4943 -0.9164398 0.009966835 0.4000486 -83.29266 0 0 0 1
80 1 0.4001635 0.02960421 0.9159656 -32.8695 -0.002713844 0.999512 -0.03111884 116.4943 -0.9164398 0.009966835 0.4000486 -83.29266 0 0 0 1
81 0 0.4016522 0.02918058 0.9153273 -32.64427 -0.003141118 0.9995303 -0.03048662 116.4454 -0.9157869 0.009369865 0.4015551 -84.11555 0 0 0 1
81 1 0.4016522 0.02918058 0.9153273 -33.17699 -0.003141118 0.9995303 -0.03048662 116.4454 -0.9157869 0.009369865 0.4015551 -84.11554 0 0 0 1
82 0 0.4030377 0.02855987 0.9147376 -32.98341 -0.002967147 0.9995485 -0.02990049 116.4368 -0.9151785 0.009336866 0.4029405 -84.85036 0 0 0 1
82 1 0.4030377 0.02855987 0.9147376 -33.51614 -0.002967147 0.9995485 -0.02990049 116.4368 -0.9151785 0.009336866 0.4029405 -84.85036 0 0 0 1
83 0 0.4045048 0.02842197 0.9140942 -33.28689 -0.003091042 0.9995537 -0.02971132 116.4354 -0.9145307 0.009192871 0.4044122 -85.65028 0 0 0 1
83 1 0.4045048 0.02842197 0.9140942 -33.81961 -0.003091042 0.9995537 -0.02971132 116.4354 -0.9145307 0.009192871 0.4044122 -85.65028 0 0 0 1
84 0 0.4059262 0.02980237 0.9134198 -33.37098 -0.003826015 0.9995148 -0.03091112 116.4829 -0.9138979 0.009052876 0.4058433 -86.36941 0 0 0 1
84 1 0.4059262 0.02980237 0.9134198 -33.90371 -0.003826015 0.9995148 -0.03091112 116.4829 -0.9138979 0.009052876 0.4058433 -86.36941 0 0 0 1
85 0 0.4073473 0.03010809 0.912777 -33.60564 -0.003585769 0.9995015 -0.03136848 116.5474 -0.9132664 0.009504857 0.4072521 -87.06319 0 0 0 1
85 1 0.4073473 0.03010809 0.912777 -34.13836 -0.003585769 0.9995015 -0.03136848 116.5474 -0.9132664 0.009504857 0.4072521 -87.0632 0 0 0 1
86 0 0.4087977 0.02998612 0.9121323 -33.83741 -0.00348986 0.9995041 -0.03129437 116.5654 -0.9126184 0.009609851 0.4086996 -87.71678 0 0 0 1
86 1 0.4087977 0.02998612 0.9121323 -34.37013 -0.00348986 0.9995041 -0.03129437 116.5654 -0.9126184 0.009609851 0.4086996 -87.71678 0 0 0 1
87 0 0.4103477 0.03051072 0.9114187 -33.97005 -0.003339732 0.9994837 -0.03195515 116.6358 -0.9119231 0.01006883 0.4102377 -88.31139 0 0 0 1
87 1 0.4103477 0.03051072 0.9114187 -34.50278 -0.003339732 0.9994837 -0.03195515 116.6359 -0.9119231 0.01006883 0.4102377 -88.31139 0 0 0 1
88 0 0.4117637 0.03080646 0.9107698 -34.16449 -0.003209485 0.9994712 -0.03235573 116.6893 -0.911285 0.01039981 0.4116448 -88.95845 0 0 0 1
88 1 0.4117637 0.03080646 0.9107698 -34.69722 -0.003209485 0.9994712 -0.03235573 116.6893 -0.911285 0.01039981 0.4116448 -88.95845 0 0 0 1
89 0 0.4134023 0.03112216 0.9100165 -34.29299 -0.003043055 0.9994574 -0.0327986 116.7467 -0.9105434 0.01078979 0.4132727 -89.53792 0 0 0 1
89 1 0.4134023 0.03112216 0.9100165 -34.82571 -0.003043055 0.9994574 -0.0327986 116.7467 -0.9105434 0.01078979 0.4132727 -89.53793 0 0 0 1
90 0 0.4147872 0.03138191 0.9093771 -34.44598 -0.002902209 0.9994456 -0.03316634 116.7974 -0.9099138 0.01111777 0.4146484 -90.09696 0 0 0 1
90 1 0.4147872 0.03138191 0.9093771 -34.9787 -0.002902209 0.9994456 -0.03316634 116.7974 -0.9099138 0.01111777 0.4146484 -90.09697 0 0 0 1
91 0 0.4162357 0.03142198 0.9087137 -34.63863 -0.003215549 0.9994473 -0.03308654 116.7877 -0.9092511 0.01084979 0.4161067 -90.76147 0 0 0 1
91 1 0.4162357 0.03142198 0.9087137 -35.17136 -0.003215549 0.9994473 -0.03308654 116.7877 -0.9092511 0.01084979 0.4161067 -90.76147 0 0 0 1
92 0 0.4178945 0.03113613 0.9079618 -34.80367 -0.003153684 0.9994562 -0.03282218 116.7884 -0.9084901 0.01085279 0.4177655 -91.33602 0 0 0 1
92 1 0.4178945 0.03113613 0.9079618 -35.33639 -0.003153684 0.9994562 -0.03282218 116.7884 -0.9084901 0.01085279 0.4177655 -91.33601 0 0 0 1
93 0 0.419381 0.03079828 0.9072877 -34.98172 -0.002988433 0.9994658 -0.03254594 116.7947 -0.9078053 0.01093778 0.4192489 -91.87877 0 0 0 1
93 1 0.419381 0.03079828 0.9072877 -35.51444 -0.002988433 0.9994658 -0.03254594 116.7947 -0.9078053 0.01093778 0.4192489 -91.87878 0 0 0 1
94 0 0.4210498 0.03020639 0.9065343 -35.18365 -0.002254441 0.9994771 -0.03225621 116.8401 -0.9070346 0.01153774 0.4208978 -92.40959 0 0 0 1
94 1 0.4210498 0.03020639 0.9065343 -35.71638 -0.002254441 0.9994771 -0.03225621 116.8401 -0.9070346 0.01153774 0.4208978 -92.40958 0 0 0 1
95 0 0.4228103 0.03022648 0.905714 -35.26804 -0.002569485 0.9994795 -0.03215622 116.8246 -0.9062146 0.01126876 0.4226679 -92.98353 0 0 0 1
95 1 0.4228103 0.03022648 0.905714 -35.80077 -0.002569485 0.9994795 -0.03215622 116.8246 -0.9062146 0.01126876 0.4226679 -92.98353 0 0 0 1
96 0 0.4243716 0.03015651 0.9049858 -35.37629 -0.002580728 0.9994815 -0.03209518 116.8325 -0.9054845 0.01128476 0.4242294 -93.49872 0 0 0 1
96 1 0.4243716 0.03015651 0.9049858 -35.90901 -0.002580728 0.9994815 -0.03209518 116.8325 -0.9054845 0.01128476 0.4242294 -93.49872 0 0 0 1
97 0 0.4259574 0.03029732 0.9042358 -35.47575 -0.002415515 0.9994737 -0.0323505 116.8764 -0.90474 0.01159574 0.4258064 -94.00792 0 0 0 1
97 1 0.4259574 0.03029732 0.9042358 -36.00848 -0.002415515 0.9994737 -0.0323505 116.8764 -0.90474 0.01159574 0.4258064 -94.00792 0 0 0 1
98 0 0.4274609 0.02989947 0.9035392 -35.60918 -0.002138142 0.9994836 -0.03206287 116.8874 -0.9040313 0.01177373 0.4273041 -94.47438 0 0 0 1
98 1 0.4274609 0.02989947 0.9035392 -36.1419 -0.002138142 0.9994836 -0.03206287 116.8874 -0.9040313 0.01177373 0.4273041 -94.47437 0 0 0 1
99 0 0.4290375 0.02954775 0.9028032 -35.71697 -0.002323243 0.9994977 -0.03160838 116.853 -0.9032837 0.01146375 0.4288906 -94.99048 0 0 0 1
99 1 0.4290375 0.02954775 0.9028032 -36.2497 -0.002323243 0.9994977 -0.03160838 116.853 -0.9032837 0.01146375 0.4288906 -94.99047 0 0 0 1
100 0 0.4304357 0.02887331 0.9021593 -35.89021 -0.002720132 0.9995252 -0.03069166 116.7698 -0.9026172 0.01075679 0.4303099 -95.57141 0 0 0 1
100 1 0.4304357 0.02887331 0.9021593 -36.42294 -0.002720132 0.9995252 -0.03069166 116.7698 -0.9026172 0.01075679 0.4303099 -95.57141 0 0 0 1
101 0 0.4317825 0.02771993 0.9015517 -36.09062 -0.002516667 0.9995608 -0.02952809 116.7083 -0.9019743 0.01048081 0.4316627 -96.04483 0 0 0 1
101 1 0.4317825 0.02771993 0.9015517 -36.62335 -0.002516667 0.9995608 -0.02952809 116.7083 -0.9019743 0.01048081 0.4316627 -96.04483 0 0 0 1
102 0 0.4330932 0.02723912 0.9009376 -36.20895 -0.002289027 0.9995733 -0.02912092 116.7038 -0.9013463 0.0105498 0.4329707 -96.469 0 0 0 1
102 1 0.4330932 0.02723912 0.9009376 -36.74168 -0.002289027 0.9995733 -0.02912092 116.7038 -0.9013463 0.0105498 0.4329707 -96.46899 0 0 0 1
103 0 0.4344317 0.02716611 0.9002951 -36.28896 -0.002171719 0.9995738 -0.02911386 116.7218 -0.9007022 0.01069279 0.4343055 -96.90936 0 0 0 1
103 1 0.4344317 0.02716611 0.9002951 -36.82168 -0.002171719 0.9995738 -0.02911386 116.7218 -0.9007022 0.01069279 0.4343055 -96.90936 0 0 0 1
104 0 0.4356543 0.02763283 0.8996899 -36.29189 -0.002195011 0.9995583 -0.02963728 116.7683 -0.9001114 0.01093678 0.4355225 -97.27831 0 0 0 1
104 1 0.4356543 0.02763283 0.8996899 -36.82462 -0.002195011 0.9995583 -0.02963728 116.7683 -0.9001114 0.01093678 0.4355225 -97.27831 0 0 0 1
105 0 0.4366733 0.02748781 0.8992001 -36.39675 -0.00191323 0.9995592 -0.02962659 116.7973 -0.8996181 0.01121677 0.4365335 -97.65445 0 0 0 1
105 1 0.4366733 0.02748781 0.8992001 -36.92947 -0.00191323 0.9995592 -0.02962659 116.7973 -0.8996181 0.01121677 0.4365335 -97.65446 0 0 0 1
106 0 0.4371177 0.02770565 0.8989774 -36.4999 -0.001842302 0.9995509 -0.02990943 116.8323 -0.8994024 0.01141775 0.4369724 -97.96461 0 0 0 1
106 1 0.4371177 0.02770565 0.8989774 -37.03263 -0.001842302 0.9995509 -0.02990943 116.8323 -0.8994024 0.01141775 0.4369724 -97.96461 0 0 0 1
107 0 0.4372712 0.02727069 0.8989161 -36.70472 -0.001235162 0.9995574 -0.02972304 116.8702 -0.8993288 0.01188672 0.4371113 -98.22057 0 0 0 1
107 1 0.4372712 0.02727069 0.8989161 -37.23745 -0.001235162 0.9995574 -0.02972304 116.8702 -0.8993288 0.01188672 0.4371113 -98.22057 0 0 0 1
108 0 0.4372644 0.02660491 0.8989395 -36.96511 -0.0007376513 0.9995726 -0.02922443 116.8769 -0.8993328 0.0121157 0.4370971 -98.50932 0 0 0 1
108 1 0.4372644 0.02660491 0.8989395 -37.49784 -0.0007376513 0.9995726 -0.02922443 116.8769 -0.8993328 0.0121157 0.4370971 -98.50934 0 0 0 1
109 0 0.4371789 0.02564741 0.8990088 -37.23999 -0.0006246651 0.9996017 -0.02821341 116.815 -0.8993743 0.01177273 0.4370208 -98.81758 0 0 0 1
109 1 0.4371789 0.02564741 0.8990088 -37.77272 -0.0006246651 0.9996017 -0.02821341 116.815 -0.8993743 0.01177273 0.4370208 -98.81758 0 0 0 1
110 0 0.4371127 0.02534268 0.8990497 -37.43708 -0.0009517716 0.9996154 -0.02771471 116.7598 -0.8994063 0.01125876 0.4369687 -99.13609 0 0 0 1
110 1 0.4371127 0.02534268 0.8990497 -37.9698 -0.0009517716 0.9996154 -0.02771471 116.7598 -0.8994063 0.01125876 0.4369687 -99.13609 0 0 0 1
111 0 0.436944 0.0254246 0.8991293 -37.61118 -0.0008195229 0.9996113 -0.02786766 116.7886 -0.8994884 0.01143975 0.436795 -99.38286 0 0 0 1
111 1 0.436944 0.0254246 0.8991293 -38.14391 -0.0008195229 0.9996113 -0.02786766 116.7886 -0.8994884 0.01143975 0.436795 -99.38286 0 0 0 1
112 0 0.4369246 0.02606234 0.8991206 -37.67894 -0.001088699 0.9995947 -0.02844569 116.8199 -0.8994975 0.01144975 0.4367759 -99.61472 0 0 0 1
112 1 0.4369246 0.02606234 0.8991206 -38.21166 -0.001088699 0.9995947 -0.02844569 116.8199 -0.8994975 0.01144975 0.4367759 -99.61472 0 0 0 1
113 0 0.4369854 0.02630134 0.899084 -37.77801 -0.00148124 0.9995921 -0.02852162 116.8031 -0.8994674 0.01113177 0.4368461 -99.87909 0 0 0 1
113 1 0.4369854 0.02630134 0.899084 -38.31073 -0.00148124 0.9995921 -0.02852162 116.8031 -0.8994674 0.01113177 0.4368461 -99.87909 0 0 0 1
114 0 0.4370061 0.02683907 0.8990581 -37.85123 -0.001583845 0.9995762 -0.02906992 116.8445 -0.8994572 0.01127976 0.4368633 -100.1007 0 0 0 1
114 1 0.4370061 0.02683907 0.8990581 -38.38396 -0.001583845 0.9995762 -0.02906992 116.8445 -0.8994572 0.01127976 0.4368633 -100.1007 0 0 0 1
115 0 0.4369668 0.02674016 0.89908 -37.98623 -0.001694998 0.9995807 -0.02890542 116.8291 -0.8994761 0.01110677 0.4368289 -100.3266 0 0 0 1
115 1 0.4369668 0.02674016 0.89908 -38.51895 -0.001694998 0.9995807 -0.02890542 116.829 -0.8994761 0.01110677 0.4368289 -100.3266 0 0 0 1
116 0 0.4370356 0.02702706 0.8990381 -38.06966 -0.001858651 0.9995735 -0.02914585 116.8415 -0.8994423 0.01106678 0.4368994 -100.5481 0 0 0 1
116 1 0.4370356 0.02702706 0.8990381 -38.60238 -0.001858651 0.9995735 -0.02914585 116.8415 -0.8994423 0.01106678 0.4368994 -100.5481 0 0 0 1
117 0 0.4371625 0.02694695 0.8989788 -38.16736 -0.001423761 0.9995705 -0.02926984 116.8882 -0.8993815 0.01151574 0.4370131 -100.6909 0 0 0 1
117 1 0.4371625 0.02694695 0.8989788 -38.70008 -0.001423761 0.9995705 -0.02926984 116.8882 -0.8993815 0.01151574 0.4370131 -100.6909 0 0 0 1
118 0 0.4373409 0.02657713 0.898903 -38.28316 -0.001338819 0.9995813 -0.02890244 116.8702 -0.8992949 0.01143675 0.4371935 -100.8866 0 0 0 1
118 1 0.4373409 0.02657713 0.898903 -38.81588 -0.001338819 0.9995813 -0.02890244 116.8702 -0.8992949 0.01143675 0.4371935 -100.8866 0 0 0 1
119 0 0.4373876 0.02565344 0.8989071 -38.48079 -0.0007328084 0.9996029 -0.02817058 116.862 -0.8992728 0.01166274 0.4372327 -101.0449 0 0 0 1
119 1 0.4373876 0.02565344 0.8989071 -39.01351 -0.0007328084 0.9996029 -0.02817058 116.862 -0.8992728 0.01166274 0.4372327 -101.0449 0 0 0 1
120 0 0.4375325 0.02578829 0.8988328 -38.52645 -0.0005094372 0.9995956 -0.02843128 116.903 -0.8992025 0.01198171 0.4373687 -101.1703 0 0 0 1
120 1 0.4375325 0.02578829 0.8988328 -39.05918 -0.0005094372 0.9995956 -0.02843128 116.903 -0.8992025 0.01198171 0.4373687 -101.1703 0 0 0 1
121 0 0.4377723 0.02621715 0.8987036 -38.52531 -0.0008046804 0.9995858 -0.02876814 116.9115 -0.8990856 0.01187073 0.4376121 -101.3431 0 0 0 1
121 1 0.4377723 0.02621715 0.8987036 -39.05804 -0.0008046804 0.9995858 -0.02876814 116.9115 -0.8990856 0.01187073 0.4376121 -101.343 0 0 0 1
122 0 0.4377144 0.02701782 0.898708 -38.51923 -0.001172356 0.9995647 -0.02947887 116.9443 -0.8991134 0.01184972 0.4375556 -101.4979 0 0 0 1
122 1 0.4377144 0.02701782 0.898708 -39.05195 -0.001172356 0.9995647 -0.02947887 116.9443 -0.8991134 0.01184972 0.4375556 -101.4979 0 0 0 1
123 0 0.4378469 0.0274866 0.8986292 -38.51728 -0.001376675 0.9995519 -0.02990278 116.9661 -0.8990485 0.01185572 0.4376885 -101.6342 0 0 0 1
123 1 0.4378469 0.0274866 0.8986292 -39.04999 -0.001376675 0.9995519 -0.02990278 116.9661 -0.8990485 0.01185572 0.4376885 -101.6342 0 0 0 1
124 0 0.4379169 0.0279135 0.898582 -38.52046 -0.001806185 0.9995432 -0.03016953 116.9583 -0.8990137 0.01158874 0.4377673 -101.7902 0 0 0 1
124 1 0.4379169 0.0279135 0.898582 -39.05319 -0.001806185 0.9995432 -0.03016953 116.9583 -0.8990137 0.01158874 0.4377673 -101.7902 0 0 0 1
125 0 0.4380527 0.02815332 0.8985084 -38.53769 -0.001705422 0.9995337 -0.03048733 116.9942 -0.8989477 0.01182273 0.4378965 -101.8943 0 0 0 1
125 1 0.4380527 0.02815332 0.8985084 -39.07042 -0.001705422 0.9995337 -0.03048733 116.9942 -0.8989477 0.01182273 0.4378965 -101.8943 0 0 0 1
126 0 0.4381467 0.02791834 0.8984699 -38.60558 -0.001373588 0.9995372 -0.03038898 117.0139 -0.8989025 0.01208071 0.4379823 -101.9744 0 0 0 1
126 1 0.4381467 0.02791834 0.8984699 -39.1383 -0.001373588 0.9995372 -0.03038898 117.0139 -0.8989025 0.01208071 0.4379823 -101.9744 0 0 0 1
127 0 0.4380801 0.02838026 0.8984878 -38.60577 -0.001964107 0.9995294 -0.03061418 116.9901 -0.8989338 0.01164674 0.4379297 -102.1202 0 0 0 1
127 1 0.4380801 0.02838026 0.8984878 -39.1385 -0.001964107 0.9995294 -0.03061418 116.9901 -0.8989338 0.01164674 0.4379297 -102.1202 0 0 0 1
128 0 0.4380233 0.02840527 0.8985148 -38.66196 -0.002008204 0.9995291 -0.0306197 116.9899 -0.8989615 0.01160774 0.4378741 -102.2258 0 0 0 1
128 1 0.4380233 0.02840527 0.8985148 -39.19468 -0.002008204 0.9995291 -0.0306197 116.9899 -0.8989615 0.01160774 0.4378741 -102.2258 0 0 0 1
129 0 0.4381414 0.02844923 0.8984558 -38.68579 -0.001982043 0.9995272 -0.03068305 116.9991 -0.8989039 0.01166274 0.4379906 -102.308 0 0 0 1
129 1 0.4381414 0.02844923 0.8984558 -39.21851 -0.001982043 0.9995272 -0.03068305 116.9991 -0.8989039 0.01166274 0.4379906 -102.308 0 0 0 1
130 0 0.4379731 0.02811949 0.8985482 -38.78984 -0.00212677 0.9995403 -0.03024333 116.9555 -0.8989856 0.01133476 0.4378316 -102.4277 0 0 0 1
130 1 0.4379731 0.02811949 0.8985482 -39.32256 -0.00212677 0.9995403 -0.03024333 116.9555 -0.8989856 0.01133476 0.4378316 -102.4276 0 0 0 1
131 0 0.437936 0.02806163 0.8985681 -38.83976 -0.002431133 0.9995461 -0.03003024 116.9176 -0.8990029 0.01096678 0.4378054 -102.5439 0 0 0 1
131 1 0.437936 0.02806163 0.8985681 -39.37249 -0.002431133 0.9995461 -0.03003024 116.9176 -0.8990029 0.01096678 0.4378054 -102.5439 0 0 0 1
132 0 0.4379905 0.02798074 0.898544 -38.88481 -0.00263763 0.9995512 -0.02984042 116.8889 -0.8989757 0.01069979 0.4378678 -102.6549 0 0 0 1
132 1 0.4379905 0.02798074 0.898544 -39.41754 -0.00263763 0.9995512 -0.02984042 116.8889 -0.8989757 0.01069979 0.4378678 -102.6549 0 0 0 1
133 0 0.4378988 0.02840357 0.8985755 -38.89331 -0.002846838 0.9995396 -0.03020766 116.9047 -0.8990198 0.0106698 0.4377781 -102.7376 0 0 0 1
133 1 0.4378988 0.02840357 0.8985755 -39.42603 -0.002846838 0.9995396 -0.03020766 116.9047 -0.8990198 0.0106698 0.4377781 -102.7376 0 0 0 1
134 0 0.4379529 0.02855941 0.8985443 -38.91262 -0.002670531 0.9995322 -0.0304676 116.9409 -0.898994 0.01094378 0.4378242 -102.7857 0 0 0 1
134 1 0.4379529 0.02855941 0.8985443 -39.44534 -0.002670531 0.9995322 -0.0304676 116.9409 -0.898994 0.01094378 0.4378242 -102.7856 0 0 0 1
135 0 0.438059 0.02837255 0.8984984 -38.96657 -0.002768485 0.9995396 -0.03021345 116.9152 -0.8989419 0.01074779 0.4379358 -102.888 0 0 0 1
135 1 0.438059 0.02837255 0.8984984 -39.4993 -0.002768485 0.9995396 -0.03021345 116.9152 -0.8989419 0.01074779 0.4379358 -102.888 0 0 0 1
136 0 0.4376692 0.02804007 0.8986987 -39.10019 -0.003762003 0.999562 -0.02935497 116.7734 -0.8991283 0.009466858 0.4375829 -103.0887 0 0 0 1
136 1 0.4376692 0.02804007 0.8986987 -39.63291 -0.003762003 0.999562 -0.02935497 116.7734 -0.8991283 0.009466858 0.4375829 -103.0887 0 0 0 1
137 0 0.4377064 0.02747857 0.898698 -39.20197 -0.004458094 0.9995869 -0.02839205 116.6451 -0.8991069 0.008420901 0.4376481 -103.2791 0 0 0 1
137 1 0.4377064 0.02747857 0.898698 -39.7347 -0.004458094 0.9995869 -0.02839205 116.6451 -0.8991069 0.008420901 0.4376481 -103.2791 0 0 0 1
138 0 0.4382724 0.02761049 0.898418 -39.16684 -0.004452015 0.9995825 -0.0285477 116.66 -0.8988312 0.008511896 0.4382123 -103.371 0 0 0 1
138 1 0.4382724 0.02761049 0.898418 -39.69956 -0.004452015 0.9995825 -0.0285477 116.66 -0.8988312 0.008511896 0.4382123 -103.371 0 0 0 1
139 0 0.4387005 0.02725258 0.89822 -39.19891 -0.004116114 0.9995905 -0.02831788 116.6686 -0.8986239 0.008725889 0.438633 -103.4385 0 0 0 1
139 1 0.4387005 0.02725258 0.89822 -39.73164 -0.004116114 0.9995905 -0.02831788 116.6686 -0.8986239 0.008725889 0.438633 -103.4385 0 0 0 1
140 0 0.438835 0.02718474 0.8981564 -39.23243 -0.004563378 0.9995968 -0.02802542 116.6129 -0.8985561 0.008199908 0.4387821 -103.5764 0 0 0 1
140 1 0.438835 0.02718474 0.8981564 -39.76516 -0.004563378 0.9995968 -0.02802542 116.6129 -0.8985561 0.008199908 0.4387821 -103.5764 0 0 0 1
141 0 0.4392048 0.02719176 0.8979753 -39.2305 -0.004693038 0.9995977 -0.02797361 116.6006 -0.8983747 0.008071911 0.4391557 -103.6816 0 0 0 1
141 1 0.4392048 0.02719176 0.8979753 -39.76323 -0.004693038 0.9995977 -0.02797361 116.6006 -0.8983747 0.008071911 0.4391557 -103.6816 0 0 0 1
142 0 0.4395508 0.02748357 0.8977972 -39.20234 -0.004530272 0.9995869 -0.02838162 116.6478 -0.8982063 0.008407899 0.4394938 -103.7382 0 0 0 1
142 1 0.4395508 0.02748357 0.8977972 -39.73507 -0.004530272 0.9995869 -0.02838162 116.6478 -0.8982063 0.008407899 0.4394938 -103.7382 0 0 0 1
143 0 0.4398643 0.02759454 0.8976403 -39.19464 -0.004670781 0.9995846 -0.02843965 116.6436 -0.8980522 0.008316905 0.4398105 -103.8328 0 0 0 1
143 1 0.4398643 0.02759454 0.8976403 -39.72738 -0.004670781 0.9995846 -0.02843965 116.6436 -0.8980522 0.008316905 0.4398105 -103.8328 0 0 0 1
144 0 0.440178 0.02748647 0.8974897 -39.21597 -0.004206453 0.9995835 -0.02855012 116.6897 -0.8979006 0.008791887 0.4401103 -103.8667 0 0 0 1
144 1 0.440178 0.02748647 0.8974897 -39.7487 -0.004206453 0.9995835 -0.02855012 116.6897 -0.8979006 0.008791887 0.4401103 -103.8667 0 0 0 1
145 0 0.4403703 0.02783528 0.8973846 -39.19099 -0.004206418 0.9995723 -0.02894077 116.723 -0.8978064 0.008969882 0.440299 -103.9207 0 0 0 1
145 1 0.4403703 0.02783528 0.8973846 -39.72372 -0.004206418 0.9995723 -0.02894077 116.723 -0.8978064 0.008969882 0.440299 -103.9207 0 0 0 1
146 0 0.4406397 0.02803923 0.8972461 -39.17175 -0.004426274 0.9995678 -0.02906306 116.7177 -0.8976732 0.008834886 0.4405734 -104.0126 0 0 0 1
146 1 0.4406397 0.02803923 0.8972461 -39.70448 -0.004426274 0.9995678 -0.02906306 116.7177 -0.8976732 0.008834886 0.4405734 -104.0126 0 0 0 1
147 0 0.4410672 0.02838904 0.897025 -39.12239 -0.00446255 0.9995566 -0.02943972 116.7472 -0.897463 0.008981879 0.4409984 -104.0773 0 0 0 1
147 1 0.4410672 0.02838904 0.897025 -39.65512 -0.00446255 0.9995566 -0.02943972 116.7472 -0.897463 0.008981879 0.4409984 -104.0773 0 0 0 1
148 0 0.4412395 0.02858201 0.8969342 -39.11407 -0.004740149 0.999553 -0.02952022 116.734 -0.8973769 0.008773887 0.4411778 -104.1609 0 0 0 1
148 1 0.4412395 0.02858201 0.8969342 -39.6468 -0.004740149 0.999553 -0.02952022 116.734 -0.8973769 0.008773887 0.4411778 -104.1609 0 0 0 1
149 0 0.4415304 0.02893989 0.8967795 -39.06802 -0.005052381 0.999544 -0.02976865 116.7317 -0.8972321 0.008612894 0.4414753 -104.2396 0 0 0 1
149 1 0.4415304 0.02893989 0.8967795 -39.60074 -0.005052381 0.999544 -0.02976865 116.7316 -0.8972321 0.008612894 0.4414753 -104.2396 0 0 0 1
150 0 0.4416447 0.02901878 0.8967206 -39.07459 -0.004849606 0.9995394 -0.02995762 116.7637 -0.8971769 0.008881884 0.441582 -104.2612 0 0 0 1
150 1 0.4416447 0.02901878 0.8967206 -39.60732 -0.004849606 0.9995394 -0.02995762 116.7637 -0.8971769 0.008881884 0.441582 -104.2612 0 0 0 1
151 0 0.4417968 0.02901584 0.8966457 -39.0863 -0.005055314 0.9995415 -0.02985472 116.7408 -0.8971009 0.008656893 0.4417409 -104.3325 0 0 0 1
151 1 0.4417968 0.02901584 0.8966457 -39.61903 -0.005055314 0.9995415 -0.02985472 116.7408 -0.8971009 0.008656893 0.4417409 -104.3325 0 0 0 1
152 0 0.4420159 0.02910089 0.8965351 -39.07779 -0.005404449 0.9995419 -0.02977988 116.7093 -0.896991 0.008317905 0.4419708 -104.4235 0 0 0 1
152 1 0.4420159 0.02910089 0.8965351 -39.61051 -0.005404449 0.9995419 -0.02977988 116.7093 -0.896991 0.008317905 0.4419708 -104.4235 0 0 0 1
153 0 0.4422136 0.0293087 0.8964308 -39.06147 -0.005209582 0.999533 -0.03010971 116.7523 -0.8968946 0.008644892 0.4421598 -104.4424 0 0 0 1
153 1 0.4422136 0.0293087 0.8964308 -39.5942 -0.005209582 0.999533 -0.03010971 116.7523 -0.8968946 0.008644892 0.4421598 -104.4424 0 0 0 1
154 0 0.4422978 0.02937067 0.8963872 -39.06935 -0.005196774 0.9995308 -0.03018602 116.7605 -0.8968532 0.008692893 0.4422429 -104.4825 0 0 0 1
154 1 0.4422978 0.02937067 0.8963872 -39.60208 -0.005196774 0.9995308 -0.03018602 116.7605 -0.8968532 0.008692893 0.4422429 -104.4825 0 0 0 1
155 0 0.4426352 0.02945861 0.8962178 -39.04247 -0.005186094 0.9995276 -0.03029302 116.7711 -0.8966868 0.008760886 0.4425789 -104.5304 0 0 0 1
155 1 0.4426352 0.02945861 0.8962178 -39.57519 -0.005186094 0.9995276 -0.03029302 116.7711 -0.8966868 0.008760886 0.4425789 -104.5304 0 0 0 1
156 0 0.4428059 0.02952258 0.8961314 -39.04243 -0.005222908 0.9995257 -0.03034806 116.7739 -0.8966024 0.00875789 0.4427501 -104.5788 0 0 0 1
156 1 0.4428059 0.02952258 0.8961314 -39.57516 -0.005222908 0.9995257 -0.03034806 116.7739 -0.8966024 0.00875789 0.4427501 -104.5788 0 0 0 1
157 0 0.4429393 0.02976657 0.8960574 -39.02192 -0.005723969 0.9995222 -0.03037415 116.7387 -0.8965334 0.008324905 0.4428981 -104.6695 0 0 0 1
157 1 0.4429393 0.02976657 0.8960574 -39.55464 -0.005723969 0.9995222 -0.03037415 116.7387 -0.8965334 0.008324905 0.4428981 -104.6695 0 0 0 1
158 0 0.4430053 0.02991452 0.8960198 -39.02106 -0.005859072 0.9995184 -0.03047311 116.7374 -0.8964999 0.008249908 0.4429672 -104.7135 0 0 0 1
158 1 0.4430053 0.02991452 0.8960198 -39.55379 -0.005859072 0.9995184 -0.03047311 116.7374 -0.8964999 0.008249908 0.4429672 -104.7135 0 0 0 1
159 0 0.4431462 0.03009538 0.8959441 -39.00629 -0.005756646 0.9995112 -0.03072696 116.7669 -0.896431 0.008458899 0.4431028 -104.7269 0 0 0 1
159 1 0.4431462 0.03009538 0.8959441 -39.53901 -0.005756646 0.9995112 -0.03072696 116.7669 -0.896431 0.008458899 0.4431028 -104.7269 0 0 0 1
160 0 0.4432668 0.0302863 0.895878 -38.99203 -0.005906477 0.9995061 -0.03086715 116.7677 -0.8963704 0.008390903 0.4432267 -104.7657 0 0 0 1
160 1 0.4432668 0.0302863 0.895878 -39.52476 -0.005906477 0.9995061 -0.03086715 116.7677 -0.8963704 0.008390903 0.4432267 -104.7657 0 0 0 1
161 0 0.4434176 0.03053821 0.8957947 -38.96088 -0.006139158 0.9994994 -0.03103469 116.7642 -0.8962941 0.008261906 0.4433832 -104.8093 0 0 0 1
161 1 0.4434176 0.03053821 0.8957947 -39.4936 -0.006139158 0.9994994 -0.03103469 116.7642 -0.8962941 0.008261906 0.4433832 -104.8093 0 0 0 1
162 0 0.4435329 0.03058217 0.8957362 -38.95692 -0.006077484 0.9994973 -0.03111545 116.776 -0.8962375 0.008356904 0.4434958 -104.8127 0 0 0 1
162 1 0.4435329 0.03058217 0.8957362 -39.48965 -0.006077484 0.9994973 -0.03111545 116.776 -0.8962375 0.008356904 0.4434958 -104.8127 0 0 0 1
163 0 0.4436798 0.03054621 0.8956647 -38.95393 -0.006158072 0.9994993 -0.03103696 116.7638 -0.8961643 0.008254909 0.4436458 -104.8442 0 0 0 1
163 1 0.4436798 0.03054621 0.8956647 -39.48665 -0.006158072 0.9994993 -0.03103696 116.7638 -0.8961643 0.008254909 0.4436458 -104.8442 0 0 0 1
164 0 0.4437637 0.03052123 0.895624 -38.9546 -0.006192917 0.9995005 -0.03099269 116.7579 -0.8961225 0.008206909 0.443731 -104.8686 0 0 0 1
164 1 0.4437637 0.03052123 0.895624 -39.48733 -0.006192917 0.9995005 -0.03099269 116.7579 -0.8961225 0.008206909 0.443731 -104.8686 0 0 0 1
165 0 0.4438586 0.03049224 0.8955779 -38.95374 -0.006170765 0.9995012 -0.03097227 116.7583 -0.8960756 0.008220905 0.4438253 -104.8866 0 0 0 1
165 1 0.4438586 0.03049224 0.8955779 -39.48646 -0.006170765 0.9995012 -0.03097227 116.7583 -0.8960756 0.008220905 0.4438253 -104.8866 0 0 0 1
166 0 0.4438987 0.03048823 0.8955582 -38.95507 -0.006113892 0.9995008 -0.03099638 116.7649 -0.8960562 0.008283906 0.4438635 -104.8916 0 0 0 1
166 1 0.4438987 0.03048823 0.8955582 -39.48779 -0.006113892 0.9995008 -0.03099638 116.7649 -0.8960562 0.008283906 0.4438635 -104.8916 0 0 0 1
167 0 0.4439331 0.03046423 0.895542 -38.95906 -0.006066767 0.9995012 -0.0309933 116.7685 -0.8960394 0.008325906 0.4438965 -104.8974 0 0 0 1
167 1 0.4439331 0.03046423 0.895542 -39.49179 -0.006066767 0.9995012 -0.0309933 116.7685 -0.8960394 0.008325906 0.4438965 -104.8974 0 0 0 1
168 0 0.4440026 0.03037723 0.8955104 -38.96036 -0.005884392 0.9995025 -0.03098728 116.782 -0.8960062 0.0084889 0.4439605 -104.8865 0 0 0 1
168 1 0.4440026 0.03037723 0.8955104 -39.49308 -0.005884392 0.9995025 -0.03098728 116.782 -0.8960062 0.0084889 0.4439605 -104.8865 0 0 0 1
169 0 0.4439502 0.03035525 0.8955372 -38.96703 -0.005917635 0.9995036 -0.03094573 116.776 -0.8960319 0.008438902 0.4439094 -104.894 0 0 0 1
169 1 0.4439502 0.03035525 0.8955372 -39.49976 -0.005917635 0.9995036 -0.03094573 116.776 -0.8960319 0.008438902 0.4439094 -104.894 0 0 0 1
170 0 0.4439039 0.03034234 0.8955604 -38.96955 -0.006227653 0.9995069 -0.03077726 116.7384 -0.8960527 0.008084908 0.443874 -104.9353 0 0 0 1
170 1 0.4439039 0.03034234 0.8955604 -39.50228 -0.006227653 0.9995069 -0.03077726 116.7384 -0.8960527 0.008084908 0.443874 -104.9353 0 0 0 1
171 0 0.4439328 0.03044833 0.8955427 -38.9504 -0.006366281 0.9995044 -0.03082716 116.7318 -0.8960375 0.007983916 0.4439067 -104.9551 0 0 0 1
171 1 0.4439328 0.03044833 0.8955427 -39.48312 -0.006366281 0.9995044 -0.03082716 116.7318 -0.8960375 0.007983916 0.4439067 -104.9551 0 0 0 1
172 0 0.4438949 0.03045822 0.8955612 -38.94922 -0.005998226 0.9995008 -0.03102014 116.7756 -0.8960589 0.008397905 0.4438559 -104.9093 0 0 0 1
172 1 0.4438949 0.03045822 0.8955612 -39.48195 -0.005998226 0.9995008 -0.03102014 116.7756 -0.8960589 0.008397905 0.4438559 -104.9093 0 0 0 1
173 0 0.4438765 0.03050525 0.8955686 -38.94206 -0.006226473 0.9995012 -0.03095938 116.7531 -0.8960663 0.008165908 0.443845 -104.9354 0 0 0 1
173 1 0.4438765 0.03050525 0.8955686 -39.47479 -0.006226473 0.9995012 -0.03095938 116.7531 -0.8960663 0.008165908 0.443845 -104.9354 0 0 0 1
174 0 0.4439178 0.03046532 0.8955495 -38.94001 -0.006386764 0.999504 -0.03083583 116.7306 -0.8960448 0.007968915 0.4438922 -104.9619 0 0 0 1
174 1 0.4439178 0.03046532 0.8955495 -39.47274 -0.006386764 0.999504 -0.03083583 116.7306 -0.8960448 0.007968915 0.4438922 -104.9619 0 0 0 1
175 0 0.4439759 0.03041129 0.8955225 -38.93799 -0.006146916 0.9995037 -0.03089494 116.7538 -0.8960177 0.008211908 0.4439425 -104.9348 0 0 0 1
175 1 0.4439759 0.03041129 0.8955225 -39.47072 -0.006146916 0.9995037 -0.03089494 116.7538 -0.8960177 0.008211908 0.4439425 -104.9348 0 0 0 1
176 0 0.4439604 0.03047027 0.8955283 -38.93076 -0.006230864 0.9995025 -0.03091903 116.7493 -0.8960248 0.008146911 0.4439294 -104.9407 0 0 0 1
176 1 0.4439604 0.03047027 0.8955283 -39.46348 -0.006230864 0.9995025 -0.03091903 116.7493 -0.8960248 0.008146911 0.4439294 -104.9407 0 0 0 1
177 0 0.4439233 0.0304473 0.8955474 -38.93528 -0.006296467 0.9995039 -0.03086051 116.7394 -0.8960427 0.008060915 0.4438947 -104.9478 0 0 0 1
177 1 0.4439233 0.0304473 0.8955474 -39.46801 -0.006296467 0.9995039 -0.03086051 116.7394 -0.8960427 0.008060915 0.4438947 -104.9478 0 0 0 1
178 0 0.4439638 0.03047829 0.8955262 -38.92522 -0.006328669 0.9995031 -0.03087955 116.7384 -0.8960224 0.008041914 0.4439361 -104.951 0 0 0 1
178 1 0.4439638 0.03047829 0.8955262 -39.45794 -0.006328669 0.9995031 -0.03087955 116.7384 -0.8960224 0.008041914 0.4439361 -104.951 0 0 0 1
179 0 0.444042 0.03049123 0.895487 -38.91474 -0.006143497 0.9995009 -0.03098654 116.7613 -0.8959849 0.008257907 0.4440078 -104.9318 0 0 0 1
179 1 0.444042 0.03049123 0.895487 -39.44747 -0.006143497 0.9995009 -0.03098654 116.7614 -0.8959849 0.008257907 0.4440078 -104.9318 0 0 0 1
180 0 0.4439917 0.03051626 0.8955112 -38.9188 -0.006302583 0.9995015 -0.03093514 116.745 -0.8960087 0.008090911 0.4439627 -104.953 0 0 0 1
180 1 0.4439917 0.03051626 0.8955112 -39.45152 -0.006302583 0.9995015 -0.03093514 116.745 -0.8960087 0.008090911 0.4439627 -104.953 0 0 0 1
181 0 0.4439096 0.03055224 0.8955507 -38.92463 -0.006297808 0.9995003 -0.03097683 116.7488 -0.8960496 0.00811091 0.4438801 -104.9482 0 0 0 1
181 1 0.4439096 0.03055224 0.8955507 -39.45736 -0.006297808 0.9995003 -0.03097683 116.7488 -0.8960496 0.00811091 0.4438801 -104.9482 0 0 0 1
182 0 0.4440233 0.0305912 0.8954929 -38.91105 -0.006254513 0.9994985 -0.03104292 116.7576 -0.8959935 0.008182908 0.4439919 -104.9442 0 0 0 1
182 1 0.4440233 0.0305912 0.8954929 -39.44376 -0.006254513 0.9994985 -0.03104292 116.7576 -0.8959935 0.008182908 0.4439919 -104.9442 0 0 0 1
183 0 0.4440875 0.03063216 0.8954597 -38.89992 -0.006187099 0.9994964 -0.0311227 116.7694 -0.8959622 0.008280906 0.4440534 -104.9363 0 0 0 1
183 1 0.4440875 0.03063216 0.8954597 -39.43265 -0.006187099 0.9994964 -0.0311227 116.7694 -0.8959622 0.008280906 0.4440534 -104.9363 0 0 0 1
184 0 0.4441372 0.03060719 0.8954359 -38.89945 -0.006253021 0.9994979 -0.03106267 116.7595 -0.895937 0.008196909 0.4441056 -104.949 0 0 0 1
184 1 0.4441372 0.03060719 0.8954359 -39.43218 -0.006253021 0.9994979 -0.03106267 116.7595 -0.895937 0.008196909 0.4441056 -104.949 0 0 0 1
185 0 0.4442813 0.03064217 0.8953632 -38.8797 -0.006243099 0.9994965 -0.0311081 116.764 -0.8958656 0.008230907 0.4442489 -104.9522 0 0 0 1
185 1 0.4442813 0.03064217 0.8953632 -39.41241 -0.006243099 0.9994965 -0.0311081 116.764 -0.8958656 0.008230907 0.4442489 -104.9522 0 0 0 1
186 0 0.4442979 0.03075709 0.8953511 -38.86755 -0.006233839 0.9994924 -0.03124116 116.7757 -0.8958575 0.008298903 0.4442641 -104.9453 0 0 0 1
186 1 0.4442979 0.03075709 0.8953511 -39.40027 -0.006233839 0.9994924 -0.03124116 116.7756 -0.8958575 0.008298903 0.4442641 -104.9453 0 0 0 1
187 0 0.4443774 0.03070416 0.8953134 -38.8665 -0.006369018 0.9994955 -0.03111584 116.7551 -0.895817 0.00812491 0.4443488 -104.9684 0 0 0 1
187 1 0.4443774 0.03070416 0.8953134 -39.39923 -0.006369018 0.9994955 -0.03111584 116.7551 -0.895817 0.00812491 0.4443488 -104.9684 0 0 0 1
188 0 0.4443375 0.0308071 0.8953297 -38.86093 -0.006382044 0.999492 -0.03122389 116.763 -0.8958368 0.008159909 0.4443084 -104.9628 0 0 0 1
188 1 0.4443375 0.0308071 0.8953297 -39.39367 -0.006382044 0.999492 -0.03122389 116.763 -0.8958368 0.008159909 0.4443084 -104.9628 0 0 0 1
189 0 0.4443621 0.03076912 0.8953187 -38.86394 -0.006352567 0.9994931 -0.03119636 116.7631 -0.8958248 0.008174909 0.4443323 -104.9633 0 0 0 1
189 1 0.4443621 0.03076912 0.8953187 -39.39666 -0.006352567 0.9994931 -0.03119636 116.7631 -0.8958248 0.008174909 0.4443323 -104.9633 0 0 0 1
190 0 0.4443796 0.03079009 0.8953094 -38.86089 -0.006285425 0.9994918 -0.03125325 116.7729 -0.8958167 0.008260907 0.4443472 -104.9559 0 0 0 1
190 1 0.4443796 0.03079009 0.8953094 -39.39361 -0.006285425 0.9994918 -0.03125325 116.7729 -0.8958167 0.008260907 0.4443472 -104.9559 0 0 0 1
191 0 0.4445344 0.03082509 0.8952312 -38.84045 -0.006418428 0.9994917 -0.03122792 116.7607 -0.8957388 0.008135908 0.4445063 -104.978 0 0 0 1
191 1 0.4445344 0.03082509 0.8952312 -39.37317 -0.006418428 0.9994917 -0.03122792 116.7607 -0.8957388 0.008135908 0.4445063 -104.978 0 0 0 1
192 0 0.4444948 0.03086405 0.8952496 -38.84301 -0.006342971 0.9994897 -0.03130846 116.7731 -0.895759 0.008237906 0.4444637 -104.9644 0 0 0 1
192 1 0.4444948 0.03086405 0.8952496 -39.37574 -0.006342971 0.9994897 -0.03130846 116.7731 -0.895759 0.008237906 0.4444637 -104.9644 0 0 0 1
193 0 0.4445244 0.03088905 0.8952341 -38.83885 -0.00638201 0.9994891 -0.03131729 116.7709 -0.8957441 0.008207912 0.4444944 -104.969 0 0 0 1
193 1 0.4445244 0.03088905 0.8952341 -39.37157 -0.00638201 0.9994891 -0.03131729 116.7709 -0.8957441 0.008207912 0.4444944 -104.969 0 0 0 1
194 0 0.4445326 0.03091005 0.8952293 -38.83638 -0.006440036 0.9994889 -0.03131203 116.7661 -0.8957396 0.008153911 0.4445044 -104.9754 0 0 0 1
194 1 0.4445326 0.03091005 0.8952293 -39.36911 -0.006440036 0.9994889 -0.03131203 116.7661 -0.8957396 0.008153911 0.4445044 -104.9754 0 0 0 1
195 0 0.4445981 0.03098299 0.8951942 -38.82324 -0.006390555 0.9994859 -0.0314187 116.7787 -0.8957074 0.008247906 0.4445675 -104.9668 0 0 0 1
195 1 0.4445981 0.03098299 0.8951942 -39.35597 -0.006390555 0.9994859 -0.0314187 116.7787 -0.8957074 0.008247906 0.4445675 -104.9668 0 0 0 1
196 0 0.4446358 0.03092803 0.8951773 -38.82591 -0.006410426 0.999488 -0.03134785 116.7714 -0.8956885 0.008199909 0.4446064 -104.9743 0 0 0 1
196 1 0.4446358 0.03092803 0.8951773 -39.35864 -0.006410426 0.999488 -0.03134785 116.7714 -0.8956885 0.008199909 0.4446064 -104.9743 0 0 0 1
197 0 0.4446846 0.03098601 0.8951511 -38.81332 -0.006467516 0.9994864 -0.03138474 116.77 -0.8956639 0.008166909 0.4446566 -104.9808 0 0 0 1
197 1 0.4446846 0.03098601 0.8951511 -39.34604 -0.006467516 0.9994864 -0.03138474 116.77 -0.8956639 0.008166909 0.4446566 -104.9808 0 0 0 1
198 0 0.4446583 0.03097102 0.8951647 -38.81886 -0.006475161 0.999487 -0.03136395 116.7678 -0.895677 0.008149909 0.4446307 -104.9838 0 0 0 1
198 1 0.4446583 0.03097102 0.8951647 -39.35157 -0.006475161 0.999487 -0.03136395 116.7678 -0.895677 0.008149909 0.4446307 -104.9838 0 0 0 1
199 0 0.4446704 0.03103395 0.8951564 -38.81018 -0.006392475 0.9994841 -0.03147539 116.7832 -0.8956714 0.008273904 0.4446394 -104.9727 0 0 0 1
199 1 0.4446704 0.03103395 0.8951564 -39.3429 -0.006392475 0.9994841 -0.03147539 116.7832 -0.8956714 0.008273904 0.4446394 -104.9727 0 0 0 1
200 0 0.4447067 0.03106596 0.8951374 -38.80176 -0.006470727 0.9994836 -0.03147265 116.777 -0.8956529 0.008203907 0.4446781 -104.9867 0 0 0 1
200 1 0.4447067 0.03106596 0.8951374 -39.33449 -0.006470727 0.9994836 -0.03147265 116.777 -0.8956529 0.008203907 0.4446781 -104.9867 0 0 0 1
201 0 0.4447594 0.03101898 0.8951128 -38.80212 -0.006440017 0.999485 -0.03143598 116.7764 -0.895627 0.008216908 0.4447301 -104.9887 0 0 0 1
201 1 0.4447594 0.03101898 0.8951128 -39.33485 -0.006440017 0.999485 -0.03143598 116.7764 -0.895627 0.008216908 0.4447301 -104.9888 0 0 0 1
202 0 0.4447682 0.03108794 0.895106 -38.79766 -0.006482681 0.999483 -0.03149189 116.7778 -0.8956222 0.008203908 0.4447399 -104.9888 0 0 0 1
202 1 0.4447682 0.03108794 0.895106 -39.33038 -0.006482681 0.999483 -0.03149189 116.7778 -0.8956222 0.008203908 0.4447399 -104.9888 0 0 0 1
203 0 0.4447731 0.03106696 0.8951043 -38.80169 -0.00649412 0.9994838 -0.03146283 116.7747 -0.8956198 0.008180908 0.4447454 -104.9926 0 0 0 1
203 1 0.4447731 0.03106696 0.8951043 -39.33441 -0.00649412 0.9994838 -0.03146283 116.7747 -0.8956198 0.008180908 0.4447454 -104.9926 0 0 0 1
204 0 0.4447652 0.03108595 0.8951076 -38.80368 -0.006500502 0.9994832 -0.03148078 116.7757 -0.8956236 0.008182906 0.4447374 -104.992 0 0 0 1
204 1 0.4447652 0.03108595 0.8951076 -39.3364 -0.006500502 0.9994832 -0.03148078 116.7757 -0.8956236 0.008182906 0.4447374 -104.992 0 0 0 1
205 0 0.4448017 0.03109495 0.8950891 -38.80059 -0.006532676 0.9994832 -0.03147523 116.7729 -0.8956053 0.008152911 0.4447749 -104.9975 0 0 0 1
205 1 0.4448017 0.03109495 0.8950891 -39.33332 -0.006532676 0.9994832 -0.03147523 116.7729 -0.8956053 0.008152911 0.4447749 -104.9975 0 0 0 1
206 0 0.4448183 0.03121288 0.8950767 -38.7893 -0.006545449 0.9994791 -0.03160074 116.7823 -0.8955968 0.008197906 0.4447909 -104.9914 0 0 0 1
206 1 0.4448183 0.03121288 0.8950767 -39.32203 -0.006545449 0.9994791 -0.03160074 116.7823 -0.8955968 0.008197906 0.4447909 -104.9914 0 0 0 1
207 0 0.4448971 0.03116092 0.8950394 -38.78841 -0.006562723 0.9994811 -0.03153494 116.7756 -0.8955576 0.008155908 0.4448708 -104.9993 0 0 0 1
207 1 0.4448971 0.03116092 0.8950394 -39.32113 -0.006562723 0.9994811 -0.03153494 116.7756 -0.8955576 0.008155908 0.4448708 -104.9993 0 0 0 1
208 0 0.4449257 0.03122887 0.8950228 -38.78035 -0.006555468 0.9994786 -0.03161472 116.7828 -0.8955435 0.008198909 0.4448985 -104.9954 0 0 0 1
208 1 0.4449257 0.03122887 0.8950228 -39.31307 -0.006555468 0.9994786 -0.03161472 116.7828 -0.8955435 0.008198909 0.4448985 -104.9954 0 0 0 1
209 0 0.4450316 0.03123288 0.89497 -38.77055 -0.006605792 0.9994789 -0.03159527 116.7775 -0.8954905 0.00814891 0.4450061 -105.0052 0 0 0 1
209 1 0.4450316 0.03123288 0.89497 -39.30327 -0.006605792 0.9994789 -0.03159527 116.7775 -0.8954905 0.00814891 0.4450061 -105.0052 0 0 0 1
210 0 0.4450139 0.03123887 0.8949786 -38.77154 -0.006571996 0.9994784 -0.03161857 116.7819 -0.8954995 0.008188908 0.4449871 -104.9992 0 0 0 1
210 1 0.4450139 0.03123887 0.8949786 -39.30426 -0.006571996 0.9994784 -0.03161857 116.7819 -0.8954995 0.008188908 0.4449871 -104.9992 0 0 0 1
211 0 0.4450087 0.03121891 0.894982 -38.77413 -0.0066776 0.9994801 -0.03154375 116.7677 -0.8955014 0.008060913 0.4449857 -105.0121 0 0 0 1
211 1 0.4450087 0.03121891 0.894982 -39.30685 -0.0066776 0.9994801 -0.03154375 116.7677 -0.8955014 0.008060913 0.4449857 -105.0121 0 0 0 1
212 0 0.4450831 0.0312189 0.8949448 -38.7654 -0.006647967 0.9994798 -0.03155922 116.7712 -0.8954645 0.00809691 0.4450592 -105.0098 0 0 0 1
212 1 0.4450831 0.0312189 0.8949448 -39.29812 -0.006647967 0.9994798 -0.03155922 116.7712 -0.8954645 0.00809691 0.4450592 -105.0098 0 0 0 1
213 0 0.4451647 0.03122491 0.8949042 -38.75708 -0.006672339 0.9994798 -0.03155464 116.769 -0.8954239 0.008075912 0.4451415 -105.0143 0 0 0 1
213 1 0.4451647 0.03122491 0.8949042 -39.2898 -0.006672339 0.9994798 -0.03155464 116.769 -0.8954239 0.008075912 0.4451415 -105.0143 0 0 0 1
214 0 0.4452195 0.0312819 0.8948749 -38.74602 -0.00676954 0.9994786 -0.03157051 116.7629 -0.8953959 0.007997913 0.4451991 -105.0251 0 0 0 1
214 1 0.4452195 0.0312819 0.8948749 -39.27875 -0.00676954 0.9994786 -0.03157051 116.7629 -0.8953959 0.007997913 0.4451991 -105.0251 0 0 0 1
215 0 0.4452598 0.03131486 0.8948538 -38.74142 -0.006716681 0.999477 -0.03163401 116.7722 -0.8953764 0.008074912 0.4452372 -105.0153 0 0 0 1
215 1 0.4452598 0.03131486 0.8948538 -39.27414 -0.006716681 0.999477 -0.03163401 116.7722 -0.8953764 0.008074912 0.4452372 -105.0153 0 0 0 1
216 0 0.4453005 0.03128189 0.8948346 -38.7437 -0.006758062 0.9994785 -0.03157702 116.7645 -0.8953556 0.008013914 0.4452797 -105.0206 0 0 0 1
216 1 0.4453005 0.03128189 0.8948346 -39.27643 -0.006758062 0.9994785 -0.03157702 116.7645 -0.8953556 0.008013914 0.4452797 -105.0206 0 0 0 1
217 0 0.4453549 0.03139083 0.8948037 -38.72939 -0.006789739 0.9994749 -0.03168349 116.7709 -0.8953285 0.008034914 0.4453341 -105.0172 0 0 0 1
217 1 0.4453549 0.03139083 0.8948037 -39.26212 -0.006789739 0.9994749 -0.03168349 116.7709 -0.8953285 0.008034914 0.4453341 -105.0172 0 0 0 1
218 0 0.4453912 0.03139085 0.8947856 -38.72921 -0.006861799 0.9994755 -0.03164803 116.7626 -0.8953098 0.007955916 0.4453731 -105.0262 0 0 0 1
218 1 0.4453912 0.03139085 0.8947856 -39.26194 -0.006861799 0.9994755 -0.03164803 116.7626 -0.8953098 0.007955916 0.4453731 -105.0262 0 0 0 1
219 0 0.4453557 0.0314358 0.8948017 -38.73061 -0.006775776 0.9994732 -0.03174067 116.7768 -0.8953282 0.008072915 0.4453341 -105.0104 0 0 0 1
219 1 0.4453557 0.0314358 0.8948017 -39.26333 -0.006775776 0.9994732 -0.03174067 116.7768 -0.8953282 0.008072915 0.4453341 -105.0104 0 0 0 1
220 0 0.4453388 0.03143981 0.89481 -38.73506 -0.006854009 0.9994738 -0.03170608 116.7681 -0.895336 0.007986913 0.44532 -105.0211 0 0 0 1
220 1 0.4453388 0.03143981 0.89481 -39.26778 -0.006854009 0.9994738 -0.03170608 116.7681 -0.895336 0.007986913 0.44532 -105.0211 0 0 0 1
221 0 0.4453188 0.03141982 0.8948206 -38.74077 -0.006832737 0.9994743 -0.03169413 116.7688 -0.895346 0.007999914 0.4452993 -105.02 0 0 0 1
221 1 0.4453188 0.03141982 0.8948206 -39.27348 -0.006832737 0.9994743 -0.03169413 116.7688 -0.895346 0.007999914 0.4452993 -105.02 0 0 0 1
222 0 0.4453377 0.03140285 0.8948119 -38.74343 -0.006884961 0.9994753 -0.03164938 116.7612 -0.8953363 0.007933918 0.4453202 -105.0287 0 0 0 1
222 1 0.4453377 0.03140285 0.8948119 -39.27616 -0.006884961 0.9994753 -0.03164938 116.7612 -0.8953363 0.007933918 0.4453202 -105.0287 0 0 0 1
223 0 0.4453334 0.03139584 0.8948143 -38.74685 -0.006818088 0.999475 -0.03167477 116.7685 -0.8953389 0.008004913 0.4453137 -105.0219 0 0 0 1
223 1 0.4453334 0.03139584 0.8948143 -39.27958 -0.006818088 0.999475 -0.03167477 116.7685 -0.8953389 0.008004913 0.4453137 -105.0219 0 0 0 1
224 0 0.4454262 0.0314718 0.8947654 -38.73047 -0.006874952 0.9994727 -0.03173226 116.7689 -0.8952923 0.007982913 0.4454077 -105.0278 0 0 0 1
224 1 0.4454262 0.0314718 0.8947654 -39.2632 -0.006874952 0.9994727 -0.03173226 116.7689 -0.8952923 0.007982913 0.4454077 -105.0278 0 0 0 1
225 0 0.4454445 0.03146479 0.8947566 -38.73218 -0.006835748 0.9994727 -0.03174412 116.773 -0.8952836 0.008023913 0.4454246 -105.0232 0 0 0 1
225 1 0.4454445 0.03146479 0.8947566 -39.26491 -0.006835748 0.9994727 -0.03174412 116.773 -0.8952836 0.008023913 0.4454246 -105.0232 0 0 0 1
226 0 0.445532 0.03152975 0.8947107 -38.71868 -0.006829309 0.9994702 -0.03182076 116.7798 -0.8952399 0.008066912 0.4455113 -105.0202 0 0 0 1
226 1 0.445532 0.03152975 0.8947107 -39.2514 -0.006829309 0.9994702 -0.03182076 116.7798 -0.8952399 0.008066912 0.4455113 -105.0202 0 0 0 1
227 0 0.4456131 0.0314948 0.8946716 -38.71568 -0.006952739 0.9994726 -0.0317211 116.7623 -0.8951987 0.007914921 0.4455971 -105.041 0 0 0 1
227 1 0.4456131 0.0314948 0.8946716 -39.24841 -0.006952739 0.9994726 -0.0317211 116.7623 -0.8951987 0.007914921 0.4455971 -105.041 0 0 0 1
228 0 0.4456403 0.03152977 0.8946567 -38.71291 -0.006889592 0.9994708 -0.03179186 116.7731 -0.8951856 0.008003915 0.4456217 -105.035 0 0 0 1
228 1 0.4456403 0.03152977 0.8946567 -39.24565 -0.006889592 0.9994708 -0.03179186 116.7731 -0.8951856 0.008003915 0.4456217 -105.035 0 0 0 1
229 0 0.4455587 0.03148879 0.8946988 -38.72859 -0.006887226 0.9994722 -0.03174645 116.7696 -0.8952263 0.007982915 0.4455404 -105.0346 0 0 0 1
229 1 0.4455587 0.03148879 0.8946988 -39.26131 -0.006887226 0.9994722 -0.03174645 116.7696 -0.8952263 0.007982915 0.4455404 -105.0346 0 0 0 1
230 0 0.4455697 0.03155275 0.8946911 -38.72036 -0.006918835 0.9994702 -0.03180228 116.7718 -0.8952206 0.007979917 0.4455519 -105.0361 0 0 0 1
230 1 0.4455697 0.03155275 0.8946911 -39.25309 -0.006918835 0.9994702 -0.03180228 116.7718 -0.8952206 0.007979917 0.4455519 -105.0361 0 0 0 1
231 0 0.4456037 0.03156075 0.8946738 -38.71889 -0.006924505 0.99947 -0.03180873 116.772 -0.8952036 0.007978914 0.445586 -105.0434 0 0 0 1
231 1 0.4456037 0.03156075 0.8946738 -39.25161 -0.006924505 0.99947 -0.03180873 116.772 -0.8952036 0.007978914 0.445586 -105.0434 0 0 0 1
232 0 0.4455792 0.03158274 0.8946853 -38.72129 -0.006937028 0.9994693 -0.03182682 116.7727 -0.8952156 0.007974914 0.4455619 -105.0543 0 0 0 1
232 1 0.4455792 0.03158274 0.8946853 -39.25402 -0.006937028 0.9994693 -0.03182682 116.7727 -0.8952156 0.007974914 0.4455619 -105.0543 0 0 0 1
