frame cameraID K[0,0] K[1,1] K[0,2] K[1,2]
0 0 725.0087 725.0087 620.5 187
0 1 725.0087 725.0087 620.5 187
1 0 725.0087 725.0087 620.5 187
1 1 725.0087 725.0087 620.5 187
2 0 725.0087 725.0087 620.5 187
2 1 725.0087 725.0087 620.5 187
3 0 725.0087 725.0087 620.5 187
3 1 725.0087 725.0087 620.5 187
4 0 725.0087 725.0087 620.5 187
4 1 725.0087 725.0087 620.5 187
5 0 725.0087 725.0087 620.5 187
5 1 725.0087 725.0087 620.5 187
6 0 725.0087 725.0087 620.5 187
6 1 725.0087 725.0087 620.5 187
7 0 725.0087 725.0087 620.5 187
7 1 725.0087 725.0087 620.5 187
8 0 725.0087 725.0087 620.5 187
8 1 725.0087 725.0087 620.5 187
9 0 725.0087 725.0087 620.5 187
9 1 725.0087 725.0087 620.5 187
10 0 725.0087 725.0087 620.5 187
10 1 725.0087 725.0087 620.5 187
11 0 725.0087 725.0087 620.5 187
11 1 725.0087 725.0087 620.5 187
12 0 725.0087 725.0087 620.5 187
12 1 725.0087 725.0087 620.5 187
13 0 725.0087 725.0087 620.5 187
13 1 725.0087 725.0087 620.5 187
14 0 725.0087 725.0087 620.5 187
14 1 725.0087 725.0087 620.5 187
15 0 725.0087 725.0087 620.5 187
15 1 725.0087 725.0087 620.5 187
16 0 725.0087 725.0087 620.5 187
16 1 725.0087 725.0087 620.5 187
17 0 725.0087 725.0087 620.5 187
17 1 725.0087 725.0087 620.5 187
18 0 725.0087 725.0087 620.5 187
18 1 725.0087 725.0087 620.5 187
19 0 725.0087 725.0087 620.5 187
19 1 725.0087 725.0087 620.5 187
20 0 725.0087 725.0087 620.5 187
20 1 725.0087 725.0087 620.5 187
21 0 725.0087 725.0087 620.5 187
21 1 725.0087 725.0087 620.5 187
22 0 725.0087 725.0087 620.5 187
22 1 725.0087 725.0087 620.5 187
23 0 725.0087 725.0087 620.5 187
23 1 725.0087 725.0087 620.5 187
24 0 725.0087 725.0087 620.5 187
24 1 725.0087 725.0087 620.5 187
25 0 725.0087 725.0087 620.5 187
25 1 725.0087 725.0087 620.5 187
26 0 725.0087 725.0087 620.5 187
26 1 725.0087 725.0087 620.5 187
27 0 725.0087 725.0087 620.5 187
27 1 725.0087 725.0087 620.5 187
28 0 725.0087 725.0087 620.5 187
28 1 725.0087 725.0087 620.5 187
29 0 725.0087 725.0087 620.5 187
29 1 725.0087 725.0087 620.5 187
30 0 725.0087 725.0087 620.5 187
30 1 725.0087 725.0087 620.5 187
31 0 725.0087 725.0087 620.5 187
31 1 725.0087 725.0087 620.5 187
32 0 725.0087 725.0087 620.5 187
32 1 725.0087 725.0087 620.5 187
33 0 725.0087 725.0087 620.5 187
33 1 725.0087 725.0087 620.5 187
34 0 725.0087 725.0087 620.5 187
34 1 725.0087 725.0087 620.5 187
35 0 725.0087 725.0087 620.5 187
35 1 725.0087 725.0087 620.5 187
36 0 725.0087 725.0087 620.5 187
36 1 725.0087 725.0087 620.5 187
37 0 725.0087 725.0087 620.5 187
37 1 725.0087 725.0087 620.5 187
38 0 725.0087 725.0087 620.5 187
38 1 725.0087 725.0087 620.5 187
39 0 725.0087 725.0087 620.5 187
39 1 725.0087 725.0087 620.5 187
40 0 725.0087 725.0087 620.5 187
40 1 725.0087 725.0087 620.5 187
41 0 725.0087 725.0087 620.5 187
41 1 725.0087 725.0087 620.5 187
42 0 725.0087 725.0087 620.5 187
42 1 725.0087 725.0087 620.5 187
43 0 725.0087 725.0087 620.5 187
43 1 725.0087 725.0087 620.5 187
44 0 725.0087 725.0087 620.5 187
44 1 725.0087 725.0087 620.5 187
45 0 725.0087 725.0087 620.5 187
45 1 725.0087 725.0087 620.5 187
46 0 725.0087 725.0087 620.5 187
46 1 725.0087 725.0087 620.5 187
47 0 725.0087 725.0087 620.5 187
47 1 725.0087 725.0087 620.5 187
48 0 725.0087 725.0087 620.5 187
48 1 725.0087 725.0087 620.5 187
49 0 725.0087 725.0087 620.5 187
49 1 725.0087 725.0087 620.5 187
50 0 725.0087 725.0087 620.5 187
50 1 725.0087 725.0087 620.5 187
51 0 725.0087 725.0087 620.5 187
51 1 725.0087 725.0087 620.5 187
52 0 725.0087 725.0087 620.5 187
52 1 725.0087 725.0087 620.5 187
53 0 725.0087 725.0087 620.5 187
53 1 725.0087 725.0087 620.5 187
54 0 725.0087 725.0087 620.5 187
54 1 725.0087 725.0087 620.5 187
55 0 725.0087 725.0087 620.5 187
55 1 725.0087 725.0087 620.5 187
56 0 725.0087 725.0087 620.5 187
56 1 725.0087 725.0087 620.5 187
57 0 725.0087 725.0087 620.5 187
57 1 725.0087 725.0087 620.5 187
58 0 725.0087 725.0087 620.5 187
58 1 725.0087 725.0087 620.5 187
59 0 725.0087 725.0087 620.5 187
59 1 725.0087 725.0087 620.5 187
60 0 725.0087 725.0087 620.5 187
60 1 725.0087 725.0087 620.5 187
61 0 725.0087 725.0087 620.5 187
61 1 725.0087 725.0087 620.5 187
62 0 725.0087 725.0087 620.5 187
62 1 725.0087 725.0087 620.5 187
63 0 725.0087 725.0087 620.5 187
63 1 725.0087 725.0087 620.5 187
64 0 725.0087 725.0087 620.5 187
64 1 725.0087 725.0087 620.5 187
65 0 725.0087 725.0087 620.5 187
65 1 725.0087 725.0087 620.5 187
66 0 725.0087 725.0087 620.5 187
66 1 725.0087 725.0087 620.5 187
67 0 725.0087 725.0087 620.5 187
67 1 725.0087 725.0087 620.5 187
68 0 725.0087 725.0087 620.5 187
68 1 725.0087 725.0087 620.5 187
69 0 725.0087 725.0087 620.5 187
69 1 725.0087 725.0087 620.5 187
70 0 725.0087 725.0087 620.5 187
70 1 725.0087 725.0087 620.5 187
71 0 725.0087 725.0087 620.5 187
71 1 725.0087 725.0087 620.5 187
72 0 725.0087 725.0087 620.5 187
72 1 725.0087 725.0087 620.5 187
73 0 725.0087 725.0087 620.5 187
73 1 725.0087 725.0087 620.5 187
74 0 725.0087 725.0087 620.5 187
74 1 725.0087 725.0087 620.5 187
75 0 725.0087 725.0087 620.5 187
75 1 725.0087 725.0087 620.5 187
76 0 725.0087 725.0087 620.5 187
76 1 725.0087 725.0087 620.5 187
77 0 725.0087 725.0087 620.5 187
77 1 725.0087 725.0087 620.5 187
78 0 725.0087 725.0087 620.5 187
78 1 725.0087 725.0087 620.5 187
79 0 725.0087 725.0087 620.5 187
79 1 725.0087 725.0087 620.5 187
80 0 725.0087 725.0087 620.5 187
80 1 725.0087 725.0087 620.5 187
81 0 725.0087 725.0087 620.5 187
81 1 725.0087 725.0087 620.5 187
82 0 725.0087 725.0087 620.5 187
82 1 725.0087 725.0087 620.5 187
83 0 725.0087 725.0087 620.5 187
83 1 725.0087 725.0087 620.5 187
84 0 725.0087 725.0087 620.5 187
84 1 725.0087 725.0087 620.5 187
85 0 725.0087 725.0087 620.5 187
85 1 725.0087 725.0087 620.5 187
86 0 725.0087 725.0087 620.5 187
86 1 725.0087 725.0087 620.5 187
87 0 725.0087 725.0087 620.5 187
87 1 725.0087 725.0087 620.5 187
88 0 725.0087 725.0087 620.5 187
88 1 725.0087 725.0087 620.5 187
89 0 725.0087 725.0087 620.5 187
89 1 725.0087 725.0087 620.5 187
90 0 725.0087 725.0087 620.5 187
90 1 725.0087 725.0087 620.5 187
91 0 725.0087 725.0087 620.5 187
91 1 725.0087 725.0087 620.5 187
92 0 725.0087 725.0087 620.5 187
92 1 725.0087 725.0087 620.5 187
93 0 725.0087 725.0087 620.5 187
93 1 725.0087 725.0087 620.5 187
94 0 725.0087 725.0087 620.5 187
94 1 725.0087 725.0087 620.5 187
95 0 725.0087 725.0087 620.5 187
95 1 725.0087 725.0087 620.5 187
96 0 725.0087 725.0087 620.5 187
96 1 725.0087 725.0087 620.5 187
97 0 725.0087 725.0087 620.5 187
97 1 725.0087 725.0087 620.5 187
98 0 725.0087 725.0087 620.5 187
98 1 725.0087 725.0087 620.5 187
99 0 725.0087 725.0087 620.5 187
99 1 725.0087 725.0087 620.5 187
100 0 725.0087 725.0087 620.5 187
100 1 725.0087 725.0087 620.5 187
101 0 725.0087 725.0087 620.5 187
101 1 725.0087 725.0087 620.5 187
102 0 725.0087 725.0087 620.5 187
102 1 725.0087 725.0087 620.5 187
103 0 725.0087 725.0087 620.5 187
103 1 725.0087 725.0087 620.5 187
104 0 725.0087 725.0087 620.5 187
104 1 725.0087 725.0087 620.5 187
105 0 725.0087 725.0087 620.5 187
105 1 725.0087 725.0087 620.5 187
106 0 725.0087 725.0087 620.5 187
106 1 725.0087 725.0087 620.5 187
107 0 725.0087 725.0087 620.5 187
107 1 725.0087 725.0087 620.5 187
108 0 725.0087 725.0087 620.5 187
108 1 725.0087 725.0087 620.5 187
109 0 725.0087 725.0087 620.5 187
109 1 725.0087 725.0087 620.5 187
110 0 725.0087 725.0087 620.5 187
110 1 725.0087 725.0087 620.5 187
111 0 725.0087 725.0087 620.5 187
111 1 725.0087 725.0087 620.5 187
112 0 725.0087 725.0087 620.5 187
112 1 725.0087 725.0087 620.5 187
113 0 725.0087 725.0087 620.5 187
113 1 725.0087 725.0087 620.5 187
114 0 725.0087 725.0087 620.5 187
114 1 725.0087 725.0087 620.5 187
115 0 725.0087 725.0087 620.5 187
115 1 725.0087 725.0087 620.5 187
116 0 725.0087 725.0087 620.5 187
116 1 725.0087 725.0087 620.5 187
117 0 725.0087 725.0087 620.5 187
117 1 725.0087 725.0087 620.5 187
118 0 725.0087 725.0087 620.5 187
118 1 725.0087 725.0087 620.5 187
119 0 725.0087 725.0087 620.5 187
119 1 725.0087 725.0087 620.5 187
120 0 725.0087 725.0087 620.5 187
120 1 725.0087 725.0087 620.5 187
121 0 725.0087 725.0087 620.5 187
121 1 725.0087 725.0087 620.5 187
122 0 725.0087 725.0087 620.5 187
122 1 725.0087 725.0087 620.5 187
123 0 725.0087 725.0087 620.5 187
123 1 725.0087 725.0087 620.5 187
124 0 725.0087 725.0087 620.5 187
124 1 725.0087 725.0087 620.5 187
125 0 725.0087 725.0087 620.5 187
125 1 725.0087 725.0087 620.5 187
126 0 725.0087 725.0087 620.5 187
126 1 725.0087 725.0087 620.5 187
127 0 725.0087 725.0087 620.5 187
127 1 725.0087 725.0087 620.5 187
128 0 725.0087 725.0087 620.5 187
128 1 725.0087 725.0087 620.5 187
129 0 725.0087 725.0087 620.5 187
129 1 725.0087 725.0087 620.5 187
130 0 725.0087 725.0087 620.5 187
130 1 725.0087 725.0087 620.5 187
131 0 725.0087 725.0087 620.5 187
131 1 725.0087 725.0087 620.5 187
132 0 725.0087 725.0087 620.5 187
132 1 725.0087 725.0087 620.5 187
133 0 725.0087 725.0087 620.5 187
133 1 725.0087 725.0087 620.5 187
134 0 725.0087 725.0087 620.5 187
134 1 725.0087 725.0087 620.5 187
135 0 725.0087 725.0087 620.5 187
135 1 725.0087 725.0087 620.5 187
136 0 725.0087 725.0087 620.5 187
136 1 725.0087 725.0087 620.5 187
137 0 725.0087 725.0087 620.5 187
137 1 725.0087 725.0087 620.5 187
138 0 725.0087 725.0087 620.5 187
138 1 725.0087 725.0087 620.5 187
139 0 725.0087 725.0087 620.5 187
139 1 725.0087 725.0087 620.5 187
140 0 725.0087 725.0087 620.5 187
140 1 725.0087 725.0087 620.5 187
141 0 725.0087 725.0087 620.5 187
141 1 725.0087 725.0087 620.5 187
142 0 725.0087 725.0087 620.5 187
142 1 725.0087 725.0087 620.5 187
143 0 725.0087 725.0087 620.5 187
143 1 725.0087 725.0087 620.5 187
144 0 725.0087 725.0087 620.5 187
144 1 725.0087 725.0087 620.5 187
145 0 725.0087 725.0087 620.5 187
145 1 725.0087 725.0087 620.5 187
146 0 725.0087 725.0087 620.5 187
146 1 725.0087 725.0087 620.5 187
147 0 725.0087 725.0087 620.5 187
147 1 725.0087 725.0087 620.5 187
148 0 725.0087 725.0087 620.5 187
148 1 725.0087 725.0087 620.5 187
149 0 725.0087 725.0087 620.5 187
149 1 725.0087 725.0087 620.5 187
150 0 725.0087 725.0087 620.5 187
150 1 725.0087 725.0087 620.5 187
151 0 725.0087 725.0087 620.5 187
151 1 725.0087 725.0087 620.5 187
152 0 725.0087 725.0087 620.5 187
152 1 725.0087 725.0087 620.5 187
153 0 725.0087 725.0087 620.5 187
153 1 725.0087 725.0087 620.5 187
154 0 725.0087 725.0087 620.5 187
154 1 725.0087 725.0087 620.5 187
155 0 725.0087 725.0087 620.5 187
155 1 725.0087 725.0087 620.5 187
156 0 725.0087 725.0087 620.5 187
156 1 725.0087 725.0087 620.5 187
157 0 725.0087 725.0087 620.5 187
157 1 725.0087 725.0087 620.5 187
158 0 725.0087 725.0087 620.5 187
158 1 725.0087 725.0087 620.5 187
159 0 725.0087 725.0087 620.5 187
159 1 725.0087 725.0087 620.5 187
160 0 725.0087 725.0087 620.5 187
160 1 725.0087 725.0087 620.5 187
161 0 725.0087 725.0087 620.5 187
161 1 725.0087 725.0087 620.5 187
162 0 725.0087 725.0087 620.5 187
162 1 725.0087 725.0087 620.5 187
163 0 725.0087 725.0087 620.5 187
163 1 725.0087 725.0087 620.5 187
164 0 725.0087 725.0087 620.5 187
164 1 725.0087 725.0087 620.5 187
165 0 725.0087 725.0087 620.5 187
165 1 725.0087 725.0087 620.5 187
166 0 725.0087 725.0087 620.5 187
166 1 725.0087 725.0087 620.5 187
167 0 725.0087 725.0087 620.5 187
167 1 725.0087 725.0087 620.5 187
168 0 725.0087 725.0087 620.5 187
168 1 725.0087 725.0087 620.5 187
169 0 725.0087 725.0087 620.5 187
169 1 725.0087 725.0087 620.5 187
170 0 725.0087 725.0087 620.5 187
170 1 725.0087 725.0087 620.5 187
171 0 725.0087 725.0087 620.5 187
171 1 725.0087 725.0087 620.5 187
172 0 725.0087 725.0087 620.5 187
172 1 725.0087 725.0087 620.5 187
173 0 725.0087 725.0087 620.5 187
173 1 725.0087 725.0087 620.5 187
174 0 725.0087 725.0087 620.5 187
174 1 725.0087 725.0087 620.5 187
175 0 725.0087 725.0087 620.5 187
175 1 725.0087 725.0087 620.5 187
176 0 725.0087 725.0087 620.5 187
176 1 725.0087 725.0087 620.5 187
177 0 725.0087 725.0087 620.5 187
177 1 725.0087 725.0087 620.5 187
178 0 725.0087 725.0087 620.5 187
178 1 725.0087 725.0087 620.5 187
179 0 725.0087 725.0087 620.5 187
179 1 725.0087 725.0087 620.5 187
180 0 725.0087 725.0087 620.5 187
180 1 725.0087 725.0087 620.5 187
181 0 725.0087 725.0087 620.5 187
181 1 725.0087 725.0087 620.5 187
182 0 725.0087 725.0087 620.5 187
182 1 725.0087 725.0087 620.5 187
183 0 725.0087 725.0087 620.5 187
183 1 725.0087 725.0087 620.5 187
184 0 725.0087 725.0087 620.5 187
184 1 725.0087 725.0087 620.5 187
185 0 725.0087 725.0087 620.5 187
185 1 725.0087 725.0087 620.5 187
186 0 725.0087 725.0087 620.5 187
186 1 725.0087 725.0087 620.5 187
187 0 725.0087 725.0087 620.5 187
187 1 725.0087 725.0087 620.5 187
188 0 725.0087 725.0087 620.5 187
188 1 725.0087 725.0087 620.5 187
189 0 725.0087 725.0087 620.5 187
189 1 725.0087 725.0087 620.5 187
190 0 725.0087 725.0087 620.5 187
190 1 725.0087 725.0087 620.5 187
191 0 725.0087 725.0087 620.5 187
191 1 725.0087 725.0087 620.5 187
192 0 725.0087 725.0087 620.5 187
192 1 725.0087 725.0087 620.5 187
193 0 725.0087 725.0087 620.5 187
193 1 725.0087 725.0087 620.5 187
194 0 725.0087 725.0087 620.5 187
194 1 725.0087 725.0087 620.5 187
195 0 725.0087 725.0087 620.5 187
195 1 725.0087 725.0087 620.5 187
196 0 725.0087 725.0087 620.5 187
196 1 725.0087 725.0087 620.5 187
197 0 725.0087 725.0087 620.5 187
197 1 725.0087 725.0087 620.5 187
198 0 725.0087 725.0087 620.5 187
198 1 725.0087 725.0087 620.5 187
199 0 725.0087 725.0087 620.5 187
199 1 725.0087 725.0087 620.5 187
200 0 725.0087 725.0087 620.5 187
200 1 725.0087 725.0087 620.5 187
201 0 725.0087 725.0087 620.5 187
201 1 725.0087 725.0087 620.5 187
202 0 725.0087 725.0087 620.5 187
202 1 725.0087 725.0087 620.5 187
203 0 725.0087 725.0087 620.5 187
203 1 725.0087 725.0087 620.5 187
204 0 725.0087 725.0087 620.5 187
204 1 725.0087 725.0087 620.5 187
205 0 725.0087 725.0087 620.5 187
205 1 725.0087 725.0087 620.5 187
206 0 725.0087 725.0087 620.5 187
206 1 725.0087 725.0087 620.5 187
207 0 725.0087 725.0087 620.5 187
207 1 725.0087 725.0087 620.5 187
208 0 725.0087 725.0087 620.5 187
208 1 725.0087 725.0087 620.5 187
209 0 725.0087 725.0087 620.5 187
209 1 725.0087 725.0087 620.5 187
210 0 725.0087 725.0087 620.5 187
210 1 725.0087 725.0087 620.5 187
211 0 725.0087 725.0087 620.5 187
211 1 725.0087 725.0087 620.5 187
212 0 725.0087 725.0087 620.5 187
212 1 725.0087 725.0087 620.5 187
213 0 725.0087 725.0087 620.5 187
213 1 725.0087 725.0087 620.5 187
214 0 725.0087 725.0087 620.5 187
214 1 725.0087 725.0087 620.5 187
215 0 725.0087 725.0087 620.5 187
215 1 725.0087 725.0087 620.5 187
216 0 725.0087 725.0087 620.5 187
216 1 725.0087 725.0087 620.5 187
217 0 725.0087 725.0087 620.5 187
217 1 725.0087 725.0087 620.5 187
218 0 725.0087 725.0087 620.5 187
218 1 725.0087 725.0087 620.5 187
219 0 725.0087 725.0087 620.5 187
219 1 725.0087 725.0087 620.5 187
220 0 725.0087 725.0087 620.5 187
220 1 725.0087 725.0087 620.5 187
221 0 725.0087 725.0087 620.5 187
221 1 725.0087 725.0087 620.5 187
222 0 725.0087 725.0087 620.5 187
222 1 725.0087 725.0087 620.5 187
223 0 725.0087 725.0087 620.5 187
223 1 725.0087 725.0087 620.5 187
224 0 725.0087 725.0087 620.5 187
224 1 725.0087 725.0087 620.5 187
225 0 725.0087 725.0087 620.5 187
225 1 725.0087 725.0087 620.5 187
226 0 725.0087 725.0087 620.5 187
226 1 725.0087 725.0087 620.5 187
227 0 725.0087 725.0087 620.5 187
227 1 725.0087 725.0087 620.5 187
228 0 725.0087 725.0087 620.5 187
228 1 725.0087 725.0087 620.5 187
229 0 725.0087 725.0087 620.5 187
229 1 725.0087 725.0087 620.5 187
230 0 725.0087 725.0087 620.5 187
230 1 725.0087 725.0087 620.5 187
231 0 725.0087 725.0087 620.5 187
231 1 725.0087 725.0087 620.5 187
232 0 725.0087 725.0087 620.5 187
232 1 725.0087 725.0087 620.5 187
233 0 725.0087 725.0087 620.5 187
233 1 725.0087 725.0087 620.5 187
234 0 725.0087 725.0087 620.5 187
234 1 725.0087 725.0087 620.5 187
235 0 725.0087 725.0087 620.5 187
235 1 725.0087 725.0087 620.5 187
236 0 725.0087 725.0087 620.5 187
236 1 725.0087 725.0087 620.5 187
237 0 725.0087 725.0087 620.5 187
237 1 725.0087 725.0087 620.5 187
238 0 725.0087 725.0087 620.5 187
238 1 725.0087 725.0087 620.5 187
239 0 725.0087 725.0087 620.5 187
239 1 725.0087 725.0087 620.5 187
240 0 725.0087 725.0087 620.5 187
240 1 725.0087 725.0087 620.5 187
241 0 725.0087 725.0087 620.5 187
241 1 725.0087 725.0087 620.5 187
242 0 725.0087 725.0087 620.5 187
242 1 725.0087 725.0087 620.5 187
243 0 725.0087 725.0087 620.5 187
243 1 725.0087 725.0087 620.5 187
244 0 725.0087 725.0087 620.5 187
244 1 725.0087 725.0087 620.5 187
245 0 725.0087 725.0087 620.5 187
245 1 725.0087 725.0087 620.5 187
246 0 725.0087 725.0087 620.5 187
246 1 725.0087 725.0087 620.5 187
247 0 725.0087 725.0087 620.5 187
247 1 725.0087 725.0087 620.5 187
248 0 725.0087 725.0087 620.5 187
248 1 725.0087 725.0087 620.5 187
249 0 725.0087 725.0087 620.5 187
249 1 725.0087 725.0087 620.5 187
250 0 725.0087 725.0087 620.5 187
250 1 725.0087 725.0087 620.5 187
251 0 725.0087 725.0087 620.5 187
251 1 725.0087 725.0087 620.5 187
252 0 725.0087 725.0087 620.5 187
252 1 725.0087 725.0087 620.5 187
253 0 725.0087 725.0087 620.5 187
253 1 725.0087 725.0087 620.5 187
254 0 725.0087 725.0087 620.5 187
254 1 725.0087 725.0087 620.5 187
255 0 725.0087 725.0087 620.5 187
255 1 725.0087 725.0087 620.5 187
256 0 725.0087 725.0087 620.5 187
256 1 725.0087 725.0087 620.5 187
257 0 725.0087 725.0087 620.5 187
257 1 725.0087 725.0087 620.5 187
258 0 725.0087 725.0087 620.5 187
258 1 725.0087 725.0087 620.5 187
259 0 725.0087 725.0087 620.5 187
259 1 725.0087 725.0087 620.5 187
260 0 725.0087 725.0087 620.5 187
260 1 725.0087 725.0087 620.5 187
261 0 725.0087 725.0087 620.5 187
261 1 725.0087 725.0087 620.5 187
262 0 725.0087 725.0087 620.5 187
262 1 725.0087 725.0087 620.5 187
263 0 725.0087 725.0087 620.5 187
263 1 725.0087 725.0087 620.5 187
264 0 725.0087 725.0087 620.5 187
264 1 725.0087 725.0087 620.5 187
265 0 725.0087 725.0087 620.5 187
265 1 725.0087 725.0087 620.5 187
266 0 725.0087 725.0087 620.5 187
266 1 725.0087 725.0087 620.5 187
267 0 725.0087 725.0087 620.5 187
267 1 725.0087 725.0087 620.5 187
268 0 725.0087 725.0087 620.5 187
268 1 725.0087 725.0087 620.5 187
269 0 725.0087 725.0087 620.5 187
269 1 725.0087 725.0087 620.5 187
270 0 725.0087 725.0087 620.5 187
270 1 725.0087 725.0087 620.5 187
271 0 725.0087 725.0087 620.5 187
271 1 725.0087 725.0087 620.5 187
272 0 725.0087 725.0087 620.5 187
272 1 725.0087 725.0087 620.5 187
273 0 725.0087 725.0087 620.5 187
273 1 725.0087 725.0087 620.5 187
274 0 725.0087 725.0087 620.5 187
274 1 725.0087 725.0087 620.5 187
275 0 725.0087 725.0087 620.5 187
275 1 725.0087 725.0087 620.5 187
276 0 725.0087 725.0087 620.5 187
276 1 725.0087 725.0087 620.5 187
277 0 725.0087 725.0087 620.5 187
277 1 725.0087 725.0087 620.5 187
278 0 725.0087 725.0087 620.5 187
278 1 725.0087 725.0087 620.5 187
279 0 725.0087 725.0087 620.5 187
279 1 725.0087 725.0087 620.5 187
280 0 725.0087 725.0087 620.5 187
280 1 725.0087 725.0087 620.5 187
281 0 725.0087 725.0087 620.5 187
281 1 725.0087 725.0087 620.5 187
282 0 725.0087 725.0087 620.5 187
282 1 725.0087 725.0087 620.5 187
283 0 725.0087 725.0087 620.5 187
283 1 725.0087 725.0087 620.5 187
284 0 725.0087 725.0087 620.5 187
284 1 725.0087 725.0087 620.5 187
285 0 725.0087 725.0087 620.5 187
285 1 725.0087 725.0087 620.5 187
286 0 725.0087 725.0087 620.5 187
286 1 725.0087 725.0087 620.5 187
287 0 725.0087 725.0087 620.5 187
287 1 725.0087 725.0087 620.5 187
288 0 725.0087 725.0087 620.5 187
288 1 725.0087 725.0087 620.5 187
289 0 725.0087 725.0087 620.5 187
289 1 725.0087 725.0087 620.5 187
290 0 725.0087 725.0087 620.5 187
290 1 725.0087 725.0087 620.5 187
291 0 725.0087 725.0087 620.5 187
291 1 725.0087 725.0087 620.5 187
292 0 725.0087 725.0087 620.5 187
292 1 725.0087 725.0087 620.5 187
293 0 725.0087 725.0087 620.5 187
293 1 725.0087 725.0087 620.5 187
294 0 725.0087 725.0087 620.5 187
294 1 725.0087 725.0087 620.5 187
295 0 725.0087 725.0087 620.5 187
295 1 725.0087 725.0087 620.5 187
296 0 725.0087 725.0087 620.5 187
296 1 725.0087 725.0087 620.5 187
297 0 725.0087 725.0087 620.5 187
297 1 725.0087 725.0087 620.5 187
298 0 725.0087 725.0087 620.5 187
298 1 725.0087 725.0087 620.5 187
299 0 725.0087 725.0087 620.5 187
299 1 725.0087 725.0087 620.5 187
300 0 725.0087 725.0087 620.5 187
300 1 725.0087 725.0087 620.5 187
301 0 725.0087 725.0087 620.5 187
301 1 725.0087 725.0087 620.5 187
302 0 725.0087 725.0087 620.5 187
302 1 725.0087 725.0087 620.5 187
303 0 725.0087 725.0087 620.5 187
303 1 725.0087 725.0087 620.5 187
304 0 725.0087 725.0087 620.5 187
304 1 725.0087 725.0087 620.5 187
305 0 725.0087 725.0087 620.5 187
305 1 725.0087 725.0087 620.5 187
306 0 725.0087 725.0087 620.5 187
306 1 725.0087 725.0087 620.5 187
307 0 725.0087 725.0087 620.5 187
307 1 725.0087 725.0087 620.5 187
308 0 725.0087 725.0087 620.5 187
308 1 725.0087 725.0087 620.5 187
309 0 725.0087 725.0087 620.5 187
309 1 725.0087 725.0087 620.5 187
310 0 725.0087 725.0087 620.5 187
310 1 725.0087 725.0087 620.5 187
311 0 725.0087 725.0087 620.5 187
311 1 725.0087 725.0087 620.5 187
312 0 725.0087 725.0087 620.5 187
312 1 725.0087 725.0087 620.5 187
313 0 725.0087 725.0087 620.5 187
313 1 725.0087 725.0087 620.5 187
314 0 725.0087 725.0087 620.5 187
314 1 725.0087 725.0087 620.5 187
315 0 725.0087 725.0087 620.5 187
315 1 725.0087 725.0087 620.5 187
316 0 725.0087 725.0087 620.5 187
316 1 725.0087 725.0087 620.5 187
317 0 725.0087 725.0087 620.5 187
317 1 725.0087 725.0087 620.5 187
318 0 725.0087 725.0087 620.5 187
318 1 725.0087 725.0087 620.5 187
319 0 725.0087 725.0087 620.5 187
319 1 725.0087 725.0087 620.5 187
320 0 725.0087 725.0087 620.5 187
320 1 725.0087 725.0087 620.5 187
321 0 725.0087 725.0087 620.5 187
321 1 725.0087 725.0087 620.5 187
322 0 725.0087 725.0087 620.5 187
322 1 725.0087 725.0087 620.5 187
323 0 725.0087 725.0087 620.5 187
323 1 725.0087 725.0087 620.5 187
324 0 725.0087 725.0087 620.5 187
324 1 725.0087 725.0087 620.5 187
325 0 725.0087 725.0087 620.5 187
325 1 725.0087 725.0087 620.5 187
326 0 725.0087 725.0087 620.5 187
326 1 725.0087 725.0087 620.5 187
327 0 725.0087 725.0087 620.5 187
327 1 725.0087 725.0087 620.5 187
328 0 725.0087 725.0087 620.5 187
328 1 725.0087 725.0087 620.5 187
329 0 725.0087 725.0087 620.5 187
329 1 725.0087 725.0087 620.5 187
330 0 725.0087 725.0087 620.5 187
330 1 725.0087 725.0087 620.5 187
331 0 725.0087 725.0087 620.5 187
331 1 725.0087 725.0087 620.5 187
332 0 725.0087 725.0087 620.5 187
332 1 725.0087 725.0087 620.5 187
333 0 725.0087 725.0087 620.5 187
333 1 725.0087 725.0087 620.5 187
334 0 725.0087 725.0087 620.5 187
334 1 725.0087 725.0087 620.5 187
335 0 725.0087 725.0087 620.5 187
335 1 725.0087 725.0087 620.5 187
336 0 725.0087 725.0087 620.5 187
336 1 725.0087 725.0087 620.5 187
337 0 725.0087 725.0087 620.5 187
337 1 725.0087 725.0087 620.5 187
338 0 725.0087 725.0087 620.5 187
338 1 725.0087 725.0087 620.5 187
339 0 725.0087 725.0087 620.5 187
339 1 725.0087 725.0087 620.5 187
340 0 725.0087 725.0087 620.5 187
340 1 725.0087 725.0087 620.5 187
341 0 725.0087 725.0087 620.5 187
341 1 725.0087 725.0087 620.5 187
342 0 725.0087 725.0087 620.5 187
342 1 725.0087 725.0087 620.5 187
343 0 725.0087 725.0087 620.5 187
343 1 725.0087 725.0087 620.5 187
344 0 725.0087 725.0087 620.5 187
344 1 725.0087 725.0087 620.5 187
345 0 725.0087 725.0087 620.5 187
345 1 725.0087 725.0087 620.5 187
346 0 725.0087 725.0087 620.5 187
346 1 725.0087 725.0087 620.5 187
347 0 725.0087 725.0087 620.5 187
347 1 725.0087 725.0087 620.5 187
348 0 725.0087 725.0087 620.5 187
348 1 725.0087 725.0087 620.5 187
349 0 725.0087 725.0087 620.5 187
349 1 725.0087 725.0087 620.5 187
350 0 725.0087 725.0087 620.5 187
350 1 725.0087 725.0087 620.5 187
351 0 725.0087 725.0087 620.5 187
351 1 725.0087 725.0087 620.5 187
352 0 725.0087 725.0087 620.5 187
352 1 725.0087 725.0087 620.5 187
353 0 725.0087 725.0087 620.5 187
353 1 725.0087 725.0087 620.5 187
354 0 725.0087 725.0087 620.5 187
354 1 725.0087 725.0087 620.5 187
355 0 725.0087 725.0087 620.5 187
355 1 725.0087 725.0087 620.5 187
356 0 725.0087 725.0087 620.5 187
356 1 725.0087 725.0087 620.5 187
357 0 725.0087 725.0087 620.5 187
357 1 725.0087 725.0087 620.5 187
358 0 725.0087 725.0087 620.5 187
358 1 725.0087 725.0087 620.5 187
359 0 725.0087 725.0087 620.5 187
359 1 725.0087 725.0087 620.5 187
360 0 725.0087 725.0087 620.5 187
360 1 725.0087 725.0087 620.5 187
361 0 725.0087 725.0087 620.5 187
361 1 725.0087 725.0087 620.5 187
362 0 725.0087 725.0087 620.5 187
362 1 725.0087 725.0087 620.5 187
363 0 725.0087 725.0087 620.5 187
363 1 725.0087 725.0087 620.5 187
364 0 725.0087 725.0087 620.5 187
364 1 725.0087 725.0087 620.5 187
365 0 725.0087 725.0087 620.5 187
365 1 725.0087 725.0087 620.5 187
366 0 725.0087 725.0087 620.5 187
366 1 725.0087 725.0087 620.5 187
367 0 725.0087 725.0087 620.5 187
367 1 725.0087 725.0087 620.5 187
368 0 725.0087 725.0087 620.5 187
368 1 725.0087 725.0087 620.5 187
369 0 725.0087 725.0087 620.5 187
369 1 725.0087 725.0087 620.5 187
370 0 725.0087 725.0087 620.5 187
370 1 725.0087 725.0087 620.5 187
371 0 725.0087 725.0087 620.5 187
371 1 725.0087 725.0087 620.5 187
372 0 725.0087 725.0087 620.5 187
372 1 725.0087 725.0087 620.5 187
373 0 725.0087 725.0087 620.5 187
373 1 725.0087 725.0087 620.5 187
374 0 725.0087 725.0087 620.5 187
374 1 725.0087 725.0087 620.5 187
375 0 725.0087 725.0087 620.5 187
375 1 725.0087 725.0087 620.5 187
376 0 725.0087 725.0087 620.5 187
376 1 725.0087 725.0087 620.5 187
377 0 725.0087 725.0087 620.5 187
377 1 725.0087 725.0087 620.5 187
378 0 725.0087 725.0087 620.5 187
378 1 725.0087 725.0087 620.5 187
379 0 725.0087 725.0087 620.5 187
379 1 725.0087 725.0087 620.5 187
380 0 725.0087 725.0087 620.5 187
380 1 725.0087 725.0087 620.5 187
381 0 725.0087 725.0087 620.5 187
381 1 725.0087 725.0087 620.5 187
382 0 725.0087 725.0087 620.5 187
382 1 725.0087 725.0087 620.5 187
383 0 725.0087 725.0087 620.5 187
383 1 725.0087 725.0087 620.5 187
384 0 725.0087 725.0087 620.5 187
384 1 725.0087 725.0087 620.5 187
385 0 725.0087 725.0087 620.5 187
385 1 725.0087 725.0087 620.5 187
386 0 725.0087 725.0087 620.5 187
386 1 725.0087 725.0087 620.5 187
387 0 725.0087 725.0087 620.5 187
387 1 725.0087 725.0087 620.5 187
388 0 725.0087 725.0087 620.5 187
388 1 725.0087 725.0087 620.5 187
389 0 725.0087 725.0087 620.5 187
389 1 725.0087 725.0087 620.5 187
390 0 725.0087 725.0087 620.5 187
390 1 725.0087 725.0087 620.5 187
391 0 725.0087 725.0087 620.5 187
391 1 725.0087 725.0087 620.5 187
392 0 725.0087 725.0087 620.5 187
392 1 725.0087 725.0087 620.5 187
393 0 725.0087 725.0087 620.5 187
393 1 725.0087 725.0087 620.5 187
394 0 725.0087 725.0087 620.5 187
394 1 725.0087 725.0087 620.5 187
395 0 725.0087 725.0087 620.5 187
395 1 725.0087 725.0087 620.5 187
396 0 725.0087 725.0087 620.5 187
396 1 725.0087 725.0087 620.5 187
397 0 725.0087 725.0087 620.5 187
397 1 725.0087 725.0087 620.5 187
398 0 725.0087 725.0087 620.5 187
398 1 725.0087 725.0087 620.5 187
399 0 725.0087 725.0087 620.5 187
399 1 725.0087 725.0087 620.5 187
400 0 725.0087 725.0087 620.5 187
400 1 725.0087 725.0087 620.5 187
401 0 725.0087 725.0087 620.5 187
401 1 725.0087 725.0087 620.5 187
402 0 725.0087 725.0087 620.5 187
402 1 725.0087 725.0087 620.5 187
403 0 725.0087 725.0087 620.5 187
403 1 725.0087 725.0087 620.5 187
404 0 725.0087 725.0087 620.5 187
404 1 725.0087 725.0087 620.5 187
405 0 725.0087 725.0087 620.5 187
405 1 725.0087 725.0087 620.5 187
406 0 725.0087 725.0087 620.5 187
406 1 725.0087 725.0087 620.5 187
407 0 725.0087 725.0087 620.5 187
407 1 725.0087 725.0087 620.5 187
408 0 725.0087 725.0087 620.5 187
408 1 725.0087 725.0087 620.5 187
409 0 725.0087 725.0087 620.5 187
409 1 725.0087 725.0087 620.5 187
410 0 725.0087 725.0087 620.5 187
410 1 725.0087 725.0087 620.5 187
411 0 725.0087 725.0087 620.5 187
411 1 725.0087 725.0087 620.5 187
412 0 725.0087 725.0087 620.5 187
412 1 725.0087 725.0087 620.5 187
413 0 725.0087 725.0087 620.5 187
413 1 725.0087 725.0087 620.5 187
414 0 725.0087 725.0087 620.5 187
414 1 725.0087 725.0087 620.5 187
415 0 725.0087 725.0087 620.5 187
415 1 725.0087 725.0087 620.5 187
416 0 725.0087 725.0087 620.5 187
416 1 725.0087 725.0087 620.5 187
417 0 725.0087 725.0087 620.5 187
417 1 725.0087 725.0087 620.5 187
418 0 725.0087 725.0087 620.5 187
418 1 725.0087 725.0087 620.5 187
419 0 725.0087 725.0087 620.5 187
419 1 725.0087 725.0087 620.5 187
420 0 725.0087 725.0087 620.5 187
420 1 725.0087 725.0087 620.5 187
421 0 725.0087 725.0087 620.5 187
421 1 725.0087 725.0087 620.5 187
422 0 725.0087 725.0087 620.5 187
422 1 725.0087 725.0087 620.5 187
423 0 725.0087 725.0087 620.5 187
423 1 725.0087 725.0087 620.5 187
424 0 725.0087 725.0087 620.5 187
424 1 725.0087 725.0087 620.5 187
425 0 725.0087 725.0087 620.5 187
425 1 725.0087 725.0087 620.5 187
426 0 725.0087 725.0087 620.5 187
426 1 725.0087 725.0087 620.5 187
427 0 725.0087 725.0087 620.5 187
427 1 725.0087 725.0087 620.5 187
428 0 725.0087 725.0087 620.5 187
428 1 725.0087 725.0087 620.5 187
429 0 725.0087 725.0087 620.5 187
429 1 725.0087 725.0087 620.5 187
430 0 725.0087 725.0087 620.5 187
430 1 725.0087 725.0087 620.5 187
431 0 725.0087 725.0087 620.5 187
431 1 725.0087 725.0087 620.5 187
432 0 725.0087 725.0087 620.5 187
432 1 725.0087 725.0087 620.5 187
433 0 725.0087 725.0087 620.5 187
433 1 725.0087 725.0087 620.5 187
434 0 725.0087 725.0087 620.5 187
434 1 725.0087 725.0087 620.5 187
435 0 725.0087 725.0087 620.5 187
435 1 725.0087 725.0087 620.5 187
436 0 725.0087 725.0087 620.5 187
436 1 725.0087 725.0087 620.5 187
437 0 725.0087 725.0087 620.5 187
437 1 725.0087 725.0087 620.5 187
438 0 725.0087 725.0087 620.5 187
438 1 725.0087 725.0087 620.5 187
439 0 725.0087 725.0087 620.5 187
439 1 725.0087 725.0087 620.5 187
440 0 725.0087 725.0087 620.5 187
440 1 725.0087 725.0087 620.5 187
441 0 725.0087 725.0087 620.5 187
441 1 725.0087 725.0087 620.5 187
442 0 725.0087 725.0087 620.5 187
442 1 725.0087 725.0087 620.5 187
443 0 725.0087 725.0087 620.5 187
443 1 725.0087 725.0087 620.5 187
444 0 725.0087 725.0087 620.5 187
444 1 725.0087 725.0087 620.5 187
445 0 725.0087 725.0087 620.5 187
445 1 725.0087 725.0087 620.5 187
446 0 725.0087 725.0087 620.5 187
446 1 725.0087 725.0087 620.5 187
447 0 725.0087 725.0087 620.5 187
447 1 725.0087 725.0087 620.5 187
448 0 725.0087 725.0087 620.5 187
448 1 725.0087 725.0087 620.5 187
449 0 725.0087 725.0087 620.5 187
449 1 725.0087 725.0087 620.5 187
450 0 725.0087 725.0087 620.5 187
450 1 725.0087 725.0087 620.5 187
451 0 725.0087 725.0087 620.5 187
451 1 725.0087 725.0087 620.5 187
452 0 725.0087 725.0087 620.5 187
452 1 725.0087 725.0087 620.5 187
453 0 725.0087 725.0087 620.5 187
453 1 725.0087 725.0087 620.5 187
454 0 725.0087 725.0087 620.5 187
454 1 725.0087 725.0087 620.5 187
455 0 725.0087 725.0087 620.5 187
455 1 725.0087 725.0087 620.5 187
456 0 725.0087 725.0087 620.5 187
456 1 725.0087 725.0087 620.5 187
457 0 725.0087 725.0087 620.5 187
457 1 725.0087 725.0087 620.5 187
458 0 725.0087 725.0087 620.5 187
458 1 725.0087 725.0087 620.5 187
459 0 725.0087 725.0087 620.5 187
459 1 725.0087 725.0087 620.5 187
460 0 725.0087 725.0087 620.5 187
460 1 725.0087 725.0087 620.5 187
461 0 725.0087 725.0087 620.5 187
461 1 725.0087 725.0087 620.5 187
462 0 725.0087 725.0087 620.5 187
462 1 725.0087 725.0087 620.5 187
463 0 725.0087 725.0087 620.5 187
463 1 725.0087 725.0087 620.5 187
464 0 725.0087 725.0087 620.5 187
464 1 725.0087 725.0087 620.5 187
465 0 725.0087 725.0087 620.5 187
465 1 725.0087 725.0087 620.5 187
466 0 725.0087 725.0087 620.5 187
466 1 725.0087 725.0087 620.5 187
467 0 725.0087 725.0087 620.5 187
467 1 725.0087 725.0087 620.5 187
468 0 725.0087 725.0087 620.5 187
468 1 725.0087 725.0087 620.5 187
469 0 725.0087 725.0087 620.5 187
469 1 725.0087 725.0087 620.5 187
470 0 725.0087 725.0087 620.5 187
470 1 725.0087 725.0087 620.5 187
471 0 725.0087 725.0087 620.5 187
471 1 725.0087 725.0087 620.5 187
472 0 725.0087 725.0087 620.5 187
472 1 725.0087 725.0087 620.5 187
473 0 725.0087 725.0087 620.5 187
473 1 725.0087 725.0087 620.5 187
474 0 725.0087 725.0087 620.5 187
474 1 725.0087 725.0087 620.5 187
475 0 725.0087 725.0087 620.5 187
475 1 725.0087 725.0087 620.5 187
476 0 725.0087 725.0087 620.5 187
476 1 725.0087 725.0087 620.5 187
477 0 725.0087 725.0087 620.5 187
477 1 725.0087 725.0087 620.5 187
478 0 725.0087 725.0087 620.5 187
478 1 725.0087 725.0087 620.5 187
479 0 725.0087 725.0087 620.5 187
479 1 725.0087 725.0087 620.5 187
480 0 725.0087 725.0087 620.5 187
480 1 725.0087 725.0087 620.5 187
481 0 725.0087 725.0087 620.5 187
481 1 725.0087 725.0087 620.5 187
482 0 725.0087 725.0087 620.5 187
482 1 725.0087 725.0087 620.5 187
483 0 725.0087 725.0087 620.5 187
483 1 725.0087 725.0087 620.5 187
484 0 725.0087 725.0087 620.5 187
484 1 725.0087 725.0087 620.5 187
485 0 725.0087 725.0087 620.5 187
485 1 725.0087 725.0087 620.5 187
486 0 725.0087 725.0087 620.5 187
486 1 725.0087 725.0087 620.5 187
487 0 725.0087 725.0087 620.5 187
487 1 725.0087 725.0087 620.5 187
488 0 725.0087 725.0087 620.5 187
488 1 725.0087 725.0087 620.5 187
489 0 725.0087 725.0087 620.5 187
489 1 725.0087 725.0087 620.5 187
490 0 725.0087 725.0087 620.5 187
490 1 725.0087 725.0087 620.5 187
491 0 725.0087 725.0087 620.5 187
491 1 725.0087 725.0087 620.5 187
492 0 725.0087 725.0087 620.5 187
492 1 725.0087 725.0087 620.5 187
493 0 725.0087 725.0087 620.5 187
493 1 725.0087 725.0087 620.5 187
494 0 725.0087 725.0087 620.5 187
494 1 725.0087 725.0087 620.5 187
495 0 725.0087 725.0087 620.5 187
495 1 725.0087 725.0087 620.5 187
496 0 725.0087 725.0087 620.5 187
496 1 725.0087 725.0087 620.5 187
497 0 725.0087 725.0087 620.5 187
497 1 725.0087 725.0087 620.5 187
498 0 725.0087 725.0087 620.5 187
498 1 725.0087 725.0087 620.5 187
499 0 725.0087 725.0087 620.5 187
499 1 725.0087 725.0087 620.5 187
500 0 725.0087 725.0087 620.5 187
500 1 725.0087 725.0087 620.5 187
501 0 725.0087 725.0087 620.5 187
501 1 725.0087 725.0087 620.5 187
502 0 725.0087 725.0087 620.5 187
502 1 725.0087 725.0087 620.5 187
503 0 725.0087 725.0087 620.5 187
503 1 725.0087 725.0087 620.5 187
504 0 725.0087 725.0087 620.5 187
504 1 725.0087 725.0087 620.5 187
505 0 725.0087 725.0087 620.5 187
505 1 725.0087 725.0087 620.5 187
506 0 725.0087 725.0087 620.5 187
506 1 725.0087 725.0087 620.5 187
507 0 725.0087 725.0087 620.5 187
507 1 725.0087 725.0087 620.5 187
508 0 725.0087 725.0087 620.5 187
508 1 725.0087 725.0087 620.5 187
509 0 725.0087 725.0087 620.5 187
509 1 725.0087 725.0087 620.5 187
510 0 725.0087 725.0087 620.5 187
510 1 725.0087 725.0087 620.5 187
511 0 725.0087 725.0087 620.5 187
511 1 725.0087 725.0087 620.5 187
512 0 725.0087 725.0087 620.5 187
512 1 725.0087 725.0087 620.5 187
513 0 725.0087 725.0087 620.5 187
513 1 725.0087 725.0087 620.5 187
514 0 725.0087 725.0087 620.5 187
514 1 725.0087 725.0087 620.5 187
515 0 725.0087 725.0087 620.5 187
515 1 725.0087 725.0087 620.5 187
516 0 725.0087 725.0087 620.5 187
516 1 725.0087 725.0087 620.5 187
517 0 725.0087 725.0087 620.5 187
517 1 725.0087 725.0087 620.5 187
518 0 725.0087 725.0087 620.5 187
518 1 725.0087 725.0087 620.5 187
519 0 725.0087 725.0087 620.5 187
519 1 725.0087 725.0087 620.5 187
520 0 725.0087 725.0087 620.5 187
520 1 725.0087 725.0087 620.5 187
521 0 725.0087 725.0087 620.5 187
521 1 725.0087 725.0087 620.5 187
522 0 725.0087 725.0087 620.5 187
522 1 725.0087 725.0087 620.5 187
523 0 725.0087 725.0087 620.5 187
523 1 725.0087 725.0087 620.5 187
524 0 725.0087 725.0087 620.5 187
524 1 725.0087 725.0087 620.5 187
525 0 725.0087 725.0087 620.5 187
525 1 725.0087 725.0087 620.5 187
526 0 725.0087 725.0087 620.5 187
526 1 725.0087 725.0087 620.5 187
527 0 725.0087 725.0087 620.5 187
527 1 725.0087 725.0087 620.5 187
528 0 725.0087 725.0087 620.5 187
528 1 725.0087 725.0087 620.5 187
529 0 725.0087 725.0087 620.5 187
529 1 725.0087 725.0087 620.5 187
530 0 725.0087 725.0087 620.5 187
530 1 725.0087 725.0087 620.5 187
531 0 725.0087 725.0087 620.5 187
531 1 725.0087 725.0087 620.5 187
532 0 725.0087 725.0087 620.5 187
532 1 725.0087 725.0087 620.5 187
533 0 725.0087 725.0087 620.5 187
533 1 725.0087 725.0087 620.5 187
534 0 725.0087 725.0087 620.5 187
534 1 725.0087 725.0087 620.5 187
535 0 725.0087 725.0087 620.5 187
535 1 725.0087 725.0087 620.5 187
536 0 725.0087 725.0087 620.5 187
536 1 725.0087 725.0087 620.5 187
537 0 725.0087 725.0087 620.5 187
537 1 725.0087 725.0087 620.5 187
538 0 725.0087 725.0087 620.5 187
538 1 725.0087 725.0087 620.5 187
539 0 725.0087 725.0087 620.5 187
539 1 725.0087 725.0087 620.5 187
540 0 725.0087 725.0087 620.5 187
540 1 725.0087 725.0087 620.5 187
541 0 725.0087 725.0087 620.5 187
541 1 725.0087 725.0087 620.5 187
542 0 725.0087 725.0087 620.5 187
542 1 725.0087 725.0087 620.5 187
543 0 725.0087 725.0087 620.5 187
543 1 725.0087 725.0087 620.5 187
544 0 725.0087 725.0087 620.5 187
544 1 725.0087 725.0087 620.5 187
545 0 725.0087 725.0087 620.5 187
545 1 725.0087 725.0087 620.5 187
546 0 725.0087 725.0087 620.5 187
546 1 725.0087 725.0087 620.5 187
547 0 725.0087 725.0087 620.5 187
547 1 725.0087 725.0087 620.5 187
548 0 725.0087 725.0087 620.5 187
548 1 725.0087 725.0087 620.5 187
549 0 725.0087 725.0087 620.5 187
549 1 725.0087 725.0087 620.5 187
550 0 725.0087 725.0087 620.5 187
550 1 725.0087 725.0087 620.5 187
551 0 725.0087 725.0087 620.5 187
551 1 725.0087 725.0087 620.5 187
552 0 725.0087 725.0087 620.5 187
552 1 725.0087 725.0087 620.5 187
553 0 725.0087 725.0087 620.5 187
553 1 725.0087 725.0087 620.5 187
554 0 725.0087 725.0087 620.5 187
554 1 725.0087 725.0087 620.5 187
555 0 725.0087 725.0087 620.5 187
555 1 725.0087 725.0087 620.5 187
556 0 725.0087 725.0087 620.5 187
556 1 725.0087 725.0087 620.5 187
557 0 725.0087 725.0087 620.5 187
557 1 725.0087 725.0087 620.5 187
558 0 725.0087 725.0087 620.5 187
558 1 725.0087 725.0087 620.5 187
559 0 725.0087 725.0087 620.5 187
559 1 725.0087 725.0087 620.5 187
560 0 725.0087 725.0087 620.5 187
560 1 725.0087 725.0087 620.5 187
561 0 725.0087 725.0087 620.5 187
561 1 725.0087 725.0087 620.5 187
562 0 725.0087 725.0087 620.5 187
562 1 725.0087 725.0087 620.5 187
563 0 725.0087 725.0087 620.5 187
563 1 725.0087 725.0087 620.5 187
564 0 725.0087 725.0087 620.5 187
564 1 725.0087 725.0087 620.5 187
565 0 725.0087 725.0087 620.5 187
565 1 725.0087 725.0087 620.5 187
566 0 725.0087 725.0087 620.5 187
566 1 725.0087 725.0087 620.5 187
567 0 725.0087 725.0087 620.5 187
567 1 725.0087 725.0087 620.5 187
568 0 725.0087 725.0087 620.5 187
568 1 725.0087 725.0087 620.5 187
569 0 725.0087 725.0087 620.5 187
569 1 725.0087 725.0087 620.5 187
570 0 725.0087 725.0087 620.5 187
570 1 725.0087 725.0087 620.5 187
571 0 725.0087 725.0087 620.5 187
571 1 725.0087 725.0087 620.5 187
572 0 725.0087 725.0087 620.5 187
572 1 725.0087 725.0087 620.5 187
573 0 725.0087 725.0087 620.5 187
573 1 725.0087 725.0087 620.5 187
574 0 725.0087 725.0087 620.5 187
574 1 725.0087 725.0087 620.5 187
575 0 725.0087 725.0087 620.5 187
575 1 725.0087 725.0087 620.5 187
576 0 725.0087 725.0087 620.5 187
576 1 725.0087 725.0087 620.5 187
577 0 725.0087 725.0087 620.5 187
577 1 725.0087 725.0087 620.5 187
578 0 725.0087 725.0087 620.5 187
578 1 725.0087 725.0087 620.5 187
579 0 725.0087 725.0087 620.5 187
579 1 725.0087 725.0087 620.5 187
580 0 725.0087 725.0087 620.5 187
580 1 725.0087 725.0087 620.5 187
581 0 725.0087 725.0087 620.5 187
581 1 725.0087 725.0087 620.5 187
582 0 725.0087 725.0087 620.5 187
582 1 725.0087 725.0087 620.5 187
583 0 725.0087 725.0087 620.5 187
583 1 725.0087 725.0087 620.5 187
584 0 725.0087 725.0087 620.5 187
584 1 725.0087 725.0087 620.5 187
585 0 725.0087 725.0087 620.5 187
585 1 725.0087 725.0087 620.5 187
586 0 725.0087 725.0087 620.5 187
586 1 725.0087 725.0087 620.5 187
587 0 725.0087 725.0087 620.5 187
587 1 725.0087 725.0087 620.5 187
588 0 725.0087 725.0087 620.5 187
588 1 725.0087 725.0087 620.5 187
589 0 725.0087 725.0087 620.5 187
589 1 725.0087 725.0087 620.5 187
590 0 725.0087 725.0087 620.5 187
590 1 725.0087 725.0087 620.5 187
591 0 725.0087 725.0087 620.5 187
591 1 725.0087 725.0087 620.5 187
592 0 725.0087 725.0087 620.5 187
592 1 725.0087 725.0087 620.5 187
593 0 725.0087 725.0087 620.5 187
593 1 725.0087 725.0087 620.5 187
594 0 725.0087 725.0087 620.5 187
594 1 725.0087 725.0087 620.5 187
595 0 725.0087 725.0087 620.5 187
595 1 725.0087 725.0087 620.5 187
596 0 725.0087 725.0087 620.5 187
596 1 725.0087 725.0087 620.5 187
597 0 725.0087 725.0087 620.5 187
597 1 725.0087 725.0087 620.5 187
598 0 725.0087 725.0087 620.5 187
598 1 725.0087 725.0087 620.5 187
599 0 725.0087 725.0087 620.5 187
599 1 725.0087 725.0087 620.5 187
600 0 725.0087 725.0087 620.5 187
600 1 725.0087 725.0087 620.5 187
601 0 725.0087 725.0087 620.5 187
601 1 725.0087 725.0087 620.5 187
602 0 725.0087 725.0087 620.5 187
602 1 725.0087 725.0087 620.5 187
603 0 725.0087 725.0087 620.5 187
603 1 725.0087 725.0087 620.5 187
604 0 725.0087 725.0087 620.5 187
604 1 725.0087 725.0087 620.5 187
605 0 725.0087 725.0087 620.5 187
605 1 725.0087 725.0087 620.5 187
606 0 725.0087 725.0087 620.5 187
606 1 725.0087 725.0087 620.5 187
607 0 725.0087 725.0087 620.5 187
607 1 725.0087 725.0087 620.5 187
608 0 725.0087 725.0087 620.5 187
608 1 725.0087 725.0087 620.5 187
609 0 725.0087 725.0087 620.5 187
609 1 725.0087 725.0087 620.5 187
610 0 725.0087 725.0087 620.5 187
610 1 725.0087 725.0087 620.5 187
611 0 725.0087 725.0087 620.5 187
611 1 725.0087 725.0087 620.5 187
612 0 725.0087 725.0087 620.5 187
612 1 725.0087 725.0087 620.5 187
613 0 725.0087 725.0087 620.5 187
613 1 725.0087 725.0087 620.5 187
614 0 725.0087 725.0087 620.5 187
614 1 725.0087 725.0087 620.5 187
615 0 725.0087 725.0087 620.5 187
615 1 725.0087 725.0087 620.5 187
616 0 725.0087 725.0087 620.5 187
616 1 725.0087 725.0087 620.5 187
617 0 725.0087 725.0087 620.5 187
617 1 725.0087 725.0087 620.5 187
618 0 725.0087 725.0087 620.5 187
618 1 725.0087 725.0087 620.5 187
619 0 725.0087 725.0087 620.5 187
619 1 725.0087 725.0087 620.5 187
620 0 725.0087 725.0087 620.5 187
620 1 725.0087 725.0087 620.5 187
621 0 725.0087 725.0087 620.5 187
621 1 725.0087 725.0087 620.5 187
622 0 725.0087 725.0087 620.5 187
622 1 725.0087 725.0087 620.5 187
623 0 725.0087 725.0087 620.5 187
623 1 725.0087 725.0087 620.5 187
624 0 725.0087 725.0087 620.5 187
624 1 725.0087 725.0087 620.5 187
625 0 725.0087 725.0087 620.5 187
625 1 725.0087 725.0087 620.5 187
626 0 725.0087 725.0087 620.5 187
626 1 725.0087 725.0087 620.5 187
627 0 725.0087 725.0087 620.5 187
627 1 725.0087 725.0087 620.5 187
628 0 725.0087 725.0087 620.5 187
628 1 725.0087 725.0087 620.5 187
629 0 725.0087 725.0087 620.5 187
629 1 725.0087 725.0087 620.5 187
630 0 725.0087 725.0087 620.5 187
630 1 725.0087 725.0087 620.5 187
631 0 725.0087 725.0087 620.5 187
631 1 725.0087 725.0087 620.5 187
632 0 725.0087 725.0087 620.5 187
632 1 725.0087 725.0087 620.5 187
633 0 725.0087 725.0087 620.5 187
633 1 725.0087 725.0087 620.5 187
634 0 725.0087 725.0087 620.5 187
634 1 725.0087 725.0087 620.5 187
635 0 725.0087 725.0087 620.5 187
635 1 725.0087 725.0087 620.5 187
636 0 725.0087 725.0087 620.5 187
636 1 725.0087 725.0087 620.5 187
637 0 725.0087 725.0087 620.5 187
637 1 725.0087 725.0087 620.5 187
638 0 725.0087 725.0087 620.5 187
638 1 725.0087 725.0087 620.5 187
639 0 725.0087 725.0087 620.5 187
639 1 725.0087 725.0087 620.5 187
640 0 725.0087 725.0087 620.5 187
640 1 725.0087 725.0087 620.5 187
641 0 725.0087 725.0087 620.5 187
641 1 725.0087 725.0087 620.5 187
642 0 725.0087 725.0087 620.5 187
642 1 725.0087 725.0087 620.5 187
643 0 725.0087 725.0087 620.5 187
643 1 725.0087 725.0087 620.5 187
644 0 725.0087 725.0087 620.5 187
644 1 725.0087 725.0087 620.5 187
645 0 725.0087 725.0087 620.5 187
645 1 725.0087 725.0087 620.5 187
646 0 725.0087 725.0087 620.5 187
646 1 725.0087 725.0087 620.5 187
647 0 725.0087 725.0087 620.5 187
647 1 725.0087 725.0087 620.5 187
648 0 725.0087 725.0087 620.5 187
648 1 725.0087 725.0087 620.5 187
649 0 725.0087 725.0087 620.5 187
649 1 725.0087 725.0087 620.5 187
650 0 725.0087 725.0087 620.5 187
650 1 725.0087 725.0087 620.5 187
651 0 725.0087 725.0087 620.5 187
651 1 725.0087 725.0087 620.5 187
652 0 725.0087 725.0087 620.5 187
652 1 725.0087 725.0087 620.5 187
653 0 725.0087 725.0087 620.5 187
653 1 725.0087 725.0087 620.5 187
654 0 725.0087 725.0087 620.5 187
654 1 725.0087 725.0087 620.5 187
655 0 725.0087 725.0087 620.5 187
655 1 725.0087 725.0087 620.5 187
656 0 725.0087 725.0087 620.5 187
656 1 725.0087 725.0087 620.5 187
657 0 725.0087 725.0087 620.5 187
657 1 725.0087 725.0087 620.5 187
658 0 725.0087 725.0087 620.5 187
658 1 725.0087 725.0087 620.5 187
659 0 725.0087 725.0087 620.5 187
659 1 725.0087 725.0087 620.5 187
660 0 725.0087 725.0087 620.5 187
660 1 725.0087 725.0087 620.5 187
661 0 725.0087 725.0087 620.5 187
661 1 725.0087 725.0087 620.5 187
662 0 725.0087 725.0087 620.5 187
662 1 725.0087 725.0087 620.5 187
663 0 725.0087 725.0087 620.5 187
663 1 725.0087 725.0087 620.5 187
664 0 725.0087 725.0087 620.5 187
664 1 725.0087 725.0087 620.5 187
665 0 725.0087 725.0087 620.5 187
665 1 725.0087 725.0087 620.5 187
666 0 725.0087 725.0087 620.5 187
666 1 725.0087 725.0087 620.5 187
667 0 725.0087 725.0087 620.5 187
667 1 725.0087 725.0087 620.5 187
668 0 725.0087 725.0087 620.5 187
668 1 725.0087 725.0087 620.5 187
669 0 725.0087 725.0087 620.5 187
669 1 725.0087 725.0087 620.5 187
670 0 725.0087 725.0087 620.5 187
670 1 725.0087 725.0087 620.5 187
671 0 725.0087 725.0087 620.5 187
671 1 725.0087 725.0087 620.5 187
672 0 725.0087 725.0087 620.5 187
672 1 725.0087 725.0087 620.5 187
673 0 725.0087 725.0087 620.5 187
673 1 725.0087 725.0087 620.5 187
674 0 725.0087 725.0087 620.5 187
674 1 725.0087 725.0087 620.5 187
675 0 725.0087 725.0087 620.5 187
675 1 725.0087 725.0087 620.5 187
676 0 725.0087 725.0087 620.5 187
676 1 725.0087 725.0087 620.5 187
677 0 725.0087 725.0087 620.5 187
677 1 725.0087 725.0087 620.5 187
678 0 725.0087 725.0087 620.5 187
678 1 725.0087 725.0087 620.5 187
679 0 725.0087 725.0087 620.5 187
679 1 725.0087 725.0087 620.5 187
680 0 725.0087 725.0087 620.5 187
680 1 725.0087 725.0087 620.5 187
681 0 725.0087 725.0087 620.5 187
681 1 725.0087 725.0087 620.5 187
682 0 725.0087 725.0087 620.5 187
682 1 725.0087 725.0087 620.5 187
683 0 725.0087 725.0087 620.5 187
683 1 725.0087 725.0087 620.5 187
684 0 725.0087 725.0087 620.5 187
684 1 725.0087 725.0087 620.5 187
685 0 725.0087 725.0087 620.5 187
685 1 725.0087 725.0087 620.5 187
686 0 725.0087 725.0087 620.5 187
686 1 725.0087 725.0087 620.5 187
687 0 725.0087 725.0087 620.5 187
687 1 725.0087 725.0087 620.5 187
688 0 725.0087 725.0087 620.5 187
688 1 725.0087 725.0087 620.5 187
689 0 725.0087 725.0087 620.5 187
689 1 725.0087 725.0087 620.5 187
690 0 725.0087 725.0087 620.5 187
690 1 725.0087 725.0087 620.5 187
691 0 725.0087 725.0087 620.5 187
691 1 725.0087 725.0087 620.5 187
692 0 725.0087 725.0087 620.5 187
692 1 725.0087 725.0087 620.5 187
693 0 725.0087 725.0087 620.5 187
693 1 725.0087 725.0087 620.5 187
694 0 725.0087 725.0087 620.5 187
694 1 725.0087 725.0087 620.5 187
695 0 725.0087 725.0087 620.5 187
695 1 725.0087 725.0087 620.5 187
696 0 725.0087 725.0087 620.5 187
696 1 725.0087 725.0087 620.5 187
697 0 725.0087 725.0087 620.5 187
697 1 725.0087 725.0087 620.5 187
698 0 725.0087 725.0087 620.5 187
698 1 725.0087 725.0087 620.5 187
699 0 725.0087 725.0087 620.5 187
699 1 725.0087 725.0087 620.5 187
700 0 725.0087 725.0087 620.5 187
700 1 725.0087 725.0087 620.5 187
701 0 725.0087 725.0087 620.5 187
701 1 725.0087 725.0087 620.5 187
702 0 725.0087 725.0087 620.5 187
702 1 725.0087 725.0087 620.5 187
703 0 725.0087 725.0087 620.5 187
703 1 725.0087 725.0087 620.5 187
704 0 725.0087 725.0087 620.5 187
704 1 725.0087 725.0087 620.5 187
705 0 725.0087 725.0087 620.5 187
705 1 725.0087 725.0087 620.5 187
706 0 725.0087 725.0087 620.5 187
706 1 725.0087 725.0087 620.5 187
707 0 725.0087 725.0087 620.5 187
707 1 725.0087 725.0087 620.5 187
708 0 725.0087 725.0087 620.5 187
708 1 725.0087 725.0087 620.5 187
709 0 725.0087 725.0087 620.5 187
709 1 725.0087 725.0087 620.5 187
710 0 725.0087 725.0087 620.5 187
710 1 725.0087 725.0087 620.5 187
711 0 725.0087 725.0087 620.5 187
711 1 725.0087 725.0087 620.5 187
712 0 725.0087 725.0087 620.5 187
712 1 725.0087 725.0087 620.5 187
713 0 725.0087 725.0087 620.5 187
713 1 725.0087 725.0087 620.5 187
714 0 725.0087 725.0087 620.5 187
714 1 725.0087 725.0087 620.5 187
715 0 725.0087 725.0087 620.5 187
715 1 725.0087 725.0087 620.5 187
716 0 725.0087 725.0087 620.5 187
716 1 725.0087 725.0087 620.5 187
717 0 725.0087 725.0087 620.5 187
717 1 725.0087 725.0087 620.5 187
718 0 725.0087 725.0087 620.5 187
718 1 725.0087 725.0087 620.5 187
719 0 725.0087 725.0087 620.5 187
719 1 725.0087 725.0087 620.5 187
720 0 725.0087 725.0087 620.5 187
720 1 725.0087 725.0087 620.5 187
721 0 725.0087 725.0087 620.5 187
721 1 725.0087 725.0087 620.5 187
722 0 725.0087 725.0087 620.5 187
722 1 725.0087 725.0087 620.5 187
723 0 725.0087 725.0087 620.5 187
723 1 725.0087 725.0087 620.5 187
724 0 725.0087 725.0087 620.5 187
724 1 725.0087 725.0087 620.5 187
725 0 725.0087 725.0087 620.5 187
725 1 725.0087 725.0087 620.5 187
726 0 725.0087 725.0087 620.5 187
726 1 725.0087 725.0087 620.5 187
727 0 725.0087 725.0087 620.5 187
727 1 725.0087 725.0087 620.5 187
728 0 725.0087 725.0087 620.5 187
728 1 725.0087 725.0087 620.5 187
729 0 725.0087 725.0087 620.5 187
729 1 725.0087 725.0087 620.5 187
730 0 725.0087 725.0087 620.5 187
730 1 725.0087 725.0087 620.5 187
731 0 725.0087 725.0087 620.5 187
731 1 725.0087 725.0087 620.5 187
732 0 725.0087 725.0087 620.5 187
732 1 725.0087 725.0087 620.5 187
733 0 725.0087 725.0087 620.5 187
733 1 725.0087 725.0087 620.5 187
734 0 725.0087 725.0087 620.5 187
734 1 725.0087 725.0087 620.5 187
735 0 725.0087 725.0087 620.5 187
735 1 725.0087 725.0087 620.5 187
736 0 725.0087 725.0087 620.5 187
736 1 725.0087 725.0087 620.5 187
737 0 725.0087 725.0087 620.5 187
737 1 725.0087 725.0087 620.5 187
738 0 725.0087 725.0087 620.5 187
738 1 725.0087 725.0087 620.5 187
739 0 725.0087 725.0087 620.5 187
739 1 725.0087 725.0087 620.5 187
740 0 725.0087 725.0087 620.5 187
740 1 725.0087 725.0087 620.5 187
741 0 725.0087 725.0087 620.5 187
741 1 725.0087 725.0087 620.5 187
742 0 725.0087 725.0087 620.5 187
742 1 725.0087 725.0087 620.5 187
743 0 725.0087 725.0087 620.5 187
743 1 725.0087 725.0087 620.5 187
744 0 725.0087 725.0087 620.5 187
744 1 725.0087 725.0087 620.5 187
745 0 725.0087 725.0087 620.5 187
745 1 725.0087 725.0087 620.5 187
746 0 725.0087 725.0087 620.5 187
746 1 725.0087 725.0087 620.5 187
747 0 725.0087 725.0087 620.5 187
747 1 725.0087 725.0087 620.5 187
748 0 725.0087 725.0087 620.5 187
748 1 725.0087 725.0087 620.5 187
749 0 725.0087 725.0087 620.5 187
749 1 725.0087 725.0087 620.5 187
750 0 725.0087 725.0087 620.5 187
750 1 725.0087 725.0087 620.5 187
751 0 725.0087 725.0087 620.5 187
751 1 725.0087 725.0087 620.5 187
752 0 725.0087 725.0087 620.5 187
752 1 725.0087 725.0087 620.5 187
753 0 725.0087 725.0087 620.5 187
753 1 725.0087 725.0087 620.5 187
754 0 725.0087 725.0087 620.5 187
754 1 725.0087 725.0087 620.5 187
755 0 725.0087 725.0087 620.5 187
755 1 725.0087 725.0087 620.5 187
756 0 725.0087 725.0087 620.5 187
756 1 725.0087 725.0087 620.5 187
757 0 725.0087 725.0087 620.5 187
757 1 725.0087 725.0087 620.5 187
758 0 725.0087 725.0087 620.5 187
758 1 725.0087 725.0087 620.5 187
759 0 725.0087 725.0087 620.5 187
759 1 725.0087 725.0087 620.5 187
760 0 725.0087 725.0087 620.5 187
760 1 725.0087 725.0087 620.5 187
761 0 725.0087 725.0087 620.5 187
761 1 725.0087 725.0087 620.5 187
762 0 725.0087 725.0087 620.5 187
762 1 725.0087 725.0087 620.5 187
763 0 725.0087 725.0087 620.5 187
763 1 725.0087 725.0087 620.5 187
764 0 725.0087 725.0087 620.5 187
764 1 725.0087 725.0087 620.5 187
765 0 725.0087 725.0087 620.5 187
765 1 725.0087 725.0087 620.5 187
766 0 725.0087 725.0087 620.5 187
766 1 725.0087 725.0087 620.5 187
767 0 725.0087 725.0087 620.5 187
767 1 725.0087 725.0087 620.5 187
768 0 725.0087 725.0087 620.5 187
768 1 725.0087 725.0087 620.5 187
769 0 725.0087 725.0087 620.5 187
769 1 725.0087 725.0087 620.5 187
770 0 725.0087 725.0087 620.5 187
770 1 725.0087 725.0087 620.5 187
771 0 725.0087 725.0087 620.5 187
771 1 725.0087 725.0087 620.5 187
772 0 725.0087 725.0087 620.5 187
772 1 725.0087 725.0087 620.5 187
773 0 725.0087 725.0087 620.5 187
773 1 725.0087 725.0087 620.5 187
774 0 725.0087 725.0087 620.5 187
774 1 725.0087 725.0087 620.5 187
775 0 725.0087 725.0087 620.5 187
775 1 725.0087 725.0087 620.5 187
776 0 725.0087 725.0087 620.5 187
776 1 725.0087 725.0087 620.5 187
777 0 725.0087 725.0087 620.5 187
777 1 725.0087 725.0087 620.5 187
778 0 725.0087 725.0087 620.5 187
778 1 725.0087 725.0087 620.5 187
779 0 725.0087 725.0087 620.5 187
779 1 725.0087 725.0087 620.5 187
780 0 725.0087 725.0087 620.5 187
780 1 725.0087 725.0087 620.5 187
781 0 725.0087 725.0087 620.5 187
781 1 725.0087 725.0087 620.5 187
782 0 725.0087 725.0087 620.5 187
782 1 725.0087 725.0087 620.5 187
783 0 725.0087 725.0087 620.5 187
783 1 725.0087 725.0087 620.5 187
784 0 725.0087 725.0087 620.5 187
784 1 725.0087 725.0087 620.5 187
785 0 725.0087 725.0087 620.5 187
785 1 725.0087 725.0087 620.5 187
786 0 725.0087 725.0087 620.5 187
786 1 725.0087 725.0087 620.5 187
787 0 725.0087 725.0087 620.5 187
787 1 725.0087 725.0087 620.5 187
788 0 725.0087 725.0087 620.5 187
788 1 725.0087 725.0087 620.5 187
789 0 725.0087 725.0087 620.5 187
789 1 725.0087 725.0087 620.5 187
790 0 725.0087 725.0087 620.5 187
790 1 725.0087 725.0087 620.5 187
791 0 725.0087 725.0087 620.5 187
791 1 725.0087 725.0087 620.5 187
792 0 725.0087 725.0087 620.5 187
792 1 725.0087 725.0087 620.5 187
793 0 725.0087 725.0087 620.5 187
793 1 725.0087 725.0087 620.5 187
794 0 725.0087 725.0087 620.5 187
794 1 725.0087 725.0087 620.5 187
795 0 725.0087 725.0087 620.5 187
795 1 725.0087 725.0087 620.5 187
796 0 725.0087 725.0087 620.5 187
796 1 725.0087 725.0087 620.5 187
797 0 725.0087 725.0087 620.5 187
797 1 725.0087 725.0087 620.5 187
798 0 725.0087 725.0087 620.5 187
798 1 725.0087 725.0087 620.5 187
799 0 725.0087 725.0087 620.5 187
799 1 725.0087 725.0087 620.5 187
800 0 725.0087 725.0087 620.5 187
800 1 725.0087 725.0087 620.5 187
801 0 725.0087 725.0087 620.5 187
801 1 725.0087 725.0087 620.5 187
802 0 725.0087 725.0087 620.5 187
802 1 725.0087 725.0087 620.5 187
803 0 725.0087 725.0087 620.5 187
803 1 725.0087 725.0087 620.5 187
804 0 725.0087 725.0087 620.5 187
804 1 725.0087 725.0087 620.5 187
805 0 725.0087 725.0087 620.5 187
805 1 725.0087 725.0087 620.5 187
806 0 725.0087 725.0087 620.5 187
806 1 725.0087 725.0087 620.5 187
807 0 725.0087 725.0087 620.5 187
807 1 725.0087 725.0087 620.5 187
808 0 725.0087 725.0087 620.5 187
808 1 725.0087 725.0087 620.5 187
809 0 725.0087 725.0087 620.5 187
809 1 725.0087 725.0087 620.5 187
810 0 725.0087 725.0087 620.5 187
810 1 725.0087 725.0087 620.5 187
811 0 725.0087 725.0087 620.5 187
811 1 725.0087 725.0087 620.5 187
812 0 725.0087 725.0087 620.5 187
812 1 725.0087 725.0087 620.5 187
813 0 725.0087 725.0087 620.5 187
813 1 725.0087 725.0087 620.5 187
814 0 725.0087 725.0087 620.5 187
814 1 725.0087 725.0087 620.5 187
815 0 725.0087 725.0087 620.5 187
815 1 725.0087 725.0087 620.5 187
816 0 725.0087 725.0087 620.5 187
816 1 725.0087 725.0087 620.5 187
817 0 725.0087 725.0087 620.5 187
817 1 725.0087 725.0087 620.5 187
818 0 725.0087 725.0087 620.5 187
818 1 725.0087 725.0087 620.5 187
819 0 725.0087 725.0087 620.5 187
819 1 725.0087 725.0087 620.5 187
820 0 725.0087 725.0087 620.5 187
820 1 725.0087 725.0087 620.5 187
821 0 725.0087 725.0087 620.5 187
821 1 725.0087 725.0087 620.5 187
822 0 725.0087 725.0087 620.5 187
822 1 725.0087 725.0087 620.5 187
823 0 725.0087 725.0087 620.5 187
823 1 725.0087 725.0087 620.5 187
824 0 725.0087 725.0087 620.5 187
824 1 725.0087 725.0087 620.5 187
825 0 725.0087 725.0087 620.5 187
825 1 725.0087 725.0087 620.5 187
826 0 725.0087 725.0087 620.5 187
826 1 725.0087 725.0087 620.5 187
827 0 725.0087 725.0087 620.5 187
827 1 725.0087 725.0087 620.5 187
828 0 725.0087 725.0087 620.5 187
828 1 725.0087 725.0087 620.5 187
829 0 725.0087 725.0087 620.5 187
829 1 725.0087 725.0087 620.5 187
830 0 725.0087 725.0087 620.5 187
830 1 725.0087 725.0087 620.5 187
831 0 725.0087 725.0087 620.5 187
831 1 725.0087 725.0087 620.5 187
832 0 725.0087 725.0087 620.5 187
832 1 725.0087 725.0087 620.5 187
833 0 725.0087 725.0087 620.5 187
833 1 725.0087 725.0087 620.5 187
834 0 725.0087 725.0087 620.5 187
834 1 725.0087 725.0087 620.5 187
835 0 725.0087 725.0087 620.5 187
835 1 725.0087 725.0087 620.5 187
836 0 725.0087 725.0087 620.5 187
836 1 725.0087 725.0087 620.5 187
