frame cameraID r1,1 r1,2 r1,3 t1 r2,1 r2,2 r2,3 t2 r3,1 r3,2 r3,3 t3 0 0 0 1
0 0 0.9340539 0.0248937 0.3562634 3.104334 -0.02053615 0.9996609 -0.01600893 114.6134 -0.3565411 0.007636925 0.9342484 -0.2332944 0 0 0 1
0 1 0.9340539 0.0248937 0.3562634 2.571609 -0.02053615 0.9996609 -0.01600893 114.6134 -0.3565411 0.007636925 0.9342484 -0.2332945 0 0 0 1
1 0 0.935589 0.02444901 0.3522435 3.651852 -0.02051031 0.9996784 -0.01490994 114.6068 -0.3524948 0.006724949 0.9357896 -1.368558 0 0 0 1
1 1 0.935589 0.02444901 0.3522435 3.119128 -0.02051031 0.9996784 -0.01490994 114.6068 -0.3524948 0.006724949 0.9357896 -1.368558 0 0 0 1
2 0 0.937033 0.02587269 0.3482811 4.415349 -0.02225744 0.9996489 -0.01437817 114.5904 -0.3485308 0.005720968 0.9372799 -2.5115 0 0 0 1
2 1 0.937033 0.02587269 0.3482811 3.882623 -0.02225744 0.9996489 -0.01437817 114.5904 -0.3485308 0.005720968 0.9372799 -2.5115 0 0 0 1
3 0 0.9384739 0.02692048 0.3442993 5.186913 -0.02372433 0.9996275 -0.01349345 114.5701 -0.3445343 0.004494985 0.938763 -3.783243 0 0 0 1
3 1 0.9384739 0.02692048 0.3442993 4.654188 -0.02372433 0.9996275 -0.01349345 114.5701 -0.3445343 0.004494985 0.938763 -3.783243 0 0 0 1
4 0 0.9398819 0.02790508 0.3403577 5.892802 -0.02464943 0.9995997 -0.01388643 114.5538 -0.3406089 0.004661982 0.9401935 -4.795427 0 0 0 1
4 1 0.9398819 0.02790508 0.3403577 5.360078 -0.02464943 0.9995997 -0.01388643 114.5538 -0.3406089 0.004661982 0.9401935 -4.795427 0 0 0 1
5 0 0.9412054 0.02733008 0.3367275 6.420042 -0.02365926 0.9996075 -0.01500064 114.5543 -0.3370053 0.006151961 0.9414827 -5.655844 0 0 0 1
5 1 0.9412054 0.02733008 0.3367275 5.887317 -0.02365926 0.9996075 -0.01500064 114.5543 -0.3370053 0.006151961 0.9414827 -5.655844 0 0 0 1
6 0 0.9427972 0.02522051 0.3324115 6.846921 -0.02111069 0.9996496 -0.01596987 114.5702 -0.3326978 0.008038914 0.9429992 -6.565021 0 0 0 1
6 1 0.9427972 0.02522051 0.3324115 6.314197 -0.02111069 0.9996496 -0.01596987 114.5702 -0.3326978 0.008038914 0.9429992 -6.565021 0 0 0 1
7 0 0.9441972 0.02243927 0.3286156 7.137976 -0.01833159 0.9997104 -0.01559308 114.5884 -0.3288703 0.008698891 0.944335 -7.51734 0 0 0 1
7 1 0.9441972 0.02243927 0.3286156 6.605251 -0.01833159 0.9997104 -0.01559308 114.5884 -0.3288703 0.008698891 0.944335 -7.51734 0 0 0 1
8 0 0.9454389 0.02068593 0.3251423 7.551964 -0.0170992 0.9997574 -0.01388519 114.5872 -0.3253506 0.007567928 0.9455631 -8.667706 0 0 0 1
8 1 0.9454389 0.02068593 0.3251423 7.019239 -0.0170992 0.9997574 -0.01388519 114.5872 -0.3253506 0.007567928 0.9455631 -8.667706 0 0 0 1
9 0 0.9466194 0.01808166 0.3218459 7.928769 -0.01508676 0.9998166 -0.01179732 114.5904 -0.3220001 0.006311959 0.9467186 -9.936152 0 0 0 1
9 1 0.9466194 0.01808166 0.3218459 7.396044 -0.01508676 0.9998166 -0.01179732 114.5904 -0.3220001 0.006311959 0.9467186 -9.936152 0 0 0 1
10 0 0.9473697 0.01984856 0.3195257 8.737858 -0.01760465 0.9997959 -0.009909678 114.5423 -0.3196572 0.003762991 0.9475258 -11.25335 0 0 0 1
10 1 0.9473697 0.01984856 0.3195257 8.205132 -0.01760465 0.9997959 -0.009909678 114.5423 -0.3196572 0.003762991 0.9475258 -11.25335 0 0 0 1
11 0 0.9481109 0.02073651 0.3172627 9.505106 -0.01968506 0.9997849 -0.006519631 114.4767 -0.3173297 -6.400002E-05 0.9483153 -12.81943 0 0 0 1
11 1 0.9481109 0.02073651 0.3172627 8.972382 -0.01968506 0.9997849 -0.006519631 114.4767 -0.3173297 -6.400002E-05 0.9483153 -12.81943 0 0 0 1
12 0 0.9488559 0.02426862 0.3147755 10.5224 -0.02296491 0.9997054 -0.007850287 114.4314 -0.3148733 0.00022 0.9491337 -13.80978 0 0 0 1
12 1 0.9488559 0.02426862 0.3147755 9.989675 -0.02296491 0.9997054 -0.007850287 114.4314 -0.3148733 0.00022 0.9491337 -13.80978 0 0 0 1
13 0 0.9494379 0.02669778 0.3128178 11.41015 -0.02474175 0.9996416 -0.01022148 114.4151 -0.3129785 0.001964999 0.9497582 -14.63532 0 0 0 1
13 1 0.9494379 0.02669778 0.3128178 10.87743 -0.02474175 0.9996416 -0.01022148 114.4151 -0.3129785 0.001964999 0.9497582 -14.63532 0 0 0 1
14 0 0.950251 0.02955434 0.31008 12.4185 -0.02657713 0.9995512 -0.01382268 114.4098 -0.3103493 0.004893981 0.95061 -15.42352 0 0 0 1
14 1 0.950251 0.02955434 0.31008 11.88577 -0.02657713 0.9995512 -0.01382268 114.4098 -0.3103493 0.004893981 0.95061 -15.42352 0 0 0 1
15 0 0.9512764 0.02906231 0.3069667 12.9995 -0.02567272 0.9995567 -0.01507514 114.4279 -0.3072688 0.006459956 0.9516008 -16.25181 0 0 0 1
15 1 0.9512764 0.02906231 0.3069667 12.46677 -0.02567272 0.9995567 -0.01507514 114.4279 -0.3072688 0.006459956 0.9516008 -16.25181 0 0 0 1
16 0 0.9524379 0.03087944 0.3031642 13.85604 -0.02745932 0.9995021 -0.01553869 114.3908 -0.3034931 0.006474955 0.9528117 -17.24867 0 0 0 1
16 1 0.9524379 0.03087944 0.3031642 13.32332 -0.02745932 0.9995021 -0.01553869 114.3908 -0.3034931 0.006474955 0.9528117 -17.24867 0 0 0 1
17 0 0.9536036 0.03035598 0.2995307 14.44856 -0.02750082 0.9995273 -0.01374399 114.3552 -0.2998063 0.004868981 0.9539877 -18.4255 0 0 0 1
17 1 0.9536036 0.03035598 0.2995307 13.91584 -0.02750082 0.9995273 -0.01374399 114.3552 -0.2998063 0.004868981 0.9539877 -18.4255 0 0 0 1
18 0 0.9548767 0.03049793 0.2954324 15.18797 -0.02773659 0.9995236 -0.01353397 114.3336 -0.2957045 0.004728983 0.9552678 -19.53128 0 0 0 1
18 1 0.9548767 0.03049793 0.2954324 14.65524 -0.02773659 0.9995236 -0.01353397 114.3336 -0.2957045 0.004728983 0.9552678 -19.53128 0 0 0 1
19 0 0.955945 0.03166999 0.2918324 15.98024 -0.02833381 0.999476 -0.01565223 114.3397 -0.2921752 0.00669395 0.9563414 -20.29723 0 0 0 1
19 1 0.955945 0.03166999 0.2918324 15.44752 -0.02833381 0.999476 -0.01565223 114.3397 -0.2921752 0.00669395 0.9563414 -20.29724 0 0 0 1
20 0 0.9571849 0.03162929 0.2877441 16.70732 -0.02754712 0.9994543 -0.01822571 114.3844 -0.2881636 0.009518856 0.9575339 -21.05827 0 0 0 1
20 1 0.9571849 0.03162929 0.2877441 16.17459 -0.02754712 0.9994543 -0.01822571 114.3844 -0.2881636 0.009518856 0.9575339 -21.05827 0 0 0 1
21 0 0.9580559 0.03262788 0.2847179 17.47432 -0.02870043 0.9994268 -0.01795657 114.345 -0.2851406 0.009031875 0.9584432 -22.10199 0 0 0 1
21 1 0.9580559 0.03262788 0.2847179 16.94159 -0.02870043 0.9994268 -0.01795657 114.345 -0.2851406 0.009031875 0.9584432 -22.10199 0 0 0 1
22 0 0.9586796 0.03364786 0.2824914 18.23006 -0.03033468 0.9994102 -0.0160953 114.2642 -0.2828663 0.006860946 0.9591348 -23.34796 0 0 0 1
22 1 0.9586796 0.03364786 0.2824914 17.69734 -0.03033468 0.9994102 -0.0160953 114.2642 -0.2828663 0.006860946 0.9591348 -23.34796 0 0 0 1
23 0 0.9591292 0.03354019 0.2809738 18.90404 -0.03062894 0.999422 -0.01474765 114.2183 -0.281306 0.005538972 0.9596021 -24.60966 0 0 0 1
23 1 0.9591292 0.03354019 0.2809738 18.37132 -0.03062894 0.999422 -0.01474765 114.2183 -0.281306 0.005538972 0.9596021 -24.60966 0 0 0 1
24 0 0.9593767 0.0330435 0.2801866 19.45506 -0.03019663 0.9994392 -0.01447259 114.2102 -0.2805077 0.005423973 0.9598364 -25.63862 0 0 0 1
24 1 0.9593767 0.0330435 0.2801866 18.92233 -0.03019663 0.9994392 -0.01447259 114.2103 -0.2805077 0.005423973 0.9598364 -25.63862 0 0 0 1
25 0 0.9596698 0.03074202 0.2794439 19.80337 -0.02866429 0.9995227 -0.01151964 114.1777 -0.2796647 0.003044995 0.9600929 -26.91828 0 0 0 1
25 1 0.9596698 0.03074202 0.2794439 19.27065 -0.02866429 0.9995227 -0.01151964 114.1777 -0.2796647 0.003044995 0.9600929 -26.91828 0 0 0 1
26 0 0.9600437 0.02986156 0.2782523 20.38532 -0.02873856 0.999554 -0.008114809 114.0863 -0.2783706 -0.0002060002 0.9604737 -28.37828 0 0 0 1
26 1 0.9600437 0.02986156 0.2782523 19.8526 -0.02873856 0.999554 -0.008114809 114.0863 -0.2783706 -0.0002060002 0.9604737 -28.37828 0 0 0 1
27 0 0.9603204 0.03226538 0.2770264 21.28449 -0.03070894 0.9994788 -0.009956248 114.0535 -0.2772033 0.001054 0.9608107 -29.22243 0 0 0 1
27 1 0.9603204 0.03226538 0.2770264 20.75177 -0.03070894 0.9994788 -0.009956248 114.0535 -0.2772033 0.001054 0.9608107 -29.22243 0 0 0 1
28 0 0.9605138 0.03207111 0.2763777 21.8696 -0.02944687 0.9994733 -0.01364107 114.1566 -0.2766696 0.00496398 0.9609523 -29.77763 0 0 0 1
28 1 0.9605138 0.03207111 0.2763777 21.33687 -0.02944687 0.9994733 -0.01364107 114.1566 -0.2766696 0.00496398 0.9609523 -29.77763 0 0 0 1
29 0 0.9606865 0.03467472 0.2754616 22.83577 -0.03090665 0.99936 -0.0180095 114.1987 -0.2759098 0.008787887 0.9611434 -30.43718 0 0 0 1
29 1 0.9606865 0.03467472 0.2754616 22.30304 -0.03090665 0.99936 -0.0180095 114.1987 -0.2759098 0.008787887 0.9611434 -30.43719 0 0 0 1
30 0 0.960932 0.03708779 0.2742886 23.72668 -0.03303406 0.9992662 -0.01938505 114.1536 -0.2748062 0.009566855 0.961452 -31.33517 0 0 0 1
30 1 0.960932 0.03708779 0.2742886 23.19396 -0.03303406 0.9992662 -0.01938505 114.1536 -0.2748062 0.009566855 0.961452 -31.33517 0 0 0 1
31 0 0.9614439 0.03548799 0.2727017 24.17913 -0.0315742 0.9993259 -0.01872829 114.1726 -0.2731825 0.009395862 0.9619163 -32.32544 0 0 0 1
31 1 0.9614439 0.03548799 0.2727017 23.6464 -0.0315742 0.9993259 -0.01872829 114.1726 -0.2731825 0.009395862 0.9619163 -32.32544 0 0 0 1
32 0 0.9618172 0.03305257 0.2716896 24.57549 -0.02929316 0.9994109 -0.01788231 114.2138 -0.2721206 0.009240869 0.9622188 -33.42016 0 0 0 1
32 1 0.9618172 0.03305257 0.2716896 24.04276 -0.02929316 0.9994109 -0.01788231 114.2138 -0.2721206 0.009240869 0.9622188 -33.42016 0 0 0 1
33 0 0.9620743 0.0329999 0.2707842 25.17737 -0.02954394 0.9994218 -0.01683024 114.1679 -0.271183 0.008191909 0.9624929 -34.51894 0 0 0 1
33 1 0.9620743 0.0329999 0.2707842 24.64465 -0.02954394 0.9994218 -0.01683024 114.1679 -0.271183 0.008191909 0.9624929 -34.51895 0 0 0 1
34 0 0.9624996 0.03183776 0.2694082 25.67145 -0.02867803 0.9994661 -0.01565718 114.1549 -0.2697629 0.007343934 0.9628988 -35.57835 0 0 0 1
34 1 0.9624996 0.03183776 0.2694082 25.13872 -0.02867803 0.9994661 -0.01565718 114.1549 -0.2697629 0.007343934 0.9628988 -35.57835 0 0 0 1
35 0 0.9630753 0.03072308 0.2674734 26.25633 -0.02734412 0.9994923 -0.01634942 114.2091 -0.2678399 0.0084319 0.9634265 -36.50116 0 0 0 1
35 1 0.9630753 0.03072308 0.2674734 25.7236 -0.02734412 0.9994923 -0.01634942 114.2091 -0.2678399 0.0084319 0.9634265 -36.50116 0 0 0 1
36 0 0.9637735 0.02906434 0.2651339 26.73557 -0.02526421 0.9995235 -0.0177326 114.314 -0.265523 0.01039181 0.9640485 -37.20242 0 0 0 1
36 1 0.9637735 0.02906434 0.2651339 26.20285 -0.02526421 0.9995235 -0.0177326 114.314 -0.265523 0.01039181 0.9640485 -37.20241 0 0 0 1
37 0 0.9645329 0.02909933 0.262354 27.42074 -0.02536135 0.999523 -0.01762352 114.301 -0.2627417 0.01034482 0.9648107 -38.12861 0 0 0 1
37 1 0.9645329 0.02909933 0.262354 26.88801 -0.02536135 0.999523 -0.01762352 114.301 -0.2627417 0.01034482 0.9648107 -38.12861 0 0 0 1
38 0 0.9654147 0.02888383 0.2591141 28.15223 -0.02557649 0.9995428 -0.01612686 114.2406 -0.2594614 0.008941882 0.9657121 -39.30639 0 0 0 1
38 1 0.9654147 0.02888383 0.2591141 27.6195 -0.02557649 0.9995428 -0.01612686 114.2406 -0.2594614 0.008941882 0.9657121 -39.30639 0 0 0 1
39 0 0.9662677 0.02856198 0.2559512 28.8128 -0.02532479 0.9995522 -0.01593533 114.2368 -0.2562917 0.008915883 0.9665583 -40.22153 0 0 0 1
39 1 0.9662677 0.02856198 0.2559512 28.28007 -0.02532479 0.9995522 -0.01593533 114.2368 -0.2562917 0.008915883 0.9665583 -40.22153 0 0 0 1
40 0 0.9671249 0.02742917 0.252818 29.43971 -0.02398984 0.9995731 -0.01667716 114.3049 -0.2531675 0.01006383 0.9673701 -41.09854 0 0 0 1
40 1 0.9671249 0.02742917 0.252818 28.90698 -0.02398984 0.9995731 -0.01667716 114.3049 -0.2531675 0.01006383 0.9673701 -41.09854 0 0 0 1
41 0 0.9679524 0.02741621 0.2496325 30.1398 -0.02406283 0.9995747 -0.01647571 114.2899 -0.2499781 0.009940837 0.9682004 -42.01319 0 0 0 1
41 1 0.9679524 0.02741621 0.2496325 29.60707 -0.02406283 0.9995747 -0.01647571 114.2899 -0.2499781 0.009940837 0.9682004 -42.01319 0 0 0 1
42 0 0.9687946 0.02607096 0.2464902 30.68814 -0.02301521 0.9996185 -0.01527041 114.2857 -0.2467942 0.009120873 0.969025 -43.00121 0 0 0 1
42 1 0.9687946 0.02607096 0.2464902 30.15542 -0.02301521 0.9996185 -0.01527041 114.2857 -0.2467942 0.009120873 0.969025 -43.00121 0 0 0 1
43 0 0.969647 0.02636593 0.2430835 31.48871 -0.02343733 0.9996138 -0.01493236 114.2505 -0.2433833 0.008781888 0.9698904 -44.02263 0 0 0 1
43 1 0.969647 0.02636593 0.2430835 30.95599 -0.02343733 0.9996138 -0.01493236 114.2505 -0.2433833 0.008781888 0.9698904 -44.02263 0 0 0 1
44 0 0.970405 0.02700475 0.2399686 32.26009 -0.02418161 0.9995995 -0.01470183 114.205 -0.2402695 0.008463899 0.9706693 -44.9471 0 0 0 1
44 1 0.970405 0.02700475 0.2399686 31.72737 -0.02418161 0.9995995 -0.01470183 114.205 -0.2402695 0.008463899 0.9706693 -44.9471 0 0 0 1
45 0 0.9711255 0.02751691 0.236977 33.01106 -0.02514818 0.999599 -0.01301324 114.0948 -0.23724 0.006677951 0.9714281 -46.02974 0 0 0 1
45 1 0.9711255 0.02751691 0.236977 32.47834 -0.02514818 0.999599 -0.01301324 114.0948 -0.23724 0.006677951 0.9714281 -46.02974 0 0 0 1
46 0 0.9719368 0.0277402 0.2336009 33.80656 -0.02599139 0.9996064 -0.010562 113.9553 -0.233802 0.004193988 0.9722752 -47.27032 0 0 0 1
46 1 0.9719368 0.0277402 0.2336009 33.27383 -0.02599139 0.9996064 -0.010562 113.9553 -0.233802 0.004193988 0.9722752 -47.27032 0 0 0 1
47 0 0.9727393 0.02740537 0.2302763 34.49229 -0.02577879 0.999617 -0.01006974 113.9342 -0.230464 0.003858991 0.9730732 -48.16391 0 0 0 1
47 1 0.9727393 0.02740537 0.2302763 33.95956 -0.02577879 0.999617 -0.01006974 113.9342 -0.230464 0.003858991 0.9730732 -48.1639 0 0 0 1
48 0 0.9735965 0.0259987 0.2267904 35.06222 -0.02410334 0.9996476 -0.01112307 114.0405 -0.2269996 0.005362975 0.9738801 -48.8381 0 0 0 1
48 1 0.9735965 0.0259987 0.2267904 34.5295 -0.02410334 0.9996476 -0.01112307 114.0405 -0.2269996 0.005362975 0.9738801 -48.83809 0 0 0 1
49 0 0.9745877 0.02644559 0.2224399 35.9383 -0.02467127 0.9996378 -0.01075209 113.9894 -0.2226437 0.00499098 0.9748871 -49.788 0 0 0 1
49 1 0.9745877 0.02644559 0.2224399 35.40557 -0.02467127 0.9996378 -0.01075209 113.9894 -0.2226437 0.00499098 0.9748871 -49.78799 0 0 0 1
50 0 0.9754729 0.02577474 0.2186055 36.61148 -0.02392355 0.999652 -0.01111132 114.0295 -0.2188159 0.005608971 0.97575 -50.54259 0 0 0 1
50 1 0.9754729 0.02577474 0.2186055 36.07876 -0.02392355 0.999652 -0.01111132 114.0295 -0.2188159 0.005608971 0.97575 -50.54259 0 0 0 1
51 0 0.9764574 0.0250917 0.2142462 37.31504 -0.02294371 0.9996585 -0.01250699 114.1259 -0.2144868 0.007296936 0.9766997 -51.15078 0 0 0 1
51 1 0.9764574 0.0250917 0.2142462 36.78232 -0.02294371 0.9996585 -0.01250699 114.1259 -0.2144868 0.007296936 0.9766997 -51.15078 0 0 0 1
52 0 0.9775664 0.02557158 0.2090695 38.24183 -0.02353267 0.9996482 -0.01223437 114.0786 -0.2093088 0.007039941 0.9778243 -52.03409 0 0 0 1
52 1 0.9775664 0.02557158 0.2090695 37.7091 -0.02353267 0.9996482 -0.01223437 114.0785 -0.2093088 0.007039941 0.9778243 -52.03409 0 0 0 1
53 0 0.9786779 0.02430701 0.2039575 38.92259 -0.02236093 0.9996799 -0.0118411 114.1115 -0.2041801 0.007027944 0.9789081 -52.79152 0 0 0 1
53 1 0.9786779 0.02430701 0.2039575 38.38987 -0.02236093 0.9996799 -0.0118411 114.1115 -0.2041801 0.007027944 0.9789081 -52.79152 0 0 0 1
54 0 0.9797909 0.02484269 0.1984755 39.83236 -0.0227924 0.9996607 -0.01260846 114.1176 -0.1987214 0.00782992 0.9800248 -53.43817 0 0 0 1
54 1 0.9797909 0.02484269 0.1984755 39.29963 -0.0227924 0.9996607 -0.01260846 114.1176 -0.1987214 0.00782992 0.9800248 -53.43817 0 0 0 1
55 0 0.9808937 0.0256084 0.1928518 40.82217 -0.02359742 0.9996406 -0.01271771 114.0756 -0.1931082 0.007923917 0.9811455 -54.26092 0 0 0 1
55 1 0.9808937 0.0256084 0.1928518 40.28945 -0.02359742 0.9996406 -0.01271771 114.0756 -0.1931082 0.007923917 0.9811455 -54.26092 0 0 0 1
56 0 0.9818692 0.02586319 0.1877871 41.67102 -0.0238144 0.9996298 -0.01315851 114.0787 -0.1880579 0.008447899 0.9821216 -54.95387 0 0 0 1
56 1 0.9818692 0.02586319 0.1877871 41.1383 -0.0238144 0.9996298 -0.01315851 114.0787 -0.1880579 0.008447899 0.9821216 -54.95387 0 0 0 1
57 0 0.9828585 0.02537829 0.1826065 42.44587 -0.02334129 0.9996392 -0.01329607 114.1042 -0.182878 0.008805887 0.9830962 -55.66681 0 0 0 1
57 1 0.9828585 0.02537829 0.1826065 41.91314 -0.02334129 0.9996392 -0.01329607 114.1042 -0.182878 0.008805887 0.9830962 -55.66681 0 0 0 1
58 0 0.9839109 0.02748897 0.1765324 43.61735 -0.02591935 0.9996014 -0.01119162 113.8616 -0.1767697 0.006435957 0.9842312 -56.74048 0 0 0 1
58 1 0.9839109 0.02748897 0.1765324 43.08463 -0.02591935 0.9996014 -0.01119162 113.8616 -0.1767697 0.006435957 0.9842312 -56.74048 0 0 0 1
59 0 0.9849337 0.02512988 0.1710969 44.19764 -0.02370005 0.9996651 -0.01039457 113.9329 -0.1713008 0.006182961 0.9851994 -57.48333 0 0 0 1
59 1 0.9849337 0.02512988 0.1710969 43.66491 -0.02370005 0.9996651 -0.01039457 113.9329 -0.1713008 0.006182961 0.9851994 -57.48333 0 0 0 1
60 0 0.9859762 0.02457573 0.1650666 45.06692 -0.02289961 0.9996651 -0.01204986 114.0508 -0.1653075 0.008100912 0.9862088 -58.03524 0 0 0 1
60 1 0.9859762 0.02457573 0.1650666 44.5342 -0.02289961 0.9996651 -0.01204986 114.0508 -0.1653075 0.008100912 0.9862088 -58.03524 0 0 0 1
61 0 0.9868749 0.02338472 0.1597846 45.76689 -0.02150123 0.9996776 -0.01350668 114.1956 -0.1600489 0.00989384 0.9870595 -58.52515 0 0 0 1
61 1 0.9868749 0.02338472 0.1597846 45.23416 -0.02150123 0.9996776 -0.01350668 114.1956 -0.1600489 0.00989384 0.9870595 -58.52516 0 0 0 1
62 0 0.98778 0.02270658 0.1541917 46.54462 -0.02067771 0.9996774 -0.01474932 114.3018 -0.1544769 0.01138076 0.9879308 -59.02879 0 0 0 1
62 1 0.98778 0.02270658 0.1541917 46.01189 -0.02067771 0.9996774 -0.01474932 114.3018 -0.1544769 0.01138076 0.9879308 -59.02879 0 0 0 1
63 0 0.9885525 0.02394695 0.1489651 47.56372 -0.02187037 0.9996397 -0.01556278 114.2763 -0.1492841 0.0121267 0.98872 -59.71255 0 0 0 1
63 1 0.9885525 0.02394695 0.1489651 47.031 -0.02187037 0.9996397 -0.01556278 114.2763 -0.1492841 0.0121267 0.98872 -59.71255 0 0 0 1
64 0 0.9890969 0.02517558 0.1450986 48.44337 -0.0231888 0.999613 -0.01536795 114.1903 -0.1454294 0.01183572 0.9892979 -60.46681 0 0 0 1
64 1 0.9890969 0.02517558 0.1450986 47.91065 -0.0231888 0.999613 -0.01536795 114.1903 -0.1454294 0.01183572 0.9892979 -60.4668 0 0 0 1
65 0 0.9895424 0.02718536 0.1416576 49.42025 -0.02553013 0.9995831 -0.01348945 113.9528 -0.1419653 0.009731847 0.9898238 -61.52849 0 0 0 1
65 1 0.9895424 0.02718536 0.1416576 48.88752 -0.02553013 0.9995831 -0.01348945 113.9528 -0.1419653 0.009731847 0.9898238 -61.52849 0 0 0 1
66 0 0.9899105 0.02964759 0.1385573 50.37375 -0.02818558 0.9995245 -0.01250236 113.7392 -0.1388621 0.0084709 0.9902755 -62.39827 0 0 0 1
66 1 0.9899105 0.02964759 0.1385573 49.84102 -0.02818558 0.9995245 -0.01250236 113.7392 -0.1388621 0.0084709 0.9902755 -62.39827 0 0 0 1
67 0 0.9903134 0.03043778 0.1354728 51.1337 -0.02880067 0.9994867 -0.01402843 113.7808 -0.1358302 0.009990833 0.9906818 -62.93842 0 0 0 1
67 1 0.9903134 0.03043778 0.1354728 50.60098 -0.02880067 0.9994867 -0.01402843 113.7808 -0.1358302 0.009990833 0.9906818 -62.93842 0 0 0 1
68 0 0.9906849 0.03118836 0.1325545 51.8739 -0.02920352 0.9994307 -0.01689206 113.9114 -0.1330059 0.01286365 0.9910318 -63.31051 0 0 0 1
68 1 0.9906849 0.03118836 0.1325545 51.34117 -0.02920352 0.9994307 -0.01689206 113.9114 -0.1330059 0.01286365 0.9910318 -63.31051 0 0 0 1
69 0 0.9910048 0.03114864 0.130151 52.53243 -0.02897737 0.9994081 -0.01854372 114.0144 -0.1306515 0.01460548 0.9913208 -63.89806 0 0 0 1
69 1 0.9910048 0.03114864 0.130151 51.99971 -0.02897737 0.9994081 -0.01854372 114.0145 -0.1306515 0.01460548 0.9913208 -63.89807 0 0 0 1
70 0 0.9912435 0.03208534 0.1280889 53.23215 -0.03002068 0.9993868 -0.01801763 113.9181 -0.1285885 0.01401454 0.991599 -64.66649 0 0 0 1
70 1 0.9912435 0.03208534 0.1280889 52.69942 -0.03002068 0.9993868 -0.01801763 113.9181 -0.1285885 0.01401454 0.991599 -64.66648 0 0 0 1
71 0 0.9914557 0.03294338 0.126215 53.9063 -0.03107238 0.9993765 -0.0167647 113.777 -0.1266886 0.01269966 0.9918612 -65.51022 0 0 0 1
71 1 0.9914557 0.03294338 0.126215 53.37358 -0.03107238 0.9993765 -0.0167647 113.777 -0.1266886 0.01269966 0.9918612 -65.51022 0 0 0 1
72 0 0.9916589 0.03336793 0.124496 54.5644 -0.0317867 0.9993871 -0.01466645 113.6032 -0.1249091 0.0105868 0.9921117 -66.52121 0 0 0 1
72 1 0.9916589 0.03336793 0.124496 54.03168 -0.0317867 0.9993871 -0.01466645 113.6032 -0.1249091 0.0105868 0.9921117 -66.52121 0 0 0 1
73 0 0.9917897 0.03413415 0.12324 55.17787 -0.03282922 0.9993815 -0.01260426 113.4072 -0.123594 0.0084549 0.9922969 -67.47108 0 0 0 1
73 1 0.9917897 0.03413415 0.12324 54.64515 -0.03282922 0.9993815 -0.01260426 113.4072 -0.123594 0.0084549 0.9922969 -67.47108 0 0 0 1
74 0 0.9919121 0.03578457 0.121778 55.94611 -0.03470773 0.9993375 -0.01095318 113.1773 -0.1220892 0.006637952 0.9924969 -68.44755 0 0 0 1
74 1 0.9919121 0.03578457 0.121778 55.41338 -0.03470773 0.9993375 -0.01095318 113.1773 -0.1220892 0.006637952 0.9924969 -68.44755 0 0 0 1
75 0 0.9919993 0.03742945 0.1205675 56.64873 -0.03636392 0.9992778 -0.01102648 113.0646 -0.1208932 0.006553954 0.9926439 -69.1579 0 0 0 1
75 1 0.9919993 0.03742945 0.1205675 56.116 -0.03636392 0.9992778 -0.01102648 113.0646 -0.1208932 0.006553954 0.9926439 -69.15789 0 0 0 1
76 0 0.992224 0.03685701 0.1188824 57.18133 -0.03546869 0.9992759 -0.01377357 113.282 -0.119304 0.009449859 0.9928128 -69.57341 0 0 0 1
76 1 0.992224 0.03685701 0.1188824 56.64861 -0.03546869 0.9992759 -0.01377357 113.282 -0.119304 0.009449859 0.9928128 -69.57341 0 0 0 1
77 0 0.9925258 0.03428258 0.1171211 57.44566 -0.03257247 0.9993334 -0.0164848 113.6329 -0.1176081 0.01254667 0.9929808 -69.86513 0 0 0 1
77 1 0.9925258 0.03428258 0.1171211 56.91293 -0.03257247 0.9993334 -0.0164848 113.6329 -0.1176081 0.01254667 0.9929808 -69.86513 0 0 0 1
78 0 0.9927812 0.03269992 0.115396 57.82915 -0.03084912 0.9993657 -0.01778881 113.8227 -0.1159045 0.01410053 0.9931602 -70.31717 0 0 0 1
78 1 0.9927812 0.03269992 0.115396 57.29642 -0.03084912 0.9993657 -0.01778881 113.8227 -0.1159045 0.01410053 0.9931602 -70.31718 0 0 0 1
79 0 0.9930515 0.03073582 0.1135958 58.15488 -0.0291306 0.9994513 -0.01576434 113.8031 -0.1140179 0.01234569 0.993402 -71.1283 0 0 0 1
79 1 0.9930515 0.03073582 0.1135958 57.62216 -0.0291306 0.9994513 -0.01576434 113.8031 -0.1140179 0.01234569 0.993402 -71.1283 0 0 0 1
80 0 0.9933311 0.0296042 0.111431 58.63256 -0.02830662 0.999512 -0.01320916 113.6878 -0.1117676 0.009966837 0.9936844 -72.05246 0 0 0 1
80 1 0.9933311 0.0296042 0.111431 58.09984 -0.02830662 0.999512 -0.01320916 113.6878 -0.1117676 0.009966837 0.9936844 -72.05247 0 0 0 1
81 0 0.9935228 0.02918058 0.1098227 59.10752 -0.02797274 0.9995303 -0.01252302 113.66 -0.1101365 0.009369862 0.9938723 -72.72084 0 0 0 1
81 1 0.9935228 0.02918058 0.1098227 58.57479 -0.02797274 0.9995303 -0.01252302 113.66 -0.1101365 0.009369862 0.9938723 -72.72083 0 0 0 1
82 0 0.9937049 0.02855987 0.1083279 59.53637 -0.02737815 0.9995485 -0.01238062 113.6856 -0.1086326 0.009336866 0.9940381 -73.32142 0 0 0 1
82 1 0.9937049 0.02855987 0.1083279 59.00365 -0.02737815 0.9995485 -0.01238062 113.6856 -0.1086326 0.009336866 0.9940381 -73.32143 0 0 0 1
83 0 0.9938811 0.02842197 0.1067357 60.05503 -0.02727628 0.9995537 -0.01217874 113.6739 -0.1070342 0.009192872 0.9942129 -73.97855 0 0 0 1
83 1 0.9938811 0.02842197 0.1067357 59.5223 -0.02727628 0.9995537 -0.01217874 113.6739 -0.1070342 0.009192872 0.9942129 -73.97855 0 0 0 1
84 0 0.9940079 0.02980237 0.1051674 60.69797 -0.02868282 0.9995148 -0.01214213 113.5711 -0.1054782 0.009052877 0.9943804 -74.55821 0 0 0 1
84 1 0.9940079 0.02980237 0.1051674 60.16525 -0.02868282 0.9995148 -0.01214213 113.5711 -0.1054782 0.009052877 0.9943804 -74.55821 0 0 0 1
85 0 0.9941617 0.03010809 0.1036153 61.24384 -0.02895879 0.9995015 -0.01257887 113.5766 -0.1039424 0.009504858 0.9945379 -75.11445 0 0 0 1
85 1 0.9941617 0.03010809 0.1036153 60.71111 -0.02895879 0.9995015 -0.01257887 113.5766 -0.1039424 0.009504858 0.9945379 -75.11446 0 0 0 1
86 0 0.9943286 0.02998612 0.1020369 61.69764 -0.02884664 0.9995041 -0.01262488 113.583 -0.1023649 0.009609852 0.9947005 -75.62408 0 0 0 1
86 1 0.9943286 0.02998612 0.1020369 61.16492 -0.02884664 0.9995041 -0.01262488 113.583 -0.1023649 0.009609852 0.9947005 -75.62408 0 0 0 1
87 0 0.9944855 0.03051071 0.1003378 62.22147 -0.02934383 0.9994837 -0.01308528 113.5761 -0.1006852 0.01006883 0.9948674 -76.06411 0 0 0 1
87 1 0.9944855 0.03051071 0.1003378 61.68875 -0.02934383 0.9994837 -0.01308528 113.5761 -0.1006852 0.01006883 0.9948674 -76.0641 0 0 0 1
88 0 0.9946316 0.03080646 0.09878714 62.73424 -0.02962563 0.9994712 -0.01339837 113.5737 -0.09914766 0.01039981 0.9950184 -76.56791 0 0 0 1
88 1 0.9946316 0.03080646 0.09878714 62.20152 -0.02962563 0.9994712 -0.01339837 113.5737 -0.09914766 0.01039981 0.9950184 -76.5679 0 0 0 1
89 0 0.9947985 0.03112216 0.09699129 63.22853 -0.02992595 0.9994574 -0.01376394 113.5744 -0.09736703 0.01078979 0.99519 -76.97953 0 0 0 1
89 1 0.9947985 0.03112216 0.09699129 62.69581 -0.02992595 0.9994574 -0.01376394 113.5744 -0.09736703 0.01078979 0.99519 -76.97954 0 0 0 1
90 0 0.9949373 0.03138191 0.0954723 63.68355 -0.030174 0.9994456 -0.01406978 113.575 -0.09586091 0.01111777 0.9953327 -77.39998 0 0 0 1
90 1 0.9949373 0.03138191 0.0954723 63.15081 -0.030174 0.9994456 -0.01406978 113.575 -0.09586091 0.01111777 0.9953327 -77.39998 0 0 0 1
91 0 0.995087 0.03142198 0.09388608 64.13761 -0.03026156 0.9994473 -0.01375852 113.5428 -0.09426651 0.01084979 0.9954879 -77.91817 0 0 0 1
91 1 0.995087 0.03142198 0.09388608 63.60489 -0.03026156 0.9994473 -0.01375852 113.5428 -0.09426651 0.01084979 0.9954879 -77.91818 0 0 0 1
92 0 0.9952653 0.03113613 0.09207365 64.53702 -0.03000169 0.9994562 -0.01367992 113.5523 -0.09244952 0.01085279 0.9956582 -78.3195 0 0 0 1
92 1 0.9952653 0.03113613 0.09207365 64.0043 -0.03000169 0.9994562 -0.01367992 113.5523 -0.09244952 0.01085279 0.9956582 -78.3195 0 0 0 1
93 0 0.9954247 0.03079829 0.09044928 64.90783 -0.02967983 0.9994658 -0.01368491 113.5725 -0.09082244 0.01093778 0.9958071 -78.70641 0 0 0 1
93 1 0.9954247 0.03079829 0.09044928 64.3751 -0.02967983 0.9994658 -0.01368491 113.5725 -0.09082244 0.01093778 0.9958071 -78.70641 0 0 0 1
94 0 0.9956067 0.03020639 0.08862746 65.2944 -0.02906192 0.9994771 -0.01417571 113.6492 -0.08900931 0.01153774 0.995964 -79.0539 0 0 0 1
94 1 0.9956067 0.03020639 0.08862746 64.76168 -0.02906192 0.9994771 -0.01417571 113.6492 -0.08900931 0.01153774 0.995964 -79.05389 0 0 0 1
95 0 0.9957765 0.03022648 0.08669265 65.72299 -0.02913285 0.9994795 -0.01385287 113.6176 -0.08706625 0.01126876 0.9961388 -79.43102 0 0 0 1
95 1 0.9957765 0.03022648 0.08669265 65.19027 -0.02913285 0.9994795 -0.01385287 113.6176 -0.08706625 0.01126876 0.9961388 -79.43102 0 0 0 1
96 0 0.9959265 0.03015651 0.08497629 66.11265 -0.02908561 0.9994815 -0.01381261 113.6154 -0.08534877 0.01128476 0.9962872 -79.77456 0 0 0 1
96 1 0.9959265 0.03015651 0.08497629 65.57993 -0.02908561 0.9994815 -0.01381261 113.6154 -0.08534877 0.01128476 0.9962872 -79.77456 0 0 0 1
97 0 0.9960698 0.03029732 0.08322795 66.54301 -0.0292241 0.9994737 -0.01408335 113.6227 -0.08361083 0.01159574 0.996431 -80.11259 0 0 0 1
97 1 0.9960698 0.03029732 0.08322795 66.01028 -0.0292241 0.9994737 -0.01408335 113.6227 -0.08361083 0.01159574 0.996431 -80.11259 0 0 0 1
98 0 0.9962184 0.02989947 0.0815776 66.87617 -0.02883633 0.9994836 -0.01417975 113.6559 -0.08195944 0.01177373 0.9965661 -80.41142 0 0 0 1
98 1 0.9962184 0.02989947 0.0815776 66.34345 -0.02883633 0.9994836 -0.01417975 113.6559 -0.08195944 0.01177373 0.9965661 -80.41143 0 0 0 1
99 0 0.9963693 0.02954776 0.07984426 67.21828 -0.02853529 0.9994977 -0.0137922 113.6466 -0.08021168 0.01146375 0.9967119 -80.74451 0 0 0 1
99 1 0.9963693 0.02954776 0.07984426 66.68555 -0.02853529 0.9994977 -0.0137922 113.6466 -0.08021168 0.01146375 0.9967119 -80.74451 0 0 0 1
100 0 0.9965107 0.02887332 0.07831142 67.52581 -0.02793982 0.9995252 -0.01299013 113.6272 -0.0786493 0.01075679 0.9968443 -81.15599 0 0 0 1
100 1 0.9965107 0.02887332 0.07831142 66.99308 -0.02793982 0.9995252 -0.01299013 113.6272 -0.0786493 0.01075679 0.9968443 -81.15598 0 0 0 1
101 0 0.9966579 0.02771993 0.07684115 67.74377 -0.02683041 0.9995608 -0.01258455 113.6759 -0.07715625 0.01048081 0.9969639 -81.46499 0 0 0 1
101 1 0.9966579 0.02771993 0.07684115 67.21105 -0.02683041 0.9995608 -0.01258455 113.6759 -0.07715625 0.01048081 0.9969639 -81.46499 0 0 0 1
102 0 0.9967813 0.02723912 0.07539907 68.03222 -0.02636397 0.9995733 -0.01257811 113.7076 -0.07570951 0.0105498 0.9970741 -81.72723 0 0 0 1
102 1 0.9967813 0.02723912 0.07539907 67.49949 -0.02636397 0.9995733 -0.01257811 113.7076 -0.07570951 0.0105498 0.9970741 -81.72723 0 0 0 1
103 0 0.9968942 0.0271661 0.07391874 68.38388 -0.0262992 0.9995738 -0.01267617 113.7176 -0.07423159 0.0106928 0.9971837 -82.00154 0 0 0 1
103 1 0.9968942 0.0271661 0.07391874 67.85116 -0.0262992 0.9995738 -0.01267617 113.7176 -0.07423159 0.0106928 0.9971837 -82.00153 0 0 0 1
104 0 0.9969814 0.02763283 0.07255723 68.75237 -0.02676414 0.9995583 -0.01291771 113.6997 -0.07288214 0.01093678 0.9972806 -82.22237 0 0 0 1
104 1 0.9969814 0.02763283 0.07255723 68.21964 -0.02676414 0.9995583 -0.01291771 113.6997 -0.07288214 0.01093678 0.9972806 -82.22237 0 0 0 1
105 0 0.9970668 0.02748781 0.07142984 69.04591 -0.026614 0.9995592 -0.01315639 113.7273 -0.07175999 0.01121677 0.9973589 -82.47121 0 0 0 1
105 1 0.9970668 0.02748781 0.07142984 68.51317 -0.026614 0.9995592 -0.01315639 113.7273 -0.07175999 0.01121677 0.9973589 -82.47122 0 0 0 1
106 0 0.9970962 0.02770565 0.07093376 69.29526 -0.02682348 0.9995509 -0.01335924 113.7258 -0.07127203 0.01141775 0.9973916 -82.72669 0 0 0 1
106 1 0.9970962 0.02770565 0.07093376 68.76254 -0.02682348 0.9995509 -0.01335924 113.7258 -0.07127203 0.01141775 0.9973916 -82.72669 0 0 0 1
107 0 0.9971198 0.02727069 0.07077026 69.43787 -0.02635849 0.9995574 -0.01379184 113.7929 -0.07111506 0.01188672 0.9973973 -82.96218 0 0 0 1
107 1 0.9971198 0.02727069 0.07077026 68.90514 -0.02635849 0.9995574 -0.01379184 113.7929 -0.07111506 0.01188672 0.9973973 -82.96219 0 0 0 1
108 0 0.9971365 0.02660491 0.07078744 69.54403 -0.02567792 0.9995726 -0.01397339 113.8571 -0.07112894 0.0121157 0.9973935 -83.25206 0 0 0 1
108 1 0.9971365 0.02660491 0.07078744 69.01131 -0.02567792 0.9995726 -0.01397339 113.8571 -0.07112894 0.0121157 0.9973935 -83.25207 0 0 0 1
109 0 0.9971539 0.02564741 0.07089628 69.58569 -0.02474586 0.9996017 -0.01356573 113.8945 -0.07121596 0.01177273 0.9973915 -83.56646 0 0 0 1
109 1 0.9971539 0.02564741 0.07089628 69.05296 -0.02474586 0.9996017 -0.01356573 113.8945 -0.07121596 0.01177273 0.9973915 -83.56646 0 0 0 1
110 0 0.9971561 0.02534268 0.07097419 69.69404 -0.02447753 0.9996154 -0.0130331 113.8721 -0.07127719 0.01125876 0.997393 -83.89421 0 0 0 1
110 1 0.9971561 0.02534268 0.07097419 69.16131 -0.02447753 0.9996154 -0.0130331 113.8721 -0.07127719 0.01125876 0.997393 -83.89421 0 0 0 1
111 0 0.9971408 0.0254246 0.07116002 69.84354 -0.02454386 0.9996113 -0.0132241 113.8814 -0.07146858 0.01143975 0.9973773 -84.16672 0 0 0 1
111 1 0.9971408 0.0254246 0.07116002 69.31081 -0.02454386 0.9996113 -0.0132241 113.8814 -0.07146858 0.01143975 0.9973773 -84.16673 0 0 0 1
112 0 0.9971235 0.02606234 0.07117229 70.04684 -0.02517904 0.9995947 -0.01328 113.837 -0.07148955 0.01144975 0.9973756 -84.40539 0 0 0 1
112 1 0.9971235 0.02606234 0.07117229 69.51412 -0.02517904 0.9995947 -0.01328 113.837 -0.07148955 0.01144975 0.9973756 -84.40539 0 0 0 1
113 0 0.9971223 0.02630134 0.07110164 70.20728 -0.02544106 0.9995921 -0.01297802 113.7923 -0.07141397 0.01113177 0.9973847 -84.66528 0 0 0 1
113 1 0.9971223 0.02630134 0.07110164 69.67457 -0.02544106 0.9995921 -0.01297802 113.7924 -0.07141397 0.01113177 0.9973847 -84.66529 0 0 0 1
114 0 0.9971101 0.02683907 0.07107076 70.40732 -0.02596721 0.9995762 -0.01316331 113.7661 -0.07139392 0.01127976 0.9973844 -84.88582 0 0 0 1
114 1 0.9971101 0.02683907 0.07107076 69.87459 -0.02596721 0.9995762 -0.01316331 113.7661 -0.07139392 0.01127976 0.9973844 -84.88583 0 0 0 1
115 0 0.9971096 0.02674016 0.07111558 70.51251 -0.02588033 0.9995807 -0.0129848 113.7575 -0.07143298 0.01110677 0.9973835 -85.11534 0 0 0 1
115 1 0.9971096 0.02674016 0.07111558 69.97979 -0.02588033 0.9995807 -0.0129848 113.7575 -0.07143298 0.01110677 0.9973835 -85.11535 0 0 0 1
116 0 0.9971076 0.02702706 0.07103512 70.67435 -0.02617037 0.9995735 -0.01296329 113.7327 -0.07135519 0.01106678 0.9973896 -85.32965 0 0 0 1
116 1 0.9971076 0.02702706 0.07103512 70.14163 -0.02617037 0.9995735 -0.01296329 113.7327 -0.07135519 0.01106678 0.9973896 -85.32965 0 0 0 1
117 0 0.9971197 0.02694695 0.07089545 70.79021 -0.0260603 0.9995705 -0.01340191 113.7753 -0.07122613 0.01151575 0.9973937 -85.45279 0 0 0 1
117 1 0.9971197 0.02694695 0.07089545 70.25748 -0.0260603 0.9995705 -0.01340191 113.7753 -0.07122613 0.01151575 0.9973937 -85.45279 0 0 0 1
118 0 0.9971433 0.02657713 0.07070306 70.8733 -0.02569966 0.9995813 -0.01329177 113.7932 -0.07102671 0.01143675 0.9974089 -85.61794 0 0 0 1
118 1 0.9971433 0.02657713 0.07070306 70.34058 -0.02569966 0.9995813 -0.01329177 113.7932 -0.07102671 0.01143675 0.9974089 -85.61794 0 0 0 1
119 0 0.9971702 0.02565344 0.07066464 70.88322 -0.02476284 0.9996029 -0.01345066 113.8771 -0.07098163 0.01166274 0.9974095 -85.76225 0 0 0 1
119 1 0.9971702 0.02565344 0.07066464 70.35049 -0.02476284 0.9996029 -0.01345066 113.8771 -0.07098163 0.01166274 0.9974095 -85.76225 0 0 0 1
120 0 0.9971783 0.02578829 0.07050206 71.00872 -0.02487693 0.9995956 -0.01377446 113.8936 -0.07082877 0.01198171 0.9974165 -85.8605 0 0 0 1
120 1 0.9971783 0.02578829 0.07050206 70.47601 -0.02487693 0.9995956 -0.01377446 113.8936 -0.07082877 0.01198171 0.9974165 -85.8605 0 0 0 1
121 0 0.9971862 0.02621715 0.07022975 71.17144 -0.02531627 0.9995858 -0.01368719 113.8521 -0.0705595 0.01187072 0.9974369 -85.99555 0 0 0 1
121 1 0.9971862 0.02621715 0.07022975 70.63872 -0.02531627 0.9995858 -0.01368719 113.8521 -0.0705595 0.01187072 0.9974369 -85.99555 0 0 0 1
122 0 0.9971612 0.02701782 0.07028227 71.35078 -0.02611563 0.9995647 -0.01372415 113.7926 -0.07062248 0.01184972 0.9974327 -86.15005 0 0 0 1
122 1 0.9971612 0.02701782 0.07028227 70.81805 -0.02611563 0.9995647 -0.01372415 113.7926 -0.07062248 0.01184972 0.9974327 -86.15005 0 0 0 1
123 0 0.9971592 0.02748661 0.07012803 71.49632 -0.02658491 0.9995519 -0.01375916 113.7585 -0.0704748 0.01185572 0.9974431 -86.26372 0 0 0 1
123 1 0.9971592 0.02748661 0.07012803 70.96359 -0.02658491 0.9995519 -0.01375916 113.7585 -0.0704748 0.01185572 0.9974431 -86.26373 0 0 0 1
124 0 0.9971533 0.0279135 0.07004381 71.62637 -0.02703067 0.9995432 -0.01352056 113.7039 -0.07038922 0.01158874 0.9974523 -86.40257 0 0 0 1
124 1 0.9971533 0.0279135 0.07004381 71.09364 -0.02703067 0.9995432 -0.01352056 113.7039 -0.07038922 0.01158874 0.9974523 -86.40257 0 0 0 1
125 0 0.9971574 0.02815331 0.06988939 71.74478 -0.02725551 0.9995337 -0.01376673 113.7056 -0.07024438 0.01182272 0.9974598 -86.48093 0 0 0 1
125 1 0.9971574 0.02815331 0.06988939 71.21205 -0.02725551 0.9995337 -0.01376673 113.7056 -0.07024438 0.01182272 0.9974598 -86.48093 0 0 0 1
126 0 0.997171 0.02791834 0.06978877 71.79343 -0.02700442 0.9995372 -0.01400493 113.7438 -0.07014747 0.01208071 0.9974635 -86.54178 0 0 0 1
126 1 0.997171 0.02791834 0.06978877 71.26071 -0.02700442 0.9995372 -0.01400493 113.7438 -0.07014747 0.01208071 0.9974635 -86.54178 0 0 0 1
127 0 0.9971533 0.02838026 0.06985539 71.90106 -0.02749471 0.9995294 -0.01360612 113.6725 -0.07020865 0.01164674 0.9974644 -86.68567 0 0 0 1
127 1 0.9971533 0.02838026 0.06985539 71.36833 -0.02749471 0.9995294 -0.01360612 113.6725 -0.07020865 0.01164674 0.9974644 -86.68568 0 0 0 1
128 0 0.9971482 0.02840526 0.06991804 71.96184 -0.02752154 0.9995291 -0.01357069 113.6669 -0.07027058 0.01160774 0.9974604 -86.79185 0 0 0 1
128 1 0.9971482 0.02840526 0.06991804 71.42912 -0.02752154 0.9995291 -0.01357069 113.6669 -0.07027058 0.01160774 0.9974604 -86.79185 0 0 0 1
129 0 0.9971562 0.02844922 0.06978614 72.02912 -0.02756332 0.9995272 -0.01362502 113.6675 -0.07014077 0.01166273 0.9974689 -86.85506 0 0 0 1
129 1 0.9971562 0.02844922 0.06978614 71.4964 -0.02756332 0.9995272 -0.01362502 113.6675 -0.07014077 0.01166273 0.9974689 -86.85506 0 0 0 1
130 0 0.9971521 0.02811949 0.06997844 72.02924 -0.02725488 0.9995403 -0.01327983 113.6628 -0.07031969 0.01133476 0.9974601 -86.98975 0 0 0 1
130 1 0.9971521 0.02811949 0.06997844 71.49652 -0.02725488 0.9995403 -0.01327983 113.6628 -0.07031969 0.01133476 0.9974601 -86.98974 0 0 0 1
131 0 0.9971508 0.02806163 0.07002032 72.06445 -0.02722251 0.9995461 -0.01290969 113.6346 -0.0703508 0.01096678 0.997462 -87.10555 0 0 0 1
131 1 0.9971508 0.02806163 0.07002032 71.53172 -0.02722251 0.9995461 -0.01290969 113.6346 -0.0703508 0.01096678 0.997462 -87.10555 0 0 0 1
132 0 0.9971572 0.02798075 0.06996107 72.10656 -0.02716138 0.9995512 -0.01263596 113.6165 -0.07028323 0.0106998 0.9974697 -87.20665 0 0 0 1
132 1 0.9971572 0.02798075 0.06996107 71.57384 -0.02716138 0.9995512 -0.01263596 113.6165 -0.07028323 0.0106998 0.9974697 -87.20666 0 0 0 1
133 0 0.9971386 0.02840356 0.07005629 72.19424 -0.02758402 0.9995396 -0.0126384 113.5832 -0.07038301 0.0106698 0.997463 -87.2999 0 0 0 1
133 1 0.9971386 0.02840356 0.07005629 71.66151 -0.02758402 0.9995396 -0.0126384 113.5832 -0.07038301 0.0106698 0.997463 -87.29991 0 0 0 1
134 0 0.9971385 0.02855941 0.06999367 72.26253 -0.02772098 0.9995322 -0.01292105 113.5952 -0.07032995 0.01094378 0.9974638 -87.34133 0 0 0 1
134 1 0.9971385 0.02855941 0.06999367 71.7298 -0.02772098 0.9995322 -0.01292105 113.5952 -0.07032995 0.01094378 0.9974638 -87.34133 0 0 0 1
135 0 0.9971519 0.02837255 0.06987895 72.29401 -0.02754985 0.9995396 -0.01270914 113.5908 -0.07020737 0.01074779 0.9974745 -87.43116 0 0 0 1
135 1 0.9971519 0.02837255 0.06987895 71.76129 -0.02754985 0.9995396 -0.01270914 113.5908 -0.07020737 0.01074779 0.9974745 -87.43115 0 0 0 1
136 0 0.9971305 0.02804007 0.07031681 72.25295 -0.02730315 0.999562 -0.0114195 113.5038 -0.0706062 0.009466859 0.9974594 -87.68423 0 0 0 1
136 1 0.9971305 0.02804007 0.07031681 71.72023 -0.02730315 0.999562 -0.0114195 113.5038 -0.0706062 0.009466859 0.9974594 -87.68422 0 0 0 1
137 0 0.9971485 0.02747857 0.07028418 72.23028 -0.02681729 0.9995869 -0.0103352 113.452 -0.07053914 0.008420901 0.9974735 -87.86853 0 0 0 1
137 1 0.9971485 0.02747857 0.07028418 71.69755 -0.02681729 0.9995869 -0.0103352 113.452 -0.07053914 0.008420901 0.9974735 -87.86854 0 0 0 1
138 0 0.997189 0.02761049 0.06965397 72.34386 -0.02694904 0.9995825 -0.01041829 113.448 -0.06991255 0.008511898 0.9975168 -87.89238 0 0 0 1
138 1 0.997189 0.02761049 0.06965397 71.81114 -0.02694904 0.9995825 -0.01041829 113.448 -0.06991255 0.008511898 0.9975168 -87.89238 0 0 0 1
139 0 0.9972316 0.02725259 0.06918421 72.38811 -0.02658206 0.9995905 -0.01059428 113.4908 -0.0694446 0.00872589 0.9975476 -87.90593 0 0 0 1
139 1 0.9972316 0.02725259 0.06918421 71.85538 -0.02658206 0.9995905 -0.01059428 113.4908 -0.0694446 0.00872589 0.9975476 -87.90592 0 0 0 1
140 0 0.9972437 0.02718474 0.06903574 72.43394 -0.02655242 0.9995968 -0.01006071 113.4485 -0.0692814 0.00819991 0.9975635 -88.02611 0 0 0 1
140 1 0.9972437 0.02718474 0.06903574 71.90122 -0.02655242 0.9995968 -0.01006071 113.4484 -0.0692814 0.00819991 0.9975635 -88.02609 0 0 0 1
141 0 0.9972719 0.02719176 0.0686252 72.51337 -0.02657238 0.9995977 -0.009922518 113.4349 -0.06886741 0.008071913 0.9975932 -88.08482 0 0 0 1
141 1 0.9972719 0.02719176 0.0686252 71.98064 -0.02657238 0.9995977 -0.009922518 113.4349 -0.06886741 0.008071913 0.9975932 -88.08482 0 0 0 1
142 0 0.9972906 0.02748357 0.06823609 72.62654 -0.02684433 0.9995869 -0.01026747 113.4416 -0.0684901 0.008407901 0.9976164 -88.09969 0 0 0 1
142 1 0.9972906 0.02748357 0.06823609 72.09382 -0.02684433 0.9995869 -0.01026747 113.4416 -0.0684901 0.008407901 0.9976164 -88.09969 0 0 0 1
143 0 0.9973114 0.02759454 0.06788646 72.70921 -0.02696485 0.9995846 -0.01017481 113.4239 -0.06813904 0.008316903 0.9976411 -88.15661 0 0 0 1
143 1 0.9973114 0.02759454 0.06788646 72.17648 -0.02696485 0.9995846 -0.01017481 113.4239 -0.06813904 0.008316903 0.9976411 -88.15661 0 0 0 1
144 0 0.9973379 0.02748648 0.0675395 72.76991 -0.02682835 0.9995835 -0.01063216 113.4721 -0.06780361 0.008791888 0.9976599 -88.15493 0 0 0 1
144 1 0.9973379 0.02748648 0.0675395 72.2372 -0.02682835 0.9995835 -0.01063216 113.4721 -0.06780361 0.008791888 0.9976599 -88.15494 0 0 0 1
145 0 0.9973431 0.02783528 0.06732033 72.86633 -0.02716665 0.9995723 -0.01082752 113.4613 -0.06759292 0.008969881 0.9976727 -88.18573 0 0 0 1
145 1 0.9973431 0.02783528 0.06732033 72.3336 -0.02716665 0.9995723 -0.01082752 113.4613 -0.06759292 0.008969881 0.9976727 -88.18574 0 0 0 1
146 0 0.9973577 0.02803923 0.06701777 72.95309 -0.02738249 0.9995678 -0.01069827 113.4331 -0.06728878 0.008834885 0.9976944 -88.2431 0 0 0 1
146 1 0.9973577 0.02803923 0.06701777 72.42037 -0.02738249 0.9995678 -0.01069827 113.4331 -0.06728878 0.008834885 0.9976944 -88.2431 0 0 0 1
147 0 0.99738 0.02838904 0.06653707 73.06795 -0.02772683 0.9995566 -0.01085518 113.4187 -0.06681573 0.008981879 0.9977249 -88.26003 0 0 0 1
147 1 0.99738 0.02838904 0.06653707 72.53522 -0.02772683 0.9995566 -0.01085518 113.4187 -0.06681573 0.008981879 0.9977249 -88.26003 0 0 0 1
148 0 0.9973875 0.028582 0.06634236 73.13409 -0.02793533 0.999553 -0.01065502 113.3853 -0.06661724 0.008773888 0.99774 -88.32559 0 0 0 1
148 1 0.9973875 0.028582 0.06634236 72.60136 -0.02793533 0.999553 -0.01065502 113.3853 -0.06661724 0.008773888 0.99774 -88.32559 0 0 0 1
149 0 0.997399 0.02893988 0.06601314 73.22862 -0.02830659 0.999544 -0.01050883 113.3436 -0.06628717 0.008612893 0.9977634 -88.37012 0 0 0 1
149 1 0.997399 0.02893988 0.06601314 72.6959 -0.02830659 0.999544 -0.01050883 113.3436 -0.06628717 0.008612893 0.9977634 -88.37012 0 0 0 1
150 0 0.9974052 0.02901878 0.06588472 73.2756 -0.02836886 0.9995394 -0.01077893 113.3608 -0.06616718 0.008881883 0.997769 -88.37982 0 0 0 1
150 1 0.9974052 0.02901878 0.06588472 72.74287 -0.02836886 0.9995394 -0.01077893 113.3608 -0.06616718 0.008881883 0.997769 -88.37982 0 0 0 1
151 0 0.9974164 0.02901584 0.06571583 73.30857 -0.0283826 0.9995415 -0.01054933 113.3405 -0.0659918 0.008656893 0.9977826 -88.43774 0 0 0 1
151 1 0.9974164 0.02901584 0.06571583 72.77584 -0.0283826 0.9995415 -0.01054933 113.3405 -0.0659918 0.008656893 0.9977826 -88.43775 0 0 0 1
152 0 0.9974301 0.02910089 0.06547045 73.36201 -0.02849235 0.9995419 -0.01020955 113.3032 -0.06573757 0.008317905 0.9978023 -88.50308 0 0 0 1
152 1 0.9974301 0.02910089 0.06547045 72.82929 -0.02849235 0.9995419 -0.01020955 113.3032 -0.06573757 0.008317905 0.9978023 -88.50308 0 0 0 1
153 0 0.9974386 0.02930871 0.06524731 73.43098 -0.02868057 0.999533 -0.01054323 113.3158 -0.06552584 0.008644892 0.9978134 -88.50148 0 0 0 1
153 1 0.9974386 0.02930871 0.06524731 72.89826 -0.02868057 0.999533 -0.01054323 113.3158 -0.06552584 0.008644892 0.9978134 -88.50147 0 0 0 1
154 0 0.997443 0.02937067 0.06515241 73.47009 -0.02874025 0.9995308 -0.01059247 113.3149 -0.06543295 0.00869289 0.9978191 -88.53201 0 0 0 1
154 1 0.997443 0.02937067 0.06515241 72.93736 -0.02874025 0.9995308 -0.01059247 113.3149 -0.06543295 0.00869289 0.9978191 -88.53201 0 0 0 1
155 0 0.997465 0.02945861 0.06477547 73.53665 -0.02882757 0.9995276 -0.01065522 113.3129 -0.06505876 0.008760889 0.997843 -88.53781 0 0 0 1
155 1 0.997465 0.02945861 0.06477547 73.00393 -0.02882757 0.9995276 -0.01065522 113.3129 -0.06505876 0.008760889 0.997843 -88.53781 0 0 0 1
156 0 0.9974754 0.02952258 0.0645844 73.58176 -0.02889364 0.9995257 -0.01065086 113.3071 -0.0648682 0.008757888 0.9978554 -88.56862 0 0 0 1
156 1 0.9974754 0.02952258 0.0645844 73.04903 -0.02889364 0.9995257 -0.01065086 113.3071 -0.0648682 0.008757888 0.9978554 -88.56862 0 0 0 1
157 0 0.9974781 0.02976657 0.06443195 73.64018 -0.02916677 0.9995222 -0.01022997 113.2501 -0.06470567 0.008324904 0.9978697 -88.64471 0 0 0 1
157 1 0.9974781 0.02976657 0.06443195 73.10747 -0.02916677 0.9995222 -0.01022997 113.2501 -0.06470567 0.008324904 0.9978697 -88.64471 0 0 0 1
158 0 0.9974785 0.02991452 0.0643559 73.67922 -0.02932003 0.9995184 -0.01016245 113.2321 -0.06462892 0.008249906 0.9978753 -88.68503 0 0 0 1
158 1 0.9974785 0.02991452 0.0643559 73.1465 -0.02932003 0.9995184 -0.01016245 113.2321 -0.06462892 0.008249906 0.9978753 -88.68504 0 0 0 1
159 0 0.9974834 0.03009538 0.06419624 73.72931 -0.02948865 0.9995112 -0.01037808 113.2366 -0.0644772 0.008458899 0.9978833 -88.68581 0 0 0 1
159 1 0.9974834 0.03009538 0.06419624 73.19658 -0.02948865 0.9995112 -0.01037808 113.2366 -0.0644772 0.008458899 0.9978833 -88.68581 0 0 0 1
160 0 0.9974865 0.0302863 0.06405858 73.77361 -0.02968497 0.9995061 -0.01031842 113.216 -0.06433944 0.008390902 0.9978928 -88.7159 0 0 0 1
160 1 0.9974865 0.0302863 0.06405858 73.24088 -0.02968497 0.9995061 -0.01031842 113.216 -0.06433944 0.008390902 0.9978928 -88.7159 0 0 0 1
161 0 0.9974898 0.03053821 0.06388644 73.82767 -0.02994641 0.9994994 -0.01020068 113.1853 -0.06416597 0.008261906 0.997905 -88.74329 0 0 0 1
161 1 0.9974898 0.03053821 0.06388644 73.29494 -0.02994641 0.9994994 -0.01020068 113.1853 -0.06416597 0.008261906 0.997905 -88.74329 0 0 0 1
162 0 0.9974967 0.03058217 0.0637573 73.84464 -0.02998551 0.9994973 -0.01029447 113.1902 -0.06404008 0.008356904 0.9979123 -88.74081 0 0 0 1
162 1 0.9974967 0.03058217 0.0637573 73.3119 -0.02998551 0.9994973 -0.01029447 113.1902 -0.06404008 0.008356904 0.9979123 -88.7408 0 0 0 1
163 0 0.9975082 0.03054621 0.06359422 73.86111 -0.02995782 0.9994993 -0.01018543 113.1832 -0.0638735 0.008254907 0.9979239 -88.75591 0 0 0 1
163 1 0.9975082 0.03054621 0.06359422 73.32838 -0.02995782 0.9994993 -0.01018543 113.1832 -0.0638735 0.008254907 0.9979239 -88.75591 0 0 0 1
164 0 0.997515 0.03052123 0.06350123 73.8757 -0.02993692 0.9995005 -0.01013312 113.1803 -0.06377878 0.008206908 0.9979303 -88.76881 0 0 0 1
164 1 0.997515 0.03052123 0.06350123 73.34297 -0.02993692 0.9995005 -0.01013312 113.1803 -0.06377878 0.008206908 0.9979303 -88.76882 0 0 0 1
165 0 0.9975225 0.03049224 0.0633963 73.89153 -0.02990816 0.9995012 -0.0101421 113.1831 -0.06367394 0.008220907 0.9979369 -88.7734 0 0 0 1
165 1 0.9975225 0.03049224 0.0633963 73.35882 -0.02990816 0.9995012 -0.0101421 113.1831 -0.06367394 0.008220907 0.9979369 -88.77341 0 0 0 1
166 0 0.9975255 0.03048823 0.06335152 73.90132 -0.0299006 0.9995008 -0.0102034 113.1888 -0.06363098 0.008283906 0.9979391 -88.77315 0 0 0 1
166 1 0.9975255 0.03048823 0.06335152 73.3686 -0.0299006 0.9995008 -0.0102034 113.1888 -0.06363098 0.008283906 0.9979391 -88.77316 0 0 0 1
167 0 0.9975286 0.03046423 0.06331356 73.90728 -0.02987436 0.9995012 -0.01024267 113.1941 -0.06359401 0.008325904 0.9979411 -88.77479 0 0 0 1
167 1 0.9975286 0.03046423 0.06331356 73.37455 -0.02987436 0.9995012 -0.01024267 113.1941 -0.06359401 0.008325904 0.9979411 -88.77479 0 0 0 1
168 0 0.9975361 0.03037724 0.06323779 73.90892 -0.02977797 0.9995025 -0.01039761 113.2146 -0.06352217 0.008488899 0.9979443 -88.75275 0 0 0 1
168 1 0.9975361 0.03037724 0.06323779 73.37619 -0.02977797 0.9995025 -0.01039761 113.2146 -0.06352217 0.008488899 0.9979443 -88.75276 0 0 0 1
169 0 0.997533 0.03035525 0.06329638 73.90585 -0.0297586 0.9995036 -0.01034804 113.2118 -0.06357907 0.008438899 0.9979411 -88.76279 0 0 0 1
169 1 0.997533 0.03035525 0.06329638 73.37312 -0.0297586 0.9995036 -0.01034804 113.2118 -0.06357907 0.008438899 0.9979411 -88.76279 0 0 0 1
170 0 0.9975301 0.03034235 0.06334815 73.90382 -0.02976772 0.9995069 -0.00999533 113.1814 -0.06362019 0.008084912 0.9979414 -88.80373 0 0 0 1
170 1 0.9975301 0.03034235 0.06334815 73.37109 -0.02976772 0.9995069 -0.00999533 113.1814 -0.06362019 0.008084912 0.9979414 -88.80373 0 0 0 1
171 0 0.997529 0.03044832 0.06331415 73.92611 -0.02988024 0.9995044 -0.009900223 113.1642 -0.06358422 0.007983916 0.9979445 -88.81327 0 0 0 1
171 1 0.997529 0.03044832 0.06331415 73.39338 -0.02988024 0.9995044 -0.009900223 113.1642 -0.06358422 0.007983916 0.9979445 -88.81327 0 0 0 1
172 0 0.997526 0.03045822 0.06335634 73.92949 -0.02986334 0.9995008 -0.01031545 113.2002 -0.0636389 0.008397902 0.9979377 -88.76768 0 0 0 1
172 1 0.997526 0.03045822 0.06335634 73.39676 -0.02986334 0.9995008 -0.01031545 113.2002 -0.0636389 0.008397902 0.9979377 -88.76769 0 0 0 1
173 0 0.9975234 0.03050525 0.06337593 73.93472 -0.02992485 0.9995012 -0.01008741 113.1761 -0.06365203 0.00816591 0.9979388 -88.792 0 0 0 1
173 1 0.9975234 0.03050525 0.06337593 73.402 -0.02992485 0.9995012 -0.01008741 113.1761 -0.06365203 0.00816591 0.9979388 -88.79199 0 0 0 1
174 0 0.9975275 0.03046532 0.06333051 73.93659 -0.029898 0.999504 -0.009886816 113.1613 -0.06360031 0.007968916 0.9979436 -88.81023 0 0 0 1
174 1 0.9975275 0.03046532 0.06333051 73.40386 -0.029898 0.999504 -0.009886816 113.1613 -0.06360031 0.007968916 0.9979436 -88.81023 0 0 0 1
175 0 0.9975332 0.03041128 0.06326668 73.93575 -0.02982926 0.9995037 -0.01012408 113.1867 -0.06354317 0.008211908 0.9979453 -88.77612 0 0 0 1
175 1 0.9975332 0.03041128 0.06326668 73.40303 -0.02982926 0.9995037 -0.01012408 113.1867 -0.06354317 0.008211908 0.9979453 -88.77612 0 0 0 1
176 0 0.9975303 0.03047027 0.06328307 73.94112 -0.02989209 0.9995025 -0.01006343 113.1766 -0.06355822 0.008146909 0.9979449 -88.78234 0 0 0 1
176 1 0.9975303 0.03047027 0.06328307 73.4084 -0.02989209 0.9995025 -0.01006343 113.1766 -0.06355822 0.008146909 0.9979449 -88.78234 0 0 0 1
177 0 0.9975284 0.0304473 0.06332485 73.93508 -0.02987422 0.9995039 -0.009977354 113.1708 -0.06359722 0.008060914 0.9979431 -88.79222 0 0 0 1
177 1 0.9975284 0.0304473 0.06332485 73.40235 -0.02987422 0.9995039 -0.009977354 113.1708 -0.06359722 0.008060914 0.9979431 -88.79222 0 0 0 1
178 0 0.9975303 0.03047829 0.06327929 73.94263 -0.02990681 0.9995031 -0.00995899 113.1666 -0.06355138 0.008041913 0.9979461 -88.78929 0 0 0 1
178 1 0.9975303 0.03047829 0.06327929 73.40991 -0.02990681 0.9995031 -0.00995899 113.1666 -0.06355138 0.008041913 0.9979461 -88.78929 0 0 0 1
179 0 0.9975355 0.03049123 0.06319168 73.95386 -0.02990688 0.9995009 -0.01017284 113.1845 -0.06347033 0.008257907 0.9979495 -88.76007 0 0 0 1
179 1 0.9975355 0.03049123 0.06319168 73.42113 -0.02990688 0.9995009 -0.01017284 113.1845 -0.06347033 0.008257907 0.9979495 -88.76007 0 0 0 1
180 0 0.9975312 0.03051626 0.06324739 73.95466 -0.02994191 0.9995015 -0.01000937 113.168 -0.06352132 0.008090911 0.9979477 -88.78588 0 0 0 1
180 1 0.9975312 0.03051626 0.06324739 73.42193 -0.02994191 0.9995015 -0.01000937 113.1679 -0.06352132 0.008090911 0.9979477 -88.78587 0 0 0 1
181 0 0.9975244 0.03055224 0.06333821 73.95158 -0.02997563 0.9995003 -0.01003436 113.1673 -0.06361313 0.008110912 0.9979417 -88.79108 0 0 0 1
181 1 0.9975244 0.03055224 0.06333821 73.41887 -0.02997563 0.9995003 -0.01003436 113.1673 -0.06361313 0.008110912 0.9979417 -88.79108 0 0 0 1
182 0 0.9975312 0.0305912 0.0632109 73.9643 -0.03001121 0.9994985 -0.01010489 113.1706 -0.06348832 0.008182908 0.997949 -88.77728 0 0 0 1
182 1 0.9975312 0.0305912 0.0632109 73.43157 -0.03001121 0.9994985 -0.01010489 113.1706 -0.06348832 0.008182908 0.997949 -88.77729 0 0 0 1
183 0 0.9975346 0.03063216 0.06313867 73.97514 -0.0300466 0.9994964 -0.01020316 113.176 -0.06341942 0.008280906 0.9979526 -88.76244 0 0 0 1
183 1 0.9975346 0.03063216 0.06313867 73.44242 -0.0300466 0.9994964 -0.01020316 113.176 -0.06341942 0.008280906 0.9979526 -88.76244 0 0 0 1
184 0 0.9975388 0.03060719 0.06308371 73.9765 -0.03002757 0.9994979 -0.01011606 113.1703 -0.06336166 0.008196909 0.997957 -88.77048 0 0 0 1
184 1 0.9975388 0.03060719 0.06308371 73.44379 -0.03002757 0.9994979 -0.01011606 113.1703 -0.06336166 0.008196909 0.997957 -88.77048 0 0 0 1
185 0 0.9975479 0.03064216 0.06292265 73.99454 -0.03006195 0.9994965 -0.01014737 113.1702 -0.06320191 0.008230906 0.9979668 -88.75666 0 0 0 1
185 1 0.9975479 0.03064216 0.06292265 73.46181 -0.03006195 0.9994965 -0.01014737 113.1702 -0.06320191 0.008230906 0.9979668 -88.75666 0 0 0 1
186 0 0.9975457 0.03075709 0.06290239 74.0078 -0.03017255 0.9994924 -0.01022192 113.1677 -0.06318486 0.008298904 0.9979674 -88.7506 0 0 0 1
186 1 0.9975457 0.03075709 0.06290239 73.47507 -0.03017255 0.9994924 -0.01022192 113.1677 -0.06318486 0.008298904 0.9979674 -88.7506 0 0 0 1
187 0 0.9975528 0.03070416 0.0628145 74.0078 -0.03013161 0.9994955 -0.01004219 113.156 -0.06309114 0.00812491 0.9979747 -88.7654 0 0 0 1
187 1 0.9975528 0.03070416 0.0628145 73.47508 -0.03013161 0.9994955 -0.01004219 113.156 -0.06309114 0.00812491 0.9979747 -88.7654 0 0 0 1
188 0 0.9975469 0.0308071 0.0628573 74.01494 -0.0302317 0.999492 -0.01008493 113.1516 -0.06313606 0.00815991 0.9979716 -88.7663 0 0 0 1
188 1 0.9975469 0.0308071 0.0628573 73.48222 -0.0302317 0.999492 -0.01008493 113.1516 -0.06313606 0.00815991 0.9979716 -88.76629 0 0 0 1
189 0 0.9975498 0.03076912 0.06283037 74.01331 -0.03019312 0.9994931 -0.01009669 113.1557 -0.06310919 0.008174908 0.9979731 -88.76447 0 0 0 1
189 1 0.9975498 0.03076912 0.06283037 73.48058 -0.03019312 0.9994931 -0.01009669 113.1557 -0.06310919 0.008174908 0.9979731 -88.76447 0 0 0 1
190 0 0.9975504 0.03079008 0.06281053 74.01832 -0.03020882 0.9994918 -0.01018328 113.1617 -0.06309214 0.008260907 0.9979735 -88.75555 0 0 0 1
190 1 0.9975504 0.03079008 0.06281053 73.48559 -0.03020882 0.9994918 -0.01018328 113.1617 -0.06309214 0.008260907 0.9979735 -88.75555 0 0 0 1
191 0 0.9975602 0.0308251 0.06263748 74.03687 -0.03025339 0.9994917 -0.01005544 113.1475 -0.06291559 0.008135911 0.9979857 -88.75926 0 0 0 1
191 1 0.9975602 0.0308251 0.06263748 73.50414 -0.03025339 0.9994917 -0.01005544 113.1475 -0.06291559 0.008135911 0.9979857 -88.75927 0 0 0 1
192 0 0.9975563 0.03086405 0.06268083 74.03635 -0.0302854 0.9994897 -0.01016105 113.1538 -0.06296244 0.008237908 0.9979819 -88.75307 0 0 0 1
192 1 0.9975563 0.03086405 0.06268083 73.50362 -0.0302854 0.9994897 -0.01016105 113.1538 -0.06296244 0.008237908 0.9979819 -88.75306 0 0 0 1
193 0 0.9975576 0.03088905 0.06264751 74.0407 -0.03031258 0.9994891 -0.01013166 113.1493 -0.06292845 0.008207909 0.9979843 -88.75591 0 0 0 1
193 1 0.9975576 0.03088905 0.06264751 73.50797 -0.03031258 0.9994891 -0.01013166 113.1493 -0.06292845 0.008207909 0.9979843 -88.75591 0 0 0 1
194 0 0.9975575 0.03091005 0.06263807 74.04321 -0.03033703 0.9994889 -0.01007878 113.1429 -0.06291758 0.008153911 0.9979854 -88.76208 0 0 0 1
194 1 0.9975575 0.03091005 0.06263807 73.51048 -0.03033703 0.9994889 -0.01007878 113.1429 -0.06291758 0.008153911 0.9979854 -88.76208 0 0 0 1
195 0 0.99756 0.03098299 0.06256361 74.05584 -0.03040467 0.9994859 -0.01017496 113.1457 -0.06284671 0.008247906 0.9979891 -88.74861 0 0 0 1
195 1 0.99756 0.03098299 0.06256361 73.52312 -0.03040467 0.9994859 -0.01017496 113.1457 -0.06284671 0.008247906 0.9979891 -88.74861 0 0 0 1
196 0 0.9975642 0.03092803 0.06252275 74.05312 -0.03035325 0.999488 -0.01012233 113.1454 -0.0628038 0.008199909 0.9979922 -88.75179 0 0 0 1
196 1 0.9975642 0.03092803 0.06252275 73.5204 -0.03035325 0.999488 -0.01012233 113.1454 -0.0628038 0.008199909 0.9979922 -88.75179 0 0 0 1
197 0 0.9975659 0.03098601 0.06246727 74.06484 -0.03041375 0.9994864 -0.01009134 113.138 -0.06274787 0.00816691 0.997996 -88.75177 0 0 0 1
197 1 0.9975659 0.03098601 0.06246727 73.53213 -0.03041375 0.9994864 -0.01009134 113.138 -0.06274787 0.00816691 0.997996 -88.75176 0 0 0 1
198 0 0.9975645 0.03097102 0.0624969 74.06218 -0.03039956 0.999487 -0.01007432 113.1376 -0.06277685 0.008149911 0.9979943 -88.75748 0 0 0 1
198 1 0.9975645 0.03097102 0.0624969 73.52946 -0.03039956 0.999487 -0.01007432 113.1376 -0.06277685 0.008149911 0.9979943 -88.75749 0 0 0 1
199 0 0.9975634 0.03103396 0.06248247 74.07283 -0.03045473 0.9994841 -0.01020165 113.1439 -0.06276683 0.008273907 0.9979939 -88.744 0 0 0 1
199 1 0.9975634 0.03103396 0.06248247 73.5401 -0.03045473 0.9994841 -0.01020165 113.1439 -0.06276683 0.008273907 0.9979939 -88.744 0 0 0 1
200 0 0.997565 0.03106595 0.0624414 74.08383 -0.03049147 0.9994836 -0.01013251 113.135 -0.06272393 0.008203909 0.9979972 -88.75077 0 0 0 1
200 1 0.997565 0.03106595 0.0624414 73.5511 -0.03049147 0.9994836 -0.01013251 113.135 -0.06272393 0.008203909 0.9979972 -88.75077 0 0 0 1
201 0 0.9975701 0.03101898 0.06238356 74.08418 -0.03044436 0.999485 -0.01014078 113.1395 -0.06266599 0.008216909 0.9980007 -88.74666 0 0 0 1
201 1 0.9975701 0.03101898 0.06238356 73.55145 -0.03044436 0.999485 -0.01014078 113.1395 -0.06266599 0.008216909 0.9980007 -88.74666 0 0 0 1
202 0 0.9975687 0.03108795 0.06237236 74.08893 -0.03051412 0.999483 -0.01013178 113.1333 -0.06265509 0.008203909 0.9980015 -88.7505 0 0 0 1
202 1 0.9975687 0.03108795 0.06237236 73.5562 -0.03051412 0.999483 -0.01013178 113.1333 -0.06265509 0.008203909 0.9980015 -88.75049 0 0 0 1
203 0 0.9975696 0.03106696 0.06236732 74.08671 -0.03049467 0.9994838 -0.01010734 113.1328 -0.06264913 0.00818091 0.9980021 -88.75502 0 0 0 1
203 1 0.9975696 0.03106696 0.06236732 73.55399 -0.03049467 0.9994838 -0.01010734 113.1328 -0.06264913 0.00818091 0.9980021 -88.75502 0 0 0 1
204 0 0.9975685 0.03108595 0.06237596 74.08649 -0.03051341 0.9994832 -0.0101108 113.1317 -0.06265803 0.008182909 0.9980015 -88.75829 0 0 0 1
204 1 0.9975685 0.03108595 0.06237596 73.55376 -0.03051341 0.9994832 -0.0101108 113.1317 -0.06265803 0.008182909 0.9980015 -88.75829 0 0 0 1
205 0 0.9975708 0.03109495 0.06233496 74.09022 -0.03052469 0.9994832 -0.01008015 113.1283 -0.06261619 0.00815291 0.9980044 -88.76089 0 0 0 1
205 1 0.9975708 0.03109495 0.06233496 73.5575 -0.03052469 0.9994832 -0.01008015 113.1283 -0.06261619 0.00815291 0.9980044 -88.76089 0 0 0 1
206 0 0.9975684 0.03121288 0.06231443 74.10158 -0.03063977 0.9994791 -0.01013184 113.1236 -0.06259821 0.008197908 0.9980052 -88.75755 0 0 0 1
206 1 0.9975684 0.03121288 0.06231443 73.56884 -0.03063977 0.9994791 -0.01013184 113.1236 -0.06259821 0.008197908 0.9980052 -88.75754 0 0 0 1
207 0 0.9975755 0.03116092 0.06222739 74.10181 -0.03059142 0.9994811 -0.01008398 113.1235 -0.06250933 0.008155909 0.9980111 -88.75775 0 0 0 1
207 1 0.9975755 0.03116092 0.06222739 73.56908 -0.03059142 0.9994811 -0.01008398 113.1235 -0.06250933 0.008155909 0.9980111 -88.75774 0 0 0 1
208 0 0.9975753 0.03122887 0.06219441 74.11052 -0.03065688 0.9994786 -0.01013016 113.1223 -0.06247834 0.008198908 0.9980127 -88.75336 0 0 0 1
208 1 0.9975753 0.03122887 0.06219441 73.5778 -0.03065688 0.9994786 -0.01013016 113.1223 -0.06247834 0.008198908 0.9980127 -88.75336 0 0 0 1
209 0 0.9975826 0.03123288 0.06207625 74.11907 -0.03066521 0.9994789 -0.01007685 113.1172 -0.06235863 0.008148911 0.9980205 -88.7529 0 0 0 1
209 1 0.9975826 0.03123288 0.06207625 73.58635 -0.03066521 0.9994789 -0.01007685 113.1172 -0.06235863 0.008148911 0.9980205 -88.7529 0 0 0 1
210 0 0.9975812 0.03123887 0.06209594 74.11777 -0.03066849 0.9994784 -0.01011777 113.1204 -0.06237962 0.008188909 0.9980189 -88.7492 0 0 0 1
210 1 0.9975812 0.03123887 0.06209594 73.58505 -0.03066849 0.9994784 -0.01011777 113.1204 -0.06237962 0.008188909 0.9980189 -88.7492 0 0 0 1
211 0 0.9975814 0.03121891 0.06210211 74.1136 -0.0306565 0.9994801 -0.009988906 113.1106 -0.06238167 0.008060914 0.9980198 -88.76286 0 0 0 1
211 1 0.9975814 0.03121891 0.06210211 73.58088 -0.0306565 0.9994801 -0.009988906 113.1106 -0.06238167 0.008060914 0.9980198 -88.76286 0 0 0 1
212 0 0.9975866 0.03121891 0.06201917 74.11958 -0.03065507 0.9994798 -0.0100223 113.1135 -0.06229979 0.008096912 0.9980246 -88.75217 0 0 0 1
212 1 0.9975866 0.03121891 0.06201917 73.58685 -0.03065507 0.9994798 -0.0100223 113.1135 -0.06229979 0.008096912 0.9980246 -88.75217 0 0 0 1
213 0 0.9975921 0.0312249 0.06192797 74.12582 -0.03066328 0.9994798 -0.009998905 113.111 -0.06220797 0.008075913 0.9980305 -88.74892 0 0 0 1
213 1 0.9975921 0.0312249 0.06192797 73.59309 -0.03066328 0.9994798 -0.009998905 113.111 -0.06220797 0.008075913 0.9980305 -88.74893 0 0 0 1
214 0 0.9975941 0.0312819 0.06186607 74.13598 -0.03072564 0.9994786 -0.009922663 113.0997 -0.06214422 0.007997915 0.9980351 -88.75484 0 0 0 1
214 1 0.9975941 0.0312819 0.06186607 73.60326 -0.03072564 0.9994786 -0.009922663 113.0997 -0.06214422 0.007997915 0.9980351 -88.75484 0 0 0 1
215 0 0.9975959 0.03131485 0.06182043 74.1394 -0.0307542 0.999477 -0.01000019 113.1041 -0.06210125 0.008074911 0.9980372 -88.74506 0 0 0 1
215 1 0.9975959 0.03131485 0.06182043 73.60667 -0.0307542 0.999477 -0.01000019 113.1041 -0.06210125 0.008074911 0.9980372 -88.74507 0 0 0 1
216 0 0.9975997 0.03128189 0.06177578 74.1348 -0.03072553 0.9994785 -0.009935858 113.1012 -0.06205438 0.008013915 0.9980406 -88.74969 0 0 0 1
216 1 0.9975997 0.03128189 0.06177578 73.60207 -0.03072553 0.9994785 -0.009935858 113.1011 -0.06205438 0.008013915 0.9980406 -88.74968 0 0 0 1
217 0 0.9976002 0.03139083 0.0617132 74.14714 -0.03083358 0.9994749 -0.009961658 113.0949 -0.0619935 0.008034914 0.9980442 -88.74548 0 0 0 1
217 1 0.9976002 0.03139083 0.0617132 73.61442 -0.03083358 0.9994749 -0.009961658 113.0949 -0.0619935 0.008034914 0.9980442 -88.74548 0 0 0 1
218 0 0.9976026 0.03139085 0.06167276 74.14702 -0.0308389 0.9994755 -0.009881525 113.0879 -0.06195061 0.007955915 0.9980475 -88.75414 0 0 0 1
218 1 0.9976026 0.03139085 0.06167276 73.6143 -0.0308389 0.9994755 -0.009881525 113.0879 -0.06195061 0.007955915 0.9980475 -88.75415 0 0 0 1
219 0 0.9975988 0.03143579 0.06171156 74.14696 -0.03087611 0.9994732 -0.01000234 113.0951 -0.06199348 0.008072913 0.9980439 -88.7456 0 0 0 1
219 1 0.9975988 0.03143579 0.06171156 73.61423 -0.03087611 0.9994732 -0.01000234 113.0952 -0.06199348 0.008072913 0.9980439 -88.7456 0 0 0 1
220 0 0.9975976 0.03143981 0.06173015 74.14553 -0.03088527 0.9994738 -0.009917294 113.0873 -0.06200946 0.007986915 0.9980436 -88.75991 0 0 0 1
220 1 0.9975976 0.03143981 0.06173015 73.6128 -0.03088527 0.9994738 -0.009917294 113.0873 -0.06200946 0.007986915 0.9980436 -88.75991 0 0 0 1
221 0 0.9975968 0.03141982 0.06175292 74.14191 -0.03086429 0.9994743 -0.009929739 113.09 -0.06203245 0.007999916 0.998042 -88.76156 0 0 0 1
221 1 0.9975968 0.03141982 0.06175292 73.60918 -0.03086429 0.9994743 -0.009929739 113.09 -0.06203245 0.007999916 0.998042 -88.76157 0 0 0 1
222 0 0.9975986 0.03140284 0.06173219 74.14053 -0.03085165 0.9994753 -0.00986214 113.0854 -0.0620095 0.007933918 0.998044 -88.77014 0 0 0 1
222 1 0.9975986 0.03140284 0.06173219 73.60781 -0.03085165 0.9994753 -0.00986214 113.0854 -0.0620095 0.007933918 0.998044 -88.77013 0 0 0 1
223 0 0.9975985 0.03139583 0.06173693 74.13969 -0.0308402 0.999475 -0.009932746 113.0923 -0.06201637 0.008004914 0.9980431 -88.76506 0 0 0 1
223 1 0.9975985 0.03139583 0.06173693 73.60696 -0.0308402 0.999475 -0.009932746 113.0923 -0.06201637 0.008004914 0.9980431 -88.76506 0 0 0 1
224 0 0.9976026 0.0314718 0.06163219 74.15493 -0.03091842 0.9994727 -0.00991225 113.0844 -0.06191166 0.007982916 0.9980497 -88.76273 0 0 0 1
224 1 0.9976026 0.0314718 0.06163219 73.62221 -0.03091842 0.9994727 -0.00991225 113.0844 -0.06191166 0.007982916 0.9980497 -88.76274 0 0 0 1
225 0 0.9976041 0.03146479 0.06161198 74.15391 -0.03090908 0.9994727 -0.009952129 113.0886 -0.06189263 0.008023915 0.9980506 -88.75899 0 0 0 1
225 1 0.9976041 0.03146479 0.06161198 73.62118 -0.03090908 0.9994727 -0.009952129 113.0886 -0.06189263 0.008023915 0.9980506 -88.75899 0 0 0 1
226 0 0.9976081 0.03152975 0.06151327 74.16597 -0.03097224 0.9994702 -0.009996027 113.0874 -0.06179586 0.008066913 0.9980562 -88.75002 0 0 0 1
226 1 0.9976081 0.03152975 0.06151327 73.63324 -0.03097224 0.9994702 -0.009996027 113.0874 -0.06179586 0.008066913 0.9980562 -88.75002 0 0 0 1
227 0 0.9976147 0.0314948 0.06142356 74.16816 -0.03094764 0.9994726 -0.009839302 113.0763 -0.06170105 0.007914919 0.9980633 -88.76259 0 0 0 1
227 1 0.9976147 0.0314948 0.06142356 73.63543 -0.03094764 0.9994726 -0.009839302 113.0763 -0.06170105 0.007914919 0.9980633 -88.7626 0 0 0 1
228 0 0.9976156 0.03152977 0.06139251 74.17523 -0.03097736 0.9994708 -0.009929369 113.0815 -0.06167309 0.008003916 0.9980643 -88.75585 0 0 0 1
228 1 0.9976156 0.03152977 0.06139251 73.6425 -0.03097736 0.9994708 -0.009929369 113.0815 -0.06167309 0.008003916 0.9980643 -88.75585 0 0 0 1
229 0 0.9976112 0.03148879 0.06148431 74.1627 -0.03093684 0.9994722 -0.009908716 113.083 -0.06176387 0.007982916 0.9980589 -88.76624 0 0 0 1
229 1 0.9976112 0.03148879 0.06148431 73.62997 -0.03093684 0.9994722 -0.009908716 113.083 -0.06176387 0.007982916 0.9980589 -88.76624 0 0 0 1
230 0 0.99761 0.03155275 0.06147088 74.17129 -0.031001 0.9994702 -0.009909258 113.0779 -0.06175098 0.007979917 0.9980597 -88.76648 0 0 0 1
230 1 0.99761 0.03155275 0.06147088 73.63856 -0.031001 0.9994702 -0.009909258 113.0779 -0.06175098 0.007979917 0.9980597 -88.76648 0 0 0 1
231 0 0.9976121 0.03156075 0.06143285 74.17867 -0.03100942 0.99947 -0.009907571 113.0771 -0.06171297 0.007978915 0.9980621 -88.76971 0 0 0 1
231 1 0.9976121 0.03156075 0.06143285 73.64594 -0.03100942 0.99947 -0.009907571 113.0771 -0.06171297 0.007978915 0.9980621 -88.76971 0 0 0 1
232 0 0.9976097 0.03158275 0.06145972 74.18776 -0.03103135 0.9994693 -0.009905769 113.075 -0.06173996 0.007974914 0.9980604 -88.77973 0 0 0 1
232 1 0.9976097 0.03158275 0.06145972 73.65503 -0.03103135 0.9994693 -0.009905769 113.075 -0.06173996 0.007974914 0.9980604 -88.77972 0 0 0 1
