frame cameraID trackID left right top bottom number_pixels truncation_ratio occupancy_ratio isMoving
0 0 0 37 329 188 307 16923 0 0.4870209 True
0 1 0 0 296 188 307 17334 0 0.4921077 True
1 0 0 0 275 188 321 19564 0.06728292 0.5349009 True
1 1 0 0 239 188 315 16852 0.2090976 0.5552005 True
2 0 0 0 211 189 323 18908 0.3675141 0.6687416 True
2 1 0 0 173 189 316 13273 0.5051809 0.6041145 True
3 0 0 0 142 189 324 12522 0.6549578 0.6532081 True
3 1 0 0 99 189 317 7987 0.7959722 0.6302872 True
4 0 1 963 1072 182 221 2891 0 0.6800753 True
4 0 0 0 57 191 324 3861 0.945747 0.5092996 True
4 1 1 951 1060 182 221 2861 0 0.6730181 True
5 0 1 936 1041 182 220 2750 0 0.6892231 True
5 1 1 925 1029 182 220 2729 0 0.6905364 True
6 0 1 909 1010 182 219 2616 0 0.7000268 True
6 1 1 897 998 182 219 2592 0 0.6936045 True
7 0 1 882 981 181 218 2499 0 0.6822277 True
7 1 1 871 969 181 218 2481 0 0.684225 True
8 0 1 858 954 181 218 2399 0 0.6753941 True
8 1 1 847 943 181 218 2391 0 0.6731419 True
9 0 1 834 930 181 217 2331 0 0.6744792 True
9 1 1 823 919 181 217 2330 0 0.6741898 True
10 0 1 810 904 180 216 2151 0 0.6356383 True
10 1 1 799 893 180 216 2157 0 0.6374114 True
11 0 1 787 880 180 215 2065 0 0.6344086 True
11 1 1 776 869 180 215 2065 0 0.6344086 True
12 0 1 765 856 180 214 1943 0 0.6279896 True
12 1 1 754 845 180 214 1942 0 0.6276665 True
13 0 1 745 834 179 213 1789 0 0.5912095 True
13 1 1 734 824 179 213 1771 0 0.5787582 True
14 0 1 725 813 179 212 1793 0 0.6174242 True
14 1 1 715 803 179 212 1773 0 0.6105372 True
15 0 1 707 793 179 211 1577 0 0.5730378 True
15 1 1 697 782 179 211 1572 0 0.5779412 True
16 0 1 689 773 179 211 1546 0 0.5751488 True
16 1 1 679 763 179 211 1537 0 0.5718006 True
17 0 1 672 753 179 210 1506 0 0.5997611 True
17 1 1 662 744 179 210 1496 0 0.588513 True
18 0 1 655 735 178 209 1430 0 0.5766129 True
18 1 1 646 725 178 209 1433 0 0.5851368 True
19 0 1 641 718 178 208 1460 0 0.6320347 True
19 1 1 632 709 178 208 1465 0 0.6341991 True
20 0 1 628 702 178 207 1439 0 0.6705499 True
20 1 1 619 693 178 207 1440 0 0.6710159 True
21 0 1 615 687 178 207 1408 0 0.6743295 True
21 1 1 606 678 178 207 1407 0 0.6738506 True
22 0 1 602 672 177 206 1349 0 0.664532 True
22 1 1 593 663 177 206 1337 0 0.6586207 True
23 0 1 590 658 177 205 1287 0 0.6759454 True
23 1 1 582 649 177 205 1280 0 0.6823028 True
24 0 1 578 644 177 204 1231 0 0.6907969 True
24 1 1 570 636 177 204 1215 0 0.6818182 True
25 0 1 568 632 177 204 1163 0 0.6730324 True
25 1 1 560 624 177 204 1155 0 0.6684028 True
26 0 1 559 620 177 203 1092 0 0.6885246 True
26 1 1 551 612 177 203 1096 0 0.6910467 True
27 0 1 550 609 177 202 1037 0 0.7030509 True
27 1 1 542 601 177 202 1033 0 0.700339 True
28 0 1 542 599 177 202 975 0 0.6842105 True
28 1 1 534 591 177 202 961 0 0.674386 True
29 0 1 535 588 176 201 908 0 0.685283 True
29 1 1 527 581 176 201 904 0 0.6696296 True
30 0 1 528 579 176 200 864 0 0.7058824 True
30 1 1 521 571 176 200 858 0 0.715 True
31 0 1 522 570 176 200 802 0 0.6961806 True
31 1 1 515 562 176 200 795 0 0.7047873 True
32 0 1 516 563 176 199 765 0 0.7076781 True
32 1 1 509 555 176 199 758 0 0.7164461 True
33 0 1 511 555 176 199 706 0 0.6976284 True
33 1 1 504 548 176 199 703 0 0.6946641 True
34 0 1 507 548 176 198 671 0 0.7439024 True
34 1 1 500 541 176 198 662 0 0.7339246 True
35 0 1 502 542 176 198 620 0 0.7045454 True
35 0 2 978 1241 224 374 11004 0.8789209 0.2789354 True
35 1 1 495 535 176 198 620 0 0.7045454 True
35 1 2 888 1241 224 374 20541 0.8264537 0.387932 True
36 0 1 499 536 176 197 594 0 0.7644787 True
36 0 2 903 1241 218 374 27943 0.7621662 0.5299461 True
36 1 1 492 529 176 197 590 0 0.7593307 True
36 1 2 826 1241 218 374 38501 0.6953565 0.5947019 True
37 0 1 495 531 176 197 549 0 0.7261904 True
37 0 2 850 1241 213 374 41385 0.626668 0.6574161 True
37 1 1 489 525 176 197 550 0 0.7275133 True
37 1 2 781 1241 213 374 50428 0.4820133 0.6809074 True
38 0 1 492 526 176 196 518 0 0.7617647 True
38 0 2 802 1241 209 374 52302 0.3432161 0.7220542 True
38 1 1 486 520 176 196 513 0 0.7544118 True
38 1 2 740 1241 209 374 53653 0.3053096 0.6490413 True
39 0 1 489 522 176 196 490 0 0.7424242 True
39 0 2 758 1200 206 374 49750 0.1144126 0.6699795 True
39 1 1 483 516 176 196 489 0 0.7409091 True
39 1 2 703 1115 206 374 46450 0.1244474 0.6710876 True
40 0 1 486 518 176 195 459 0 0.7549342 True
40 0 2 723 1087 202 374 41816 0.03897631 0.6679019 True
40 1 1 480 512 176 195 464 0 0.7631579 True
40 1 2 673 1014 202 374 39454 0.02811599 0.6726795 True
41 0 1 484 514 176 195 437 0 0.7666667 True
41 0 2 694 999 200 374 33015 0 0.6221029 True
41 0 7 968 1241 200 362 28580 0.1001788 0.6462262 True
41 1 1 478 508 176 195 434 0 0.7614035 True
41 1 2 649 935 200 374 31297 0.00446856 0.6289085 True
41 1 7 928 1241 200 362 33411 0.01348758 0.6589161 True
42 0 1 482 511 176 194 424 0 0.8122605 True
42 0 2 670 930 198 364 25153 0 0.582785 True
42 0 7 933 1241 198 346 29257 0 0.6418261 True
42 1 1 476 505 176 194 425 0 0.8141763 True
42 1 2 628 874 198 364 23924 0 0.5858556 True
42 1 7 896 1203 198 346 28225 0 0.6212034 True
43 0 1 480 508 176 194 391 0 0.7757937 True
43 0 2 649 876 196 343 19694 0 0.5901885 True
43 0 7 899 1181 196 330 23766 0 0.6289298 True
43 1 1 474 502 176 194 389 0 0.7718254 True
43 1 2 611 826 196 343 18781 0 0.5942414 True
43 1 7 864 1136 196 330 22966 0 0.6301032 True
44 0 1 478 505 176 193 377 0 0.8213508 True
44 0 2 631 831 194 326 15765 0 0.5971591 True
44 0 7 870 1121 195 318 19627 0 0.6357335 True
44 1 1 472 499 176 193 374 0 0.8148148 True
44 1 2 596 785 194 326 15087 0 0.6047379 True
44 1 7 837 1079 195 318 18996 0 0.6381778 True
45 0 1 476 502 176 193 359 0 0.8122172 True
45 0 2 616 794 193 312 12857 0 0.6069776 True
45 0 7 843 1069 194 307 16408 0 0.6424935 True
45 1 1 471 496 176 193 356 0 0.8376471 True
45 1 2 583 752 193 312 12328 0 0.6129979 True
45 1 7 812 1030 194 307 15903 0 0.6455712 True
46 0 1 475 499 176 193 335 0 0.8210784 True
46 0 2 603 762 192 301 10674 0 0.6158906 True
46 0 7 817 1020 193 296 13703 0 0.6553637 True
46 1 1 469 493 176 193 327 0 0.8014706 True
46 1 2 572 724 192 301 10255 0 0.6189643 True
46 1 7 788 984 193 296 13287 0 0.6581632 True
47 0 2 591 736 191 291 8978 0 0.6191724 True
47 0 7 793 978 192 288 11601 0 0.6532094 True
47 1 2 562 701 191 291 8635 0 0.621223 True
47 1 7 766 944 192 288 11273 0 0.6597027 True
48 0 2 581 714 190 282 7653 0 0.6254495 True
48 0 7 772 938 191 279 9763 0 0.6683324 True
48 1 2 553 681 190 282 7371 0 0.6259341 True
48 1 7 746 907 191 279 9497 0 0.6703134 True
49 0 2 570 692 189 274 6504 0 0.6271938 True
49 0 7 753 904 190 272 8345 0 0.6739622 True
49 1 2 545 661 189 274 6280 0 0.6369168 True
49 1 7 728 875 190 272 8125 0 0.6740501 True
50 0 2 561 673 188 267 5591 0 0.6318942 True
50 0 7 735 874 189 266 7197 0 0.6724283 True
50 1 2 537 644 188 267 5420 0 0.6411925 True
50 1 7 712 847 189 266 7012 0 0.6745551 True
51 0 2 553 656 187 261 4868 0 0.6386775 True
51 0 7 719 847 188 260 6242 0 0.6773003 True
51 1 2 530 629 187 261 4716 0 0.6437346 True
51 1 7 697 821 188 260 6087 0 0.6817876 True
52 0 2 545 641 186 256 4253 0 0.6328869 True
52 0 7 704 822 187 255 5471 0 0.6818295 True
52 1 2 524 616 186 256 4130 0 0.6413044 True
52 1 7 683 798 187 255 5338 0 0.6826087 True
53 0 8 957 1241 199 370 29323 0.2068968 0.6038012 True
53 0 2 537 626 186 251 3711 0 0.6414866 True
53 0 7 691 800 187 251 4835 0 0.6930906 True
53 1 8 917 1241 199 374 35233 0.08185869 0.6213933 True
53 1 2 517 603 186 251 3608 0 0.6454383 True
53 1 7 671 777 187 251 4726 0 0.6966392 True
54 0 8 920 1241 197 356 32311 0.0378679 0.6330649 True
54 0 2 530 613 185 246 3287 0 0.6492198 True
54 0 7 678 781 186 247 4304 0 0.6850231 True
54 1 8 883 1241 197 356 34697 0 0.6095534 True
54 1 2 511 591 185 246 3192 0 0.6540983 True
54 1 7 659 759 186 247 4212 0 0.6904918 True
55 0 3 935 1241 235 374 6302 0.8992909 0.1481638 True
55 0 8 888 1226 196 340 29281 0 0.6015984 True
55 0 2 524 602 185 242 2879 0 0.6475484 True
55 0 7 667 764 186 243 3865 0 0.6990414 True
55 1 3 833 1241 235 374 13683 0.8552538 0.2412717 True
55 1 8 853 1178 196 340 28277 0 0.6042094 True
55 1 2 506 581 185 242 2805 0 0.6561403 True
55 1 7 649 743 186 243 3783 0 0.7060471 True
56 0 3 865 1241 228 374 21994 0.8121451 0.4006485 True
56 0 8 858 1158 194 325 23780 0 0.6050891 True
56 0 2 519 591 184 238 2562 0 0.6589506 True
56 0 7 655 746 185 240 3483 0 0.6959041 True
56 1 3 776 1241 228 374 32143 0.7615241 0.4734571 True
56 1 8 826 1115 194 325 21142 0 0.5584405 True
56 1 2 501 572 184 238 2510 0 0.6546687 True
56 1 7 637 726 185 240 3410 0 0.6966292 True
57 0 3 809 1241 222 374 37893 0.6956675 0.5770742 True
57 0 8 832 1099 193 313 17116 0 0.5342072 True
57 0 2 513 582 184 235 2296 0 0.6524581 True
57 0 7 645 731 185 237 3153 0 0.7050537 True
57 1 3 731 1241 222 374 46949 0.5925598 0.6056373 True
57 1 8 802 1059 193 313 14780 0 0.4792477 True
57 1 2 497 563 184 235 2236 0 0.66429 True
57 1 7 629 712 185 237 3088 0 0.7154773 True
58 0 3 765 1241 217 374 49814 0.4951462 0.6665685 True
58 0 8 809 1049 192 302 12268 0 0.464697 True
58 0 2 509 573 183 232 2060 0 0.6568878 True
58 0 7 635 716 184 234 2843 0 0.7019753 True
58 1 3 696 1241 217 374 54385 0.4674626 0.6355987 True
58 1 8 780 1011 192 302 10668 0 0.4198347 True
58 1 2 493 555 183 232 2005 0 0.6599737 True
58 1 7 619 699 184 234 2787 0 0.69675 True
59 0 3 730 1241 213 374 54576 0.3427137 0.6633686 True
59 0 8 786 1004 191 292 9059 0 0.4114361 True
59 0 2 504 565 183 229 1835 0 0.6539558 True
59 0 7 626 703 184 231 2586 0 0.7145621 True
59 1 3 668 1179 213 374 50213 0.2555419 0.6103365 True
59 1 8 759 969 191 292 7681 0 0.3621405 True
59 1 2 489 548 183 229 1810 0 0.6669123 True
59 1 7 611 686 184 231 2543 0 0.7214184 True
60 0 3 697 1144 209 374 48315 0.1426634 0.6550742 True
60 0 8 766 965 190 284 6362 0 0.3401048 True
60 0 2 500 557 182 226 1675 0 0.6678628 True
60 0 7 618 690 184 229 2350 0 0.7253087 True
60 1 3 641 1054 209 374 44829 0.1424362 0.6578472 True
60 1 8 740 933 190 284 5736 0 0.3161724 True
60 1 2 486 541 182 226 1633 0 0.6747934 True
60 1 7 603 674 184 229 2311 0 0.7233177 True
61 0 3 670 1042 206 374 41890 0.06046212 0.6702829 True
61 0 8 744 928 189 276 4662 0 0.2912294 True
61 0 2 496 550 182 224 1511 0 0.6662257 True
61 0 7 610 679 183 227 2166 0 0.7134387 True
61 1 3 618 965 206 374 39231 0.0605495 0.6729621 True
61 1 8 720 898 189 276 4866 0 0.3142193 True
61 1 2 482 535 182 224 1484 0 0.6666667 True
61 1 7 595 663 183 227 2129 0 0.7115642 True
62 0 3 647 965 203 374 35592 0.009663403 0.6545294 True
62 0 8 725 895 188 270 3791 0 0.2719512 True
62 0 2 492 544 182 221 1382 0 0.6814595 True
62 0 7 602 668 183 224 1977 0 0.7305987 True
62 1 3 600 897 203 374 33641 0.01962805 0.6623939 True
62 1 8 702 867 188 270 4521 0 0.3341464 True
62 1 2 479 529 182 221 1352 0 0.6933333 True
62 1 7 588 653 183 224 1947 0 0.7305816 True
63 0 3 627 901 201 374 27694 0.01457644 0.584237 True
63 0 8 706 864 188 263 3351 0 0.2827848 True
63 0 2 488 537 181 219 1249 0 0.6707841 True
63 0 7 595 657 183 222 1810 0 0.7485525 True
63 1 3 584 841 201 374 26261 0.004689157 0.5906525 True
63 1 8 684 838 188 263 4411 0 0.3819048 True
63 1 2 476 523 181 219 1228 0 0.68757 True
63 1 7 581 643 183 222 1776 0 0.7344913 True
64 0 3 610 850 199 355 21787 0 0.5819178 True
64 0 8 692 837 187 258 3266 0 0.3172414 True
64 0 2 485 531 181 217 1145 0 0.6914251 True
64 0 7 588 647 182 220 1672 0 0.7457627 True
64 1 3 570 796 199 355 20740 0 0.5882686 True
64 1 8 671 813 187 258 4213 0 0.4178734 True
64 1 2 472 518 181 217 1124 0 0.678744 True
64 1 7 575 633 182 220 1616 0 0.7332124 True
65 0 3 594 805 197 335 17298 0 0.5940655 True
65 0 8 679 814 186 253 3368 0 0.3723604 True
65 0 2 481 526 181 215 1053 0 0.6882353 True
65 0 7 582 638 182 219 1529 0 0.7379344 True
65 1 3 558 757 197 335 16531 0 0.601959 True
65 1 8 660 790 186 253 4064 0 0.4665901 True
65 1 2 469 513 181 215 1032 0 0.6898396 True
65 1 7 569 625 182 219 1405 0 0.6780888 True
66 0 3 581 769 195 320 14087 0 0.5994468 True
66 0 8 666 789 186 248 3153 0 0.413454 True
66 0 2 478 521 180 213 955 0 0.6730092 True
66 0 7 574 628 182 217 1382 0 0.7312169 True
66 1 3 547 725 195 320 13496 0 0.6065618 True
66 1 8 647 767 186 248 3777 0 0.5076613 True
66 1 2 467 509 180 213 953 0 0.6875902 True
66 1 7 563 616 182 217 1203 0 0.6485175 True
67 0 3 569 737 194 307 11511 0 0.6063527 True
67 0 8 653 767 185 244 3016 0 0.4484092 True
67 0 2 475 516 180 212 882 0 0.6722561 True
67 0 7 568 619 181 215 1224 0 0.7058824 True
67 1 3 537 697 194 307 11059 0 0.6116704 True
67 1 8 635 746 185 244 3586 0 0.5475645 True
67 1 2 464 504 180 212 881 0 0.6882812 True
67 1 7 556 607 181 215 1019 0 0.5876586 True
68 0 9 980 1241 0 374 56841 0.8136233 0.5823038 True
68 0 3 558 710 193 296 9568 0 0.6111395 True
68 0 8 642 747 185 240 2877 0 0.4981818 True
68 0 2 472 511 180 210 818 0 0.6991453 True
68 0 4 986 1241 214 374 10677 0.9303987 0.2616912 True
68 0 7 561 611 181 214 1060 0 0.6424242 True
68 1 9 934 1241 0 374 70918 0.7800362 0.6176558 True
68 1 3 529 673 193 296 9207 0 0.6207525 True
68 1 8 625 728 185 240 3410 0 0.6019418 True
68 1 2 462 500 180 210 815 0 0.7149123 True
68 1 4 884 1241 214 374 19338 0.8912368 0.3385504 True
68 1 7 550 599 181 214 859 0 0.5312307 True
69 0 9 923 1241 0 374 70424 0.6892359 0.5921367 True
69 0 3 549 687 192 286 8072 0 0.6222633 True
69 0 8 631 729 184 237 2714 0 0.522526 True
69 0 2 469 507 180 209 761 0 0.6905626 True
69 0 4 908 1241 209 374 25277 0.860874 0.4600419 True
69 0 7 556 604 181 212 907 0 0.609543 True
69 1 9 881 1241 0 374 76462 0.6538441 0.5678996 True
69 1 3 521 653 192 286 7787 0 0.627579 True
69 1 8 615 711 184 237 3154 0 0.6198899 True
69 1 2 459 496 180 209 745 0 0.694315 True
69 1 4 819 1241 209 374 40273 0.8136818 0.5783858 True
69 1 7 545 592 181 212 704 0 0.4831846 True
70 0 9 884 1241 0 374 71973 0.5793325 0.5390509 True
70 0 3 540 666 191 278 6838 0 0.6237913 True
70 0 8 621 713 184 233 2616 0 0.5803017 True
70 0 2 467 503 180 208 709 0 0.703373 True
70 0 4 845 1241 205 374 44805 0.7603887 0.6694908 True
70 0 7 551 597 181 211 751 0 0.5442029 True
70 1 9 845 1241 0 374 77779 0.5477649 0.5251647 True
70 1 3 514 634 191 278 6606 0 0.6327586 True
70 1 8 605 695 184 233 2912 0 0.6603175 True
70 1 2 457 493 180 208 696 0 0.6904762 True
70 1 4 767 1241 205 374 58847 0.7109198 0.7346141 True
70 1 7 540 586 181 211 578 0 0.4188406 True
71 0 9 851 1241 0 374 73766 0.4745274 0.5057315 True
71 0 3 533 648 190 270 5850 0 0.6358696 True
71 0 8 612 698 183 230 2469 0 0.6108362 True
71 0 2 464 499 179 206 651 0 0.6888889 True
71 0 4 796 1241 202 374 60061 0.6480132 0.7847008 True
71 0 7 545 590 180 210 653 0 0.4837037 True
71 1 9 815 1241 0 374 80096 0.4425299 0.502724 True
71 1 3 508 619 190 270 5656 0 0.636937 True
71 1 8 597 681 183 230 2680 0 0.6788247 True
71 1 2 455 489 179 206 646 0 0.7037037 True
71 1 4 727 1241 202 374 72464 0.5834121 0.8196543 True
71 1 7 535 579 180 210 520 0 0.3939394 True
72 0 9 822 1241 0 374 75911 0.3709456 0.4844167 True
72 0 3 526 633 189 264 5070 0 0.6317757 True
72 0 8 603 684 183 228 2303 0 0.6318244 True
72 0 2 462 496 179 205 591 0 0.668552 True
72 0 4 754 1241 199 374 72171 0.3806568 0.846829 True
72 0 7 540 583 180 208 542 0 0.4501661 True
72 1 9 788 1241 0 374 85162 0.3387703 0.502662 True
72 1 3 503 605 189 264 4892 0 0.6394771 True
72 1 8 589 668 183 228 2473 0 0.69564 True
72 1 2 453 486 179 205 593 0 0.6911422 True
72 1 4 692 1241 199 374 80797 0.3419979 0.8409784 True
72 1 7 530 573 180 208 448 0 0.372093 True
73 0 9 797 1241 0 374 83082 0.2625968 0.5003252 True
73 0 3 519 618 188 258 4390 0 0.6334776 True
73 0 8 595 670 182 225 2111 0 0.6545736 True
73 0 2 460 492 179 204 557 0 0.69625 True
73 0 4 720 1241 196 374 75895 0.2290769 0.8183808 True
73 0 7 535 576 180 207 445 0 0.4019873 True
73 1 9 765 1241 0 374 101340 0.2347043 0.5692491 True
73 1 3 497 592 188 258 4253 0 0.6395489 True
73 1 8 581 655 182 225 2218 0 0.6970459 True
73 1 2 451 483 179 204 553 0 0.69125 True
73 1 4 665 1186 196 374 71156 0.1559302 0.7672799 True
73 1 7 526 566 180 207 398 0 0.3685185 True
74 0 9 772 1241 0 374 99019 0.1049317 0.5645132 True
74 0 3 513 605 187 253 3844 0 0.6330698 True
74 0 8 587 658 182 222 1966 0 0.6922535 True
74 0 2 458 489 179 203 533 0 0.7163978 True
74 0 4 690 1146 194 374 62747 0.07039624 0.7644615 True
74 0 7 530 569 180 206 374 0 0.3688363 True
74 1 9 743 1241 0 374 115723 0.06781608 0.6213249 True
74 1 3 492 580 187 253 3734 0 0.6429063 True
74 1 8 574 644 182 222 2014 0 0.7192857 True
74 1 2 450 480 179 203 521 0 0.7236111 True
74 1 4 640 1064 194 374 58899 0.07974547 0.7717374 True
74 1 7 521 560 180 206 354 0 0.3491124 True
75 0 9 751 1241 0 359 108960 0.01961726 0.6194077 True
75 0 3 508 594 187 248 3377 0 0.6437286 True
75 0 8 579 646 182 220 1797 0 0.7058131 True
75 0 2 456 486 179 202 499 0 0.7231884 True
75 0 4 665 1046 192 374 50936 0.02676743 0.734562 True
75 0 7 526 563 180 205 319 0 0.3448649 True
75 1 9 723 1241 0 359 120694 0.0004797578 0.6490251 True
75 1 3 488 571 187 248 3277 0 0.6472447 True
75 1 8 566 633 182 220 1816 0 0.7132757 True
75 1 2 448 477 179 202 494 0 0.7406297 True
75 1 4 620 975 192 374 48127 0.0270108 0.7448847 True
75 1 7 517 554 180 205 314 0 0.3394594 True
76 0 9 732 1232 7 339 110026 0 0.6628072 True
76 0 3 504 584 186 244 3003 0 0.6471983 True
76 0 8 572 635 182 218 1658 0 0.7310405 True
76 0 2 455 483 179 201 455 0 0.7386364 True
76 0 4 644 967 191 374 38817 0.006326616 0.656702 True
76 0 7 522 557 180 204 285 0 0.3392857 True
76 1 9 706 1185 7 339 109876 0 0.6909224 True
76 1 3 485 562 186 244 2921 0 0.6540529 True
76 1 8 560 622 182 218 1658 0 0.7428315 True
76 1 2 447 475 179 201 453 0 0.7353896 True
76 1 4 602 905 191 374 36826 0.005022109 0.6641418 True
76 1 7 513 548 180 204 291 0 0.3464286 True
77 0 9 714 1154 24 323 90387 0 0.6870402 True
77 0 3 499 574 185 240 2682 0 0.6501818 True
77 0 8 565 626 181 216 1531 0 0.717096 True
77 0 2 453 481 179 201 427 0 0.6931818 True
77 0 4 626 905 190 361 30176 0 0.6325012 True
77 0 7 518 552 179 203 252 0 0.3088235 True
77 1 9 689 1112 24 323 89797 0 0.7099868 True
77 1 3 481 553 185 240 2610 0 0.6590909 True
77 1 8 554 613 181 216 1515 0 0.7336562 True
77 1 2 445 472 179 201 422 0 0.7104377 True
77 1 4 587 850 190 361 28736 0 0.6389611 True
77 1 7 509 543 179 203 285 0 0.3492647 True
78 0 9 698 1090 38 309 75511 0 0.7108122 True
78 0 3 494 565 185 236 2394 0 0.6611433 True
78 0 8 560 617 181 215 1420 0 0.7327141 True
78 0 2 452 478 178 200 399 0 0.6975524 True
78 0 4 609 852 188 339 23675 0 0.6452184 True
78 1 9 675 1052 38 309 75055 0 0.7346306 True
78 1 3 477 546 185 236 2331 0 0.6624041 True
78 1 8 549 605 181 215 1399 0 0.7347689 True
78 1 2 444 470 178 200 392 0 0.6853147 True
78 1 4 573 802 188 339 22611 0 0.653894 True
79 0 9 684 1036 49 298 64044 0 0.7306955 True
79 0 3 490 557 184 233 2140 0 0.6518428 True
79 0 8 554 610 181 213 1295 0 0.7226563 True
79 0 2 450 476 178 199 376 0 0.6886447 True
79 0 4 594 808 187 323 19037 0 0.6541025 True
79 1 9 661 1001 49 298 63670 0 0.7520671 True
79 1 3 474 539 184 233 2097 0 0.6583987 True
79 1 8 544 598 181 213 1230 0 0.7118056 True
79 1 2 443 468 178 199 370 0 0.7047619 True
79 1 4 561 764 187 323 18240 0 0.6606781 True
80 0 9 669 987 60 287 54465 0 0.7545092 True
80 0 3 486 549 184 230 1953 0 0.6739131 True
80 0 8 549 602 181 212 1188 0 0.7230676 True
80 0 2 449 473 178 198 348 0 0.725 True
80 0 4 581 771 186 308 15469 0 0.6673425 True
80 1 9 648 955 60 287 54134 0 0.776794 True
80 1 3 471 532 184 230 1905 0 0.6789023 True
80 1 8 539 591 181 212 1035 0 0.6420596 True
80 1 2 442 466 178 198 347 0 0.7229167 True
80 1 4 551 731 186 308 14855 0 0.6764572 True
81 0 9 656 945 68 279 46854 0 0.7683629 True
81 0 3 483 542 184 228 1770 0 0.6818182 True
81 0 8 545 595 180 210 1099 0 0.7326667 True
81 0 2 447 471 178 198 335 0 0.6979167 True
81 0 4 570 741 186 296 12807 0 0.6808612 True
81 1 9 636 915 68 279 46468 0 0.7893459 True
81 1 3 468 526 184 228 1730 0 0.6778997 True
81 1 8 534 584 180 210 846 0 0.564 True
81 1 2 440 464 178 198 333 0 0.69375 True
81 1 4 541 704 186 296 12326 0 0.6874512 True
82 0 9 645 910 76 272 40739 0 0.7843473 True
82 0 3 479 536 183 225 1627 0 0.6796157 True
82 0 8 540 588 180 209 992 0 0.7126437 True
82 0 4 560 715 185 286 10762 0 0.6874481 True
82 1 9 626 881 76 272 40282 0 0.8059624 True
82 1 3 465 520 183 225 1594 0 0.6900433 True
82 1 8 530 578 180 209 673 0 0.483477 True
82 1 4 533 681 185 286 10374 0 0.6940059 True
83 0 9 635 878 82 265 35738 0 0.803661 True
83 0 3 476 530 183 223 1469 0 0.6800926 True
83 0 8 536 582 180 208 838 0 0.6506211 True
83 0 4 551 691 184 277 9037 0 0.694086 True
83 1 9 616 852 82 265 35353 0 0.8185838 True
83 1 3 462 515 183 223 1443 0 0.6806604 True
83 1 8 526 572 180 208 513 0 0.3982919 True
83 1 4 525 660 184 277 8728 0 0.6951812 True
84 0 9 625 849 88 259 31294 0 0.8169904 True
84 0 3 473 525 182 221 1350 0 0.6656805 True
84 0 8 531 575 180 206 689 0 0.6022727 True
84 0 4 542 670 184 269 7683 0 0.7061581 True
84 1 9 607 824 88 259 30942 0 0.8338588 True
84 1 3 460 510 182 221 1317 0 0.6753846 True
84 1 8 522 565 180 206 389 0 0.3479428 True
84 1 4 519 641 184 269 7443 0 0.7177435 True
85 0 9 615 823 94 254 27612 0 0.8296875 True
85 0 3 471 520 182 219 1238 0 0.6828461 True
85 0 8 526 568 180 205 573 0 0.5457143 True
85 0 5 923 1241 179 374 29614 0.8699236 0.4775681 True
85 0 4 535 653 183 262 6618 0 0.7099335 True
85 0 12 784 859 183 214 723 0 0.3109677 True
85 1 9 598 800 94 254 27292 0 0.8444307 True
85 1 3 458 506 182 219 1215 0 0.6841216 True
85 1 8 518 558 180 205 291 0 0.291 True
85 1 5 832 1241 179 374 49984 0.8197737 0.6267194 True
85 1 4 513 626 183 262 6423 0 0.7195026 True
85 1 12 774 848 183 214 965 0 0.4206626 True
86 0 9 607 800 98 249 24560 0 0.842741 True
86 0 3 468 515 182 217 1136 0 0.6905775 True
86 0 8 522 561 179 204 471 0 0.4830769 True
86 0 5 854 1241 179 374 53826 0.7708207 0.7132578 True
86 0 4 528 636 183 256 5710 0 0.7242516 True
86 0 12 774 848 183 213 951 0 0.4283784 True
86 1 9 591 778 98 249 24276 0 0.859723 True
86 1 3 456 502 182 217 1129 0 0.7012422 True
86 1 8 514 552 179 204 228 0 0.24 True
86 1 5 776 1241 179 374 72535 0.7172596 0.7999449 True
86 1 4 507 611 183 256 5555 0 0.7316912 True
86 1 12 764 837 183 213 1137 0 0.5191781 True
87 0 9 598 778 103 245 21705 0 0.8491784 True
87 0 3 466 511 182 216 1062 0 0.6941177 True
87 0 8 518 555 179 203 385 0 0.4335586 True
87 0 5 802 1241 178 374 71435 0.6535397 0.8302148 True
87 0 4 522 622 182 251 4998 0 0.7243478 True
87 0 12 764 837 182 213 1157 0 0.5112682 True
87 1 9 583 757 103 245 21477 0 0.8692327 True
87 1 3 454 498 182 216 1049 0 0.7012032 True
87 1 8 510 547 179 203 172 0 0.1936937 True
87 1 5 734 1241 178 374 87028 0.5888251 0.8757799 True
87 1 4 502 599 182 251 4877 0 0.7286717 True
87 1 12 754 826 182 213 1242 0 0.5564516 True
88 0 9 591 758 107 241 19368 0 0.8654929 True
88 0 3 464 507 181 214 974 0 0.6863989 True
88 0 8 515 550 179 202 299 0 0.3714286 True
88 0 5 760 1241 178 374 83881 0.3693432 0.8897386 True
88 0 4 516 609 182 246 4368 0 0.733871 True
88 0 12 754 826 182 213 1199 0 0.5371864 True
88 1 9 576 738 107 241 19174 0 0.8832688 True
88 1 3 452 495 181 214 949 0 0.6687808 True
88 1 8 507 541 179 202 109 0 0.1393862 True
88 1 5 699 1241 178 374 95728 0.3378369 0.9011221 True
88 1 4 497 587 182 246 4257 0 0.7390625 True
88 1 12 744 816 182 213 1176 0 0.5268817 True
89 0 9 583 740 111 237 17330 0 0.8760489 True
89 0 3 462 504 181 213 911 0 0.6778274 True
89 0 5 726 1241 177 374 88039 0.2199684 0.8677641 True
89 0 4 510 597 181 242 3828 0 0.7213115 True
89 0 12 745 816 182 212 1277 0 0.5995305 True
89 1 9 569 721 111 237 17183 0 0.8971909 True
89 1 3 451 492 181 213 901 0 0.6867378 True
89 1 5 672 1200 177 374 83801 0.1365736 0.8056549 True
89 1 4 493 576 181 242 3739 0 0.738495 True
89 1 12 734 805 182 212 431 0 0.2023474 True
90 0 9 576 723 114 234 15666 0 0.8880953 True
90 0 3 460 500 181 211 840 0 0.7 True
90 0 5 696 1155 177 374 71764 0.06922555 0.7936476 True
90 0 4 505 586 181 238 3394 0 0.7351094 True
90 0 12 735 806 182 212 738 0 0.3464789 True
90 1 9 563 705 114 234 15422 0 0.9050469 True
90 1 3 450 489 181 211 826 0 0.7059829 True
90 1 5 646 1072 177 374 67175 0.06996673 0.8004457 True
90 1 4 488 566 181 238 3321 0 0.7469636 True
91 0 9 570 708 117 231 14154 0 0.8996949 True
91 0 3 458 497 181 210 786 0 0.6949602 True
91 0 5 670 1051 177 374 56666 0.02385688 0.7549729 True
91 0 4 500 576 181 234 2993 0 0.7430487 True
91 0 12 727 797 182 211 87 0 0.04285714 True
91 1 9 556 691 117 231 13596 0 0.8834308 True
91 1 3 448 486 181 210 772 0 0.7005445 True
91 1 5 625 979 177 374 53386 0.02658129 0.7655224 True
91 1 4 484 557 181 234 2940 0 0.7598863 True
92 0 9 564 694 119 229 12798 0 0.8949651 True
92 0 3 457 494 180 209 736 0 0.6859273 True
92 0 5 649 973 177 374 43481 0.001406491 0.6812214 True
92 0 4 496 567 180 231 2701 0 0.7459266 True
92 1 9 551 678 119 229 11885 0 0.8507516 True
92 1 3 447 483 180 209 725 0 0.6944444 True
92 1 5 608 910 177 374 41141 0 0.6915151 True
92 1 4 481 550 180 231 2633 0 0.7482239 True
93 0 9 558 681 122 226 11450 0 0.8950907 True
93 0 3 455 491 180 208 685 0 0.6795635 True
93 0 5 630 907 176 361 33400 0 0.6517709 True
93 0 4 492 559 180 228 2407 0 0.7484453 True
93 1 9 545 666 122 226 10276 0 0.8165925 True
93 1 3 445 480 180 208 669 0 0.6826531 True
93 1 5 591 852 176 361 31738 0 0.6573056 True
93 1 4 477 542 180 228 2365 0 0.7580128 True
94 0 9 552 669 124 224 10150 0 0.8675213 True
94 0 3 453 488 180 207 647 0 0.6846561 True
94 0 5 613 856 176 340 26433 0 0.6632791 True
94 0 4 488 551 180 225 2179 0 0.7686067 True
94 1 9 540 654 124 224 8985 0 0.7881579 True
94 1 3 444 478 180 207 611 0 0.6655774 True
94 1 5 578 806 176 340 25181 0 0.6734328 True
94 1 4 474 535 180 225 2135 0 0.7777778 True
95 0 9 547 658 126 222 8900 0 0.8352102 True
95 0 3 452 485 180 206 605 0 0.7051282 True
95 0 5 599 814 176 324 21409 0 0.6728159 True
95 0 4 485 544 180 222 1957 0 0.7897498 True
95 1 9 536 644 126 222 7908 0 0.7627315 True
95 1 3 443 475 180 206 561 0 0.6742789 True
95 1 5 566 769 176 324 20454 0 0.6808015 True
95 1 4 471 529 180 222 1926 0 0.7906404 True
95 1 12 688 755 181 210 288 0 0.1482244 True
96 0 9 543 648 128 220 7847 0 0.8123189 True
96 0 3 450 482 180 205 567 0 0.70875 True
96 0 6 909 1241 224 374 18411 0.8339949 0.3696988 True
96 0 5 585 777 176 310 17460 0 0.678638 True
96 0 4 481 538 179 220 1776 0 0.7599487 True
96 0 12 690 757 181 210 105 0 0.05404015 True
96 1 9 531 634 128 220 6970 0 0.7355424 True
96 1 3 441 473 180 205 519 0 0.64875 True
96 1 6 821 1241 224 374 29035 0.7792072 0.460873 True
96 1 5 555 736 176 310 16735 0 0.6899893 True
96 1 4 469 523 179 220 1744 0 0.7877145 True
96 1 12 681 747 181 210 751 0 0.392372 True
97 0 9 538 639 130 218 6972 0 0.7844284 True
97 0 3 449 480 180 204 522 0 0.7016129 True
97 0 6 837 1241 217 374 38202 0.6888798 0.6022892 True
97 0 5 575 746 176 298 14438 0 0.6920717 True
97 0 4 478 531 179 218 1603 0 0.7755201 True
97 0 12 683 749 181 209 544 0 0.2943723 True
97 1 9 527 626 130 218 6183 0 0.7097107 True
97 1 3 440 471 180 204 481 0 0.6465054 True
97 1 6 762 1241 217 374 48098 0.560871 0.6395755 True
97 1 5 546 708 176 298 13850 0 0.7007691 True
97 1 4 466 518 179 218 1565 0 0.7716963 True
97 1 12 674 740 181 209 919 0 0.4972944 True
98 0 9 534 630 132 216 6232 0 0.7728174 True
98 0 3 447 478 179 203 487 0 0.6545699 True
98 0 6 784 1241 212 374 52286 0.42981 0.7062431 True
98 0 5 565 720 176 287 12096 0 0.7030514 True
98 0 4 476 526 179 216 1435 0 0.7756757 True
98 0 12 678 743 181 209 752 0 0.4131868 True
98 1 9 524 617 132 216 5531 0 0.7080133 True
98 1 3 439 469 179 203 437 0 0.6069444 True
98 1 6 719 1241 212 374 56203 0.3843188 0.6646209 True
98 1 5 538 685 176 287 11621 0 0.712202 True
98 1 4 464 513 179 216 1402 0 0.7733039 True
98 1 12 668 734 181 209 1020 0 0.5519481 True
99 0 9 530 622 133 215 5601 0 0.7424443 True
99 0 3 446 475 179 202 463 0 0.694153 True
99 0 6 739 1216 207 374 52454 0.1548781 0.6584818 True
99 0 5 555 696 176 278 10255 0 0.7130441 True
99 0 4 473 521 179 214 1317 0 0.7839286 True
99 0 12 672 738 181 209 938 0 0.5075758 True
99 1 9 520 610 133 215 4935 0 0.6686992 True
99 1 3 438 467 179 202 414 0 0.6206896 True
99 1 6 682 1125 207 374 48831 0.1534202 0.6600478 True
99 1 5 530 664 176 278 9885 0 0.7232221 True
99 1 4 462 509 179 214 1305 0 0.7933131 True
99 1 12 663 728 181 209 996 0 0.5472528 True
100 0 9 526 614 135 213 5038 0 0.7339743 True
100 0 3 445 473 179 201 416 0 0.6753247 True
100 0 6 704 1085 204 374 43837 0.06344855 0.6768103 True
100 0 5 547 676 176 271 8809 0 0.7188087 True
100 0 4 470 516 178 212 1201 0 0.7679028 True
100 0 12 667 732 181 209 969 0 0.5324176 True
100 1 9 516 602 135 213 4425 0 0.6596601 True
100 1 3 437 465 179 201 381 0 0.6185065 True
100 1 6 653 1009 204 374 41242 0.04979873 0.6814607 True
100 1 5 523 646 176 271 8506 0 0.7279418 True
100 1 4 459 504 178 212 1180 0 0.7712418 True
100 1 12 658 722 181 209 984 0 0.5491071 True
101 0 9 522 607 136 212 4531 0 0.7013932 True
101 0 3 444 471 179 200 379 0 0.6684303 True
101 0 6 675 988 201 374 34721 0.007400036 0.6412122 True
101 0 10 942 1241 198 374 32260 0.227097 0.6130283 True
101 0 5 539 658 175 264 7641 0 0.7214616 True
101 0 4 467 511 178 211 1112 0 0.7658402 True
101 0 12 663 727 181 208 966 0 0.5590278 True
101 1 9 513 595 136 212 4021 0 0.6452183 True
101 1 3 436 463 179 200 345 0 0.6084656 True
101 1 6 629 923 201 374 32946 0.002046525 0.6477528 True
101 1 10 902 1241 198 374 38596 0.1010963 0.6468893 True
101 1 5 516 631 175 264 7396 0 0.7226185 True
101 1 4 457 500 178 211 1092 0 0.769556 True
101 1 12 653 717 181 208 959 0 0.5549769 True
102 0 9 519 600 137 211 4094 0 0.6830164 True
102 0 6 651 915 198 365 25843 0 0.5861686 True
102 0 10 896 1241 196 358 34474 0.02965051 0.6168187 True
102 0 5 532 642 175 258 6636 0 0.7268346 True
102 0 4 465 506 178 209 1031 0 0.8111723 True
102 0 12 658 722 181 208 1028 0 0.5949074 True
102 1 9 510 589 137 211 3646 0 0.6236743 True
102 1 6 610 859 198 365 24609 0 0.5918043 True
102 1 10 860 1240 196 358 35747 0 0.5806855 True
102 1 5 510 617 175 258 6449 0 0.7261569 True
102 1 4 455 496 178 209 1005 0 0.790716 True
102 1 12 649 712 181 208 1010 0 0.5937684 True
103 0 9 516 594 138 209 3720 0 0.6717227 True
103 0 6 632 860 196 342 19856 0 0.5964912 True
103 0 10 858 1195 194 336 28321 0 0.591821 True
103 0 5 525 628 175 253 5859 0 0.7292756 True
103 0 4 462 502 178 208 927 0 0.7725 True
103 0 12 654 717 181 208 1050 0 0.6172839 True
103 1 9 507 583 138 209 3362 0 0.6230541 True
103 1 6 594 809 196 342 18966 0 0.6042051 True
103 1 10 825 1148 194 336 27363 0 0.5965857 True
103 1 5 505 604 175 253 5685 0 0.7362083 True
103 1 4 453 491 178 208 915 0 0.8026316 True
103 1 12 644 707 181 208 1034 0 0.6078777 True
104 0 9 512 587 139 208 3394 0 0.6558454 True
104 0 6 614 811 194 323 15414 0 0.60654 True
104 0 10 826 1117 193 319 22285 0 0.6077838 True
104 0 5 519 616 175 248 5159 0 0.7285694 True
104 0 4 460 498 178 206 845 0 0.7941729 True
104 0 12 649 712 180 208 991 0 0.5617914 True
104 1 9 504 577 139 208 3104 0 0.6162398 True
104 1 6 579 766 194 323 14786 0 0.612942 True
104 1 10 795 1075 193 319 21569 0 0.6113662 True
104 1 5 500 593 175 248 4993 0 0.7354544 True
104 1 4 451 488 178 206 843 0 0.8137066 True
104 1 12 640 703 180 208 982 0 0.5566893 True
105 0 9 509 582 141 207 3123 0 0.6481943 True
105 0 6 598 772 193 308 12293 0 0.6143428 True
105 0 10 796 1051 191 305 17773 0 0.6113863 True
105 0 5 514 604 175 244 4586 0 0.7384863 True
105 0 4 458 494 178 205 794 0 0.8168724 True
105 0 12 645 707 180 208 847 0 0.4879032 True
105 1 9 501 572 141 207 2909 0 0.6207853 True
105 1 6 566 732 193 308 11808 0 0.6185437 True
105 1 10 768 1013 191 305 17197 0 0.6157179 True
105 1 5 496 583 175 244 4425 0 0.7371314 True
105 1 4 449 484 178 205 782 0 0.8275132 True
105 1 12 636 698 180 208 891 0 0.5132489 True
106 0 9 506 576 142 206 2889 0 0.644866 True
106 0 6 585 741 191 295 10011 0 0.6170488 True
106 0 10 771 996 190 293 14433 0 0.6227832 True
106 0 5 509 594 175 240 4115 0 0.7447964 True
106 0 4 456 491 177 204 731 0 0.773545 True
106 0 12 641 703 180 207 743 0 0.4438471 True
106 1 9 498 566 142 206 2743 0 0.6302849 True
106 1 6 556 704 191 295 9644 0 0.6265593 True
106 1 10 744 961 190 293 13984 0 0.6256543 True
106 1 5 491 573 175 240 3911 0 0.7337711 True
106 1 4 447 481 177 204 725 0 0.7897604 True
106 1 12 632 693 180 207 871 0 0.5288403 True
107 0 9 503 571 143 205 2657 0 0.6302182 True
107 0 6 574 714 190 285 8324 0 0.6258647 True
107 0 10 749 950 189 283 11937 0 0.6317879 True
107 0 5 504 584 175 237 3668 0 0.7395161 True
107 0 4 454 487 177 203 682 0 0.7948718 True
107 0 12 638 700 180 207 748 0 0.4468339 True
107 1 9 495 561 143 205 2615 0 0.6390518 True
107 1 6 546 680 190 285 8049 0 0.632286 True
107 1 10 724 918 189 283 11583 0 0.6351722 True
107 1 5 487 565 175 237 3448 0 0.7129859 True
107 1 4 445 478 177 203 678 0 0.7902098 True
107 1 12 629 690 180 207 908 0 0.5513054 True
108 0 9 501 565 143 204 2500 0 0.6403689 True
108 0 6 563 691 189 276 6950 0 0.624102 True
108 0 10 729 911 188 275 10030 0 0.633447 True
108 0 5 500 575 175 233 3286 0 0.7554023 True
108 0 4 452 484 177 202 651 0 0.81375 True
108 0 12 636 696 180 207 823 0 0.5080247 True
108 1 9 493 556 143 204 2437 0 0.63414 True
108 1 6 537 659 189 276 6730 0 0.6340682 True
108 1 10 706 881 188 275 9736 0 0.6394746 True
108 1 5 484 557 175 233 3074 0 0.7260274 True
108 1 4 444 476 177 202 635 0 0.79375 True
108 1 12 627 687 180 207 975 0 0.6018519 True
109 0 9 498 560 144 203 2352 0 0.6429743 True
109 0 6 554 670 188 268 5898 0 0.6355603 True
109 0 10 712 877 188 268 8532 0 0.6463636 True
109 0 5 496 567 175 230 2922 0 0.7482715 True
109 0 4 450 482 177 201 605 0 0.7877604 True
109 0 12 633 693 180 207 928 0 0.5728395 True
109 1 9 491 552 144 203 2321 0 0.6449013 True
109 1 6 530 642 188 268 5709 0 0.6371652 True
109 1 10 690 849 188 268 8296 0 0.6522012 True
109 1 5 481 550 175 230 2733 0 0.7201581 True
109 1 4 443 473 177 201 604 0 0.8388889 True
109 1 12 624 684 180 207 987 0 0.6092592 True
110 0 9 496 556 145 203 2188 0 0.6287357 True
110 0 6 546 653 187 262 5072 0 0.6320249 True
110 0 10 696 845 187 261 7284 0 0.6606203 True
110 0 5 492 560 175 228 2621 0 0.7272475 True
110 0 4 449 479 177 200 568 0 0.8231884 True
110 0 12 630 690 180 207 1026 0 0.6333333 True
110 1 9 488 547 145 203 2212 0 0.6464056 True
110 1 6 523 626 187 262 4926 0 0.6376699 True
110 1 10 675 820 187 261 7080 0 0.6598322 True
110 1 5 478 543 175 228 2442 0 0.7088534 True
110 1 4 441 471 177 200 557 0 0.8072464 True
110 1 12 621 681 180 207 997 0 0.6154321 True
111 0 9 493 551 146 202 2091 0 0.6437808 True
111 0 6 538 637 187 256 4368 0 0.6394379 True
111 0 10 681 818 186 256 6275 0 0.6543275 True
111 0 5 489 553 175 225 2353 0 0.7353125 True
111 0 4 447 476 177 199 524 0 0.8213166 True
111 0 12 628 688 180 207 1012 0 0.6246914 True
111 1 9 486 543 146 202 2096 0 0.6566416 True
111 1 6 517 612 187 256 4239 0 0.6466819 True
111 1 10 661 794 186 256 6108 0 0.6560687 True
111 1 5 475 537 175 225 2184 0 0.7045161 True
111 1 4 439 468 177 199 518 0 0.8119122 True
111 1 12 619 679 180 207 1013 0 0.6253086 True
112 0 9 491 547 147 201 2011 0 0.6650133 True
112 0 6 532 623 186 250 3808 0 0.6538461 True
112 0 10 668 794 186 251 5454 0 0.6659341 True
112 0 5 485 546 175 223 2107 0 0.7196038 True
112 0 4 445 473 177 199 493 0 0.8003247 True
112 0 12 626 685 180 207 999 0 0.6271186 True
112 1 9 483 539 147 201 1986 0 0.656746 True
112 1 6 511 600 186 250 3709 0 0.6511587 True
112 1 10 649 771 186 251 5325 0 0.6715006 True
112 1 5 472 531 175 223 1963 0 0.6931497 True
112 1 4 438 466 177 199 491 0 0.7970779 True
112 1 12 617 676 180 207 939 0 0.5894539 True
113 0 9 488 543 147 200 1912 0 0.6559176 True
113 0 6 525 610 185 245 3336 0 0.6541176 True
113 0 10 656 773 185 246 4783 0 0.6701695 True
113 0 5 482 540 175 221 1930 0 0.7233883 True
113 0 4 444 471 177 198 453 0 0.7989418 True
113 0 12 624 683 180 206 921 0 0.6003911 True
113 1 9 481 535 147 200 1920 0 0.6708595 True
113 1 6 506 588 185 245 3241 0 0.6587399 True
113 1 10 638 751 185 246 4679 0 0.6788046 True
113 1 5 469 525 175 221 1790 0 0.6948758 True
113 1 4 437 464 177 198 456 0 0.8042328 True
113 1 12 615 674 180 206 774 0 0.5045632 True
114 0 9 486 540 148 200 1816 0 0.6467236 True
114 0 6 519 599 185 241 2951 0 0.6587054 True
114 0 10 645 754 184 242 4244 0 0.6713066 True
114 0 5 479 534 175 219 1737 0 0.7177686 True
114 0 4 442 469 177 197 448 0 0.8296296 True
114 0 12 621 680 180 206 749 0 0.488266 True
114 1 9 479 532 148 200 1806 0 0.6552975 True
114 1 6 501 578 185 241 2875 0 0.666744 True
114 1 10 627 734 184 242 4134 0 0.6661295 True
114 1 5 467 520 175 219 1587 0 0.6805317 True
114 1 4 435 461 177 197 440 0 0.8461539 True
114 1 12 612 671 180 206 588 0 0.3833116 True
115 0 9 484 536 149 199 1725 0 0.6634616 True
115 0 6 514 589 184 237 2617 0 0.6583648 True
115 0 10 635 737 184 239 3778 0 0.6734403 True
115 0 5 477 529 175 217 1598 0 0.731685 True
115 0 12 621 680 180 206 524 0 0.3415906 True
115 1 9 477 529 149 199 1750 0 0.6730769 True
115 1 6 497 569 184 237 2559 0 0.6705975 True
115 1 10 618 718 184 239 3700 0 0.6727273 True
115 1 5 465 516 175 217 1467 0 0.6848739 True
115 1 12 612 671 180 206 362 0 0.2359844 True
116 0 9 482 533 149 198 1648 0 0.6594638 True
116 0 6 509 580 184 234 2356 0 0.663662 True
116 0 10 625 721 184 235 3367 0 0.6877043 True
116 0 5 474 524 175 216 1443 0 0.7039024 True
116 0 12 621 680 180 206 296 0 0.1929596 True
116 1 9 475 525 149 198 1675 0 0.6836734 True
116 1 6 493 561 184 234 2306 0 0.6782353 True
116 1 10 609 703 184 235 3297 0 0.6877347 True
116 1 5 462 511 175 216 1328 0 0.6610254 True
116 1 12 612 671 180 206 156 0 0.1016949 True
117 0 9 480 529 150 198 1570 0 0.667517 True
117 0 6 504 571 183 231 2094 0 0.6511194 True
117 0 10 616 706 183 232 3037 0 0.6886621 True
117 0 5 471 520 175 214 1329 0 0.6954474 True
117 0 12 621 679 180 206 94 0 0.06233422 True
117 1 9 473 522 150 198 1616 0 0.6870748 True
117 1 6 489 553 183 231 2053 0 0.6682943 True
117 1 10 601 689 183 232 2978 0 0.6906308 True
117 1 5 460 507 175 214 1218 0 0.6644844 True
117 1 12 612 670 180 206 40 0 0.0265252 True
118 0 9 478 526 151 197 1497 0 0.6779891 True
118 0 6 500 563 183 228 1904 0 0.6716049 True
118 0 10 608 693 183 230 2745 0 0.6871089 True
118 0 5 469 516 175 213 1216 0 0.680851 True
118 0 12 620 679 180 206 31 0 0.0202086 True
118 1 9 471 519 151 197 1525 0 0.6906703 True
118 1 6 485 546 183 228 1871 0 0.6816029 True
118 1 10 594 677 183 230 2697 0 0.6913612 True
118 1 5 458 504 175 213 1113 0 0.6367277 True
118 1 12 612 670 180 206 101 0 0.06697613 True
119 0 9 476 523 151 197 1442 0 0.666975 True
119 0 6 496 555 182 225 1746 0 0.6882144 True
119 0 10 600 681 182 227 2478 0 0.6798354 True
119 0 5 467 512 175 211 1111 0 0.6858025 True
119 0 12 620 679 180 206 153 0 0.09973925 True
119 1 9 470 516 151 197 1462 0 0.6909263 True
119 1 6 481 540 182 225 1711 0 0.6744186 True
119 1 10 586 665 182 227 2431 0 0.6838256 True
119 1 5 456 500 175 211 1026 0 0.6477273 True
119 1 12 611 670 180 206 301 0 0.196219 True
120 0 9 474 520 152 196 1375 0 0.6793478 True
120 0 6 492 549 182 223 1572 0 0.6726573 True
120 0 10 593 670 182 225 2284 0 0.6898218 True
120 0 5 464 508 175 210 1040 0 0.6753247 True
120 0 12 620 679 180 206 364 0 0.2372881 True
120 1 9 468 513 152 196 1408 0 0.7111111 True
120 1 6 478 534 182 223 1544 0 0.6724738 True
120 1 10 580 654 182 225 2241 0 0.7042741 True
120 1 5 454 497 175 210 951 0 0.6318937 True
120 1 12 611 670 180 206 486 0 0.3168188 True
121 0 9 472 517 152 196 1305 0 0.6590909 True
121 0 6 489 543 182 221 1428 0 0.6780627 True
121 0 10 587 659 182 223 2090 0 0.7079946 True
121 0 5 462 505 174 209 949 0 0.6305648 True
121 0 12 620 679 180 206 560 0 0.3650587 True
121 1 9 466 511 152 196 1330 0 0.6717172 True
121 1 6 475 528 182 221 1413 0 0.6835994 True
121 1 10 574 644 182 223 2051 0 0.7146341 True
121 1 5 452 494 174 209 882 0 0.6 True
121 1 12 611 669 180 206 656 0 0.4350133 True
122 0 9 471 514 153 195 1256 0 0.6954596 True
122 0 6 486 537 181 219 1316 0 0.6790506 True
122 0 10 580 649 182 221 1888 0 0.7015979 True
122 0 5 461 501 174 208 868 0 0.6382353 True
122 0 12 620 679 180 206 723 0 0.4713168 True
122 1 9 465 508 153 195 1267 0 0.7015504 True
122 1 6 473 523 181 219 1290 0 0.6789474 True
122 1 10 567 634 182 221 1861 0 0.7122082 True
122 1 5 451 491 174 208 809 0 0.5948529 True
122 1 12 611 669 180 206 798 0 0.5291777 True
123 0 9 469 512 153 195 1205 0 0.6672204 True
123 0 6 483 532 181 217 1203 0 0.6819728 True
123 0 10 574 639 181 219 1763 0 0.7137652 True
123 0 5 459 498 174 207 811 0 0.6301476 True
123 0 11 930 1241 137 374 47744 0.31863 0.647754 True
123 0 12 620 679 180 206 848 0 0.5528032 True
123 1 9 463 505 153 195 1226 0 0.6950113 True
123 1 6 470 518 181 217 1181 0 0.6834491 True
123 1 10 562 626 181 219 1739 0 0.7150493 True
123 1 5 450 488 174 207 755 0 0.6020734 True
123 1 11 888 1241 134 374 59391 0.2174497 0.7010269 True
123 1 12 611 669 180 206 898 0 0.5954907 True
124 0 9 468 509 153 194 1126 0 0.6698394 True
124 0 6 480 527 181 215 1118 0 0.6996245 True
124 0 10 568 631 181 217 1607 0 0.7085538 True
124 0 5 457 495 174 206 754 0 0.6200658 True
124 0 11 884 1241 139 374 55949 0.09285736 0.6668931 True
124 0 12 620 678 180 206 947 0 0.6279841 True
124 1 9 462 503 153 194 1163 0 0.6918501 True
124 1 6 468 514 181 215 1101 0 0.7039642 True
124 1 10 556 618 181 217 1581 0 0.7083333 True
124 1 5 448 485 174 206 697 0 0.5886824 True
124 1 11 846 1241 139 374 64791 0.01459289 0.6979908 True
124 1 12 611 669 180 206 966 0 0.6405836 True
125 0 9 466 506 154 194 1091 0 0.681875 True
125 0 6 477 522 181 214 1035 0 0.6969697 True
125 0 10 563 623 181 216 1500 0 0.7142857 True
125 0 5 455 492 174 205 700 0 0.6102877 True
125 0 11 845 1239 144 354 53162 0 0.6425188 True
125 0 12 620 678 180 206 975 0 0.6465517 True
125 1 9 461 500 154 194 1123 0 0.7198718 True
125 1 6 466 510 181 214 1021 0 0.703168 True
125 1 10 551 610 181 216 1471 0 0.7123486 True
125 1 5 446 482 174 205 651 0 0.5833333 True
125 1 11 809 1187 144 354 50922 0 0.6414966 True
125 1 12 611 669 180 206 965 0 0.6399204 True
126 0 9 465 504 154 193 1052 0 0.6916502 True
126 0 6 475 518 180 212 945 0 0.6867732 True
126 0 10 558 615 181 214 1388 0 0.7379054 True
126 0 5 454 489 174 204 670 0 0.6380953 True
126 0 11 811 1147 147 333 40438 0 0.6470494 True
126 0 12 620 678 180 206 970 0 0.6432361 True
126 1 9 459 498 154 193 1082 0 0.7113741 True
126 1 6 464 506 180 212 926 0 0.6889881 True
126 1 10 547 603 181 214 1374 0 0.7435065 True
126 1 5 445 480 174 204 618 0 0.5885714 True
126 1 11 779 1101 147 333 38814 0 0.6480665 True
126 1 12 611 669 180 206 965 0 0.6399204 True
127 0 9 463 501 155 193 1002 0 0.6939058 True
127 0 6 473 514 180 211 891 0 0.7010228 True
127 0 10 553 608 180 213 1298 0 0.7151515 True
127 0 5 452 486 174 203 621 0 0.6298174 True
127 0 11 782 1073 150 316 31489 0 0.6518652 True
127 0 12 620 678 180 206 968 0 0.6419098 True
127 1 9 458 495 155 193 1012 0 0.7197724 True
127 1 6 462 503 180 211 876 0 0.6892211 True
127 1 10 542 596 180 213 1286 0 0.721661 True
127 1 5 443 477 174 203 590 0 0.5983773 True
127 1 11 752 1031 150 316 30283 0 0.6538628 True
127 1 12 611 669 180 206 963 0 0.6385942 True
128 0 9 462 499 155 192 961 0 0.7019722 True
128 0 6 470 511 180 210 827 0 0.6723577 True
128 0 10 548 601 180 212 1223 0 0.7211085 True
128 0 5 450 483 174 202 586 0 0.6341991 True
128 0 11 757 1012 153 302 25193 0 0.6630609 True
128 0 12 620 678 180 206 970 0 0.6432361 True
128 1 9 457 493 155 192 991 0 0.743994 True
128 1 6 460 500 180 210 825 0 0.6875 True
128 1 10 538 589 180 212 1197 0 0.7334559 True
128 1 5 442 475 174 202 543 0 0.5876623 True
128 1 11 729 975 153 302 24253 0 0.661674 True
128 1 12 611 669 180 206 970 0 0.6432361 True
129 0 9 461 497 156 192 926 0 0.7145061 True
129 0 6 468 507 180 209 771 0 0.6816976 True
129 0 10 543 594 180 211 1134 0 0.7172676 True
129 0 5 449 481 174 201 556 0 0.6435185 True
129 0 11 734 960 155 290 20404 0 0.6687644 True
129 0 12 620 678 180 206 970 0 0.6432361 True
129 1 9 456 491 156 192 960 0 0.7619048 True
129 1 6 458 496 180 209 762 0 0.69147 True
129 1 10 533 583 180 211 1123 0 0.7245162 True
129 1 5 441 472 174 201 528 0 0.6308244 True
129 1 11 708 926 155 290 19671 0 0.6683996 True
129 1 12 611 669 180 206 967 0 0.6412467 True
130 0 9 460 494 156 192 884 0 0.7222222 True
130 0 6 466 504 180 207 720 0 0.7017544 True
130 0 10 539 588 180 209 1064 0 0.7487684 True
130 0 5 447 478 174 201 524 0 0.6260454 True
130 0 11 714 917 156 280 16822 0 0.6682822 True
130 0 12 620 678 180 206 970 0 0.6432361 False
130 1 9 455 489 156 192 920 0 0.751634 True
130 1 6 456 493 180 207 712 0 0.7127127 True
130 1 10 529 577 180 209 1048 0 0.7528735 True
130 1 5 439 470 174 201 490 0 0.5854241 True
130 1 11 690 885 156 280 16244 0 0.6717949 True
130 1 12 611 669 180 206 968 0 0.6419098 False
131 0 9 458 492 156 191 837 0 0.7033613 True
131 0 6 464 500 179 206 685 0 0.7047325 True
131 0 10 535 582 180 208 984 0 0.7477204 True
131 0 5 446 476 174 200 476 0 0.6102564 True
131 0 11 697 880 158 272 14080 0 0.6749113 True
131 0 12 619 678 180 206 968 0 0.63103 False
131 1 9 454 487 156 191 873 0 0.7558442 True
131 1 6 455 490 179 206 670 0 0.7089947 True
131 1 10 526 572 180 208 970 0 0.7531056 True
131 1 5 439 468 174 200 444 0 0.5888594 True
131 1 11 674 851 158 272 13636 0 0.6757855 True
131 1 12 610 669 180 206 964 0 0.6284224 False
132 0 9 457 490 157 191 814 0 0.7254902 True
132 0 6 462 497 179 205 656 0 0.7208791 True
132 0 10 532 577 180 207 920 0 0.7572017 True
132 0 5 445 474 174 199 454 0 0.6262069 True
132 0 11 681 847 159 265 11918 0 0.677313 True
132 0 12 619 677 180 206 969 0 0.6425729 False
132 1 9 452 485 157 191 852 0 0.7593583 True
132 1 6 453 487 179 205 640 0 0.7239819 True
132 1 10 522 567 180 207 913 0 0.7514403 True
132 1 5 438 467 174 199 423 0 0.5834483 True
132 1 11 659 820 159 265 11542 0 0.6763155 True
132 1 12 610 668 180 206 962 0 0.637931 False
133 0 9 456 488 157 191 794 0 0.7297794 True
133 0 6 460 494 179 204 609 0 0.7164706 True
133 0 10 528 571 179 206 873 0 0.751938 True
133 0 5 445 473 174 198 409 0 0.608631 True
133 0 11 666 819 160 259 10199 0 0.6733347 True
133 0 12 619 677 180 206 969 0 0.6425729 False
133 1 9 451 483 157 191 826 0 0.7591912 True
133 1 6 451 485 179 204 607 0 0.7141176 True
133 1 10 519 562 179 206 860 0 0.7407407 True
133 1 5 437 465 174 198 387 0 0.5758929 True
133 1 11 646 793 160 259 9891 0 0.6796537 True
133 1 12 610 668 180 206 855 0 0.5669761 False
134 0 9 455 486 157 190 758 0 0.740958 True
134 0 6 459 491 179 204 560 0 0.7 True
134 0 10 524 566 179 205 828 0 0.7582418 True
134 0 5 444 471 174 198 387 0 0.5972222 True
134 0 11 653 793 161 253 8760 0 0.6801242 True
134 0 12 618 677 180 206 821 0 0.5352021 False
134 1 9 450 481 157 190 794 0 0.7761486 True
134 1 6 450 482 179 204 553 0 0.69125 True
134 1 10 516 557 179 205 813 0 0.7626641 True
134 1 5 437 463 174 198 362 0 0.5801282 True
134 1 11 634 769 161 253 8501 0 0.6844605 True
134 1 12 610 668 180 206 586 0 0.3885942 False
135 0 9 454 484 158 190 720 0 0.75 True
135 0 6 457 489 179 203 541 0 0.7044271 True
135 0 10 521 562 179 204 774 0 0.7551219 True
135 0 5 443 469 174 197 360 0 0.6020067 True
135 0 11 641 770 162 248 7596 0 0.6846944 True
135 0 12 618 677 180 206 561 0 0.3657106 True
135 1 9 449 480 158 190 737 0 0.7429435 True
135 1 6 449 480 179 203 529 0 0.7110215 True
135 1 10 512 552 179 204 769 0 0.769 True
135 1 5 436 462 174 197 337 0 0.5635452 True
135 1 11 623 748 162 248 7387 0 0.6871628 True
135 1 12 609 667 180 206 345 0 0.2287798 True
136 0 9 453 483 158 190 817 0 0.8510417 True
136 0 6 456 486 179 202 514 0 0.7449275 True
136 0 10 518 557 179 204 734 0 0.7528205 True
136 0 11 630 750 162 244 6658 0 0.676626 True
136 0 12 618 677 180 206 291 0 0.1897001 True
136 1 9 449 478 158 190 804 0 0.8663793 True
136 1 6 447 478 179 202 522 0 0.7321178 True
136 1 10 510 548 179 204 725 0 0.7631579 True
136 1 11 613 729 162 244 6472 0 0.6804037 True
136 1 12 609 668 180 206 119 0 0.07757497 True
137 0 9 452 481 158 189 801 0 0.89099 True
137 0 6 454 484 179 201 486 0 0.7363636 True
137 0 10 515 553 179 203 694 0 0.7609649 True
137 0 11 620 732 163 240 5875 0 0.6812384 True
137 0 12 618 677 180 206 85 0 0.05541069 True
137 1 9 448 477 158 189 781 0 0.8687431 True
137 1 6 446 476 179 201 485 0 0.7348485 True
137 1 10 507 545 179 203 691 0 0.7576754 True
137 1 11 603 712 163 240 5708 0 0.6800905 True
137 1 12 610 668 180 206 1 0 0.00066313 True
138 0 9 451 480 159 189 752 0 0.8643678 True
138 0 6 453 482 178 200 449 0 0.7037618 True
138 0 10 512 550 179 202 667 0 0.7631579 True
138 0 11 611 715 164 236 5219 0 0.6969818 True
138 1 9 447 475 159 189 753 0 0.8964286 True
138 1 6 445 474 178 200 445 0 0.6974922 True
138 1 10 504 541 179 202 657 0 0.7720329 True
138 1 11 595 697 164 236 5088 0 0.6928105 True
139 0 9 451 478 159 189 721 0 0.8901235 True
139 0 6 452 480 178 200 423 0 0.6866883 True
139 0 10 509 546 179 201 636 0 0.7813268 True
139 0 11 602 700 164 233 4643 0 0.6866312 True
139 1 9 446 474 159 189 715 0 0.8511904 True
139 1 6 445 472 178 200 425 0 0.7154882 True
139 1 10 502 537 179 201 619 0 0.8038961 True
139 1 11 587 682 164 233 4528 0 0.6907704 True
140 0 6 451 479 178 199 405 0 0.6887755 True
140 0 10 507 542 178 201 591 0 0.7341615 True
140 0 11 594 686 165 230 4157 0 0.6951505 True
140 1 6 444 471 178 199 399 0 0.7037037 True
140 1 10 499 534 178 201 591 0 0.7341615 True
140 1 11 580 669 165 230 4063 0 0.7023336 True
140 1 12 610 668 180 206 59 0 0.03912467 True
141 0 6 450 477 178 198 379 0 0.7018518 True
141 0 10 504 538 178 200 571 0 0.763369 True
141 0 11 587 673 165 228 3730 0 0.6884459 True
141 0 12 619 678 180 206 170 0 0.1108214 True
141 1 6 443 469 178 198 367 0 0.7057692 True
141 1 10 497 530 178 200 566 0 0.7796143 True
141 1 11 573 657 165 228 3643 0 0.6883976 True
141 1 12 610 668 180 206 310 0 0.2055703 True
142 0 10 501 535 178 199 549 0 0.7689075 True
142 0 11 580 662 166 225 3373 0 0.6971889 True
142 0 12 619 678 180 206 416 0 0.2711864 True
142 1 10 494 527 178 199 542 0 0.7821068 True
142 1 11 567 646 166 225 3304 0 0.7088608 True
142 1 12 610 669 180 206 543 0 0.3539765 True
143 0 10 499 531 178 199 522 0 0.7767857 True
143 0 11 574 651 166 223 3100 0 0.7063112 True
143 0 12 619 678 180 206 626 0 0.4080834 True
143 1 10 492 524 178 199 510 0 0.7589286 True
143 1 11 561 636 166 223 3026 0 0.7078363 True
143 1 12 610 669 180 206 748 0 0.4876141 True
144 0 10 497 528 178 198 490 0 0.7903226 True
144 0 11 568 641 166 221 2807 0 0.6991283 True
144 0 12 619 678 180 206 816 0 0.5319426 True
144 1 10 490 521 178 198 486 0 0.783871 True
144 1 11 555 627 166 221 2744 0 0.6929293 True
144 1 12 610 669 180 206 887 0 0.5782269 True
145 0 10 495 525 178 198 470 0 0.7833334 True
145 0 11 562 632 167 219 2541 0 0.6980769 True
145 0 12 619 678 180 206 945 0 0.6160365 True
145 1 10 488 518 178 198 460 0 0.7666667 True
145 1 11 550 618 167 219 2481 0 0.7016402 True
145 1 12 611 669 180 206 970 0 0.6432361 True
146 0 10 492 522 178 197 454 0 0.7964912 True
146 0 11 556 623 167 217 2342 0 0.6991045 True
146 0 12 619 678 180 206 977 0 0.636897 True
146 1 10 486 515 178 197 440 0 0.7985481 True
146 1 11 545 610 167 217 2290 0 0.7046154 True
146 1 12 610 669 180 206 970 0 0.6323338 True
147 0 10 490 520 178 197 429 0 0.7526316 True
147 0 11 551 615 167 216 2145 0 0.6839923 True
147 0 12 619 677 180 206 978 0 0.6485411 True
147 1 10 484 513 178 197 419 0 0.7604356 True
147 1 11 540 602 167 216 2111 0 0.694865 True
147 1 12 610 668 180 206 966 0 0.6405836 True
148 0 10 488 517 178 196 406 0 0.7777778 True
148 0 11 547 607 167 214 1972 0 0.6992908 True
148 0 12 618 677 180 206 971 0 0.6329857 True
148 1 10 482 510 178 196 402 0 0.797619 True
148 1 11 536 595 167 214 1934 0 0.6974396 True
148 1 12 610 668 180 206 968 0 0.6419098 True
149 0 10 487 514 178 196 384 0 0.7901235 True
149 0 11 542 600 168 213 1827 0 0.7 True
149 0 12 618 677 180 206 976 0 0.6362451 True
149 1 10 480 508 178 196 384 0 0.7619048 True
149 1 11 532 588 168 213 1787 0 0.709127 True
149 1 12 609 668 180 206 972 0 0.6336375 True
150 0 10 485 511 178 195 373 0 0.8438914 True
150 0 11 538 593 168 211 1687 0 0.7133192 True
150 0 12 618 676 180 206 969 0 0.6425729 True
150 1 10 479 505 178 195 377 0 0.8529412 True
150 1 11 527 582 168 211 1657 0 0.7006342 True
150 1 12 609 667 180 206 964 0 0.6392573 True
151 0 10 483 509 177 195 344 0 0.7350428 True
151 0 11 534 587 168 210 1576 0 0.7079964 True
151 0 12 617 675 180 206 969 0 0.6425729 True
151 1 10 477 503 177 195 343 0 0.732906 True
151 1 11 524 576 168 210 1550 0 0.709707 True
151 1 12 608 666 180 206 963 0 0.6385942 True
152 0 10 481 507 177 194 343 0 0.7760181 True
152 0 11 530 581 168 209 1465 0 0.7006217 True
152 0 12 616 674 180 206 972 0 0.6445624 True
152 1 10 475 500 177 194 343 0 0.8070588 True
152 1 11 520 570 168 209 1437 0 0.7009756 True
152 1 12 607 665 180 206 963 0 0.6385942 True
153 0 11 526 575 168 208 1368 0 0.6979592 True
153 0 12 615 674 180 206 964 0 0.6284224 True
153 1 11 517 565 168 208 1346 0 0.7010416 True
153 1 12 607 664 180 206 956 0 0.6450742 True
154 0 11 523 570 169 207 1280 0 0.7166854 True
154 0 12 615 673 180 206 963 0 0.6385942 True
154 1 11 514 560 169 207 1257 0 0.7191076 True
154 1 12 606 664 180 206 961 0 0.6372679 True
155 0 11 519 565 169 206 1196 0 0.7027027 True
155 0 12 614 672 180 206 970 0 0.6432361 True
155 1 11 510 556 169 206 1184 0 0.6956522 True
155 1 12 605 663 180 206 964 0 0.6392573 True
156 0 11 516 561 169 205 1139 0 0.7030864 True
156 0 12 612 670 180 206 964 0 0.6392573 True
156 1 11 508 551 169 205 1121 0 0.7241602 True
156 1 12 603 661 180 206 960 0 0.6366048 True
157 0 11 513 556 169 204 1073 0 0.7129568 True
157 0 12 610 668 180 206 965 0 0.6399204 True
157 1 11 505 547 169 204 1058 0 0.7197279 True
157 1 12 601 659 180 206 958 0 0.6352785 True
158 0 11 511 552 169 203 1009 0 0.7238163 True
158 0 12 608 666 180 206 951 0 0.6306366 True
158 1 11 502 543 169 203 991 0 0.7109039 True
158 1 12 600 657 180 206 950 0 0.6410257 True
159 0 11 508 548 169 202 963 0 0.7295455 True
159 0 12 606 664 180 205 944 0 0.6510345 True
159 1 11 500 540 169 202 947 0 0.7174242 True
159 1 12 598 655 180 205 943 0 0.6617544 True
160 0 11 505 544 169 202 907 0 0.7047397 True
160 0 12 605 662 180 205 942 0 0.6610526 True
160 1 11 497 536 169 202 895 0 0.6954157 True
160 1 12 596 653 180 205 937 0 0.6575438 True
161 0 11 502 541 170 201 852 0 0.7047147 True
161 0 12 602 659 180 205 935 0 0.6561403 True
161 1 11 495 532 170 201 844 0 0.7358326 True
161 1 12 593 650 180 205 928 0 0.6512281 True
162 0 11 500 537 170 200 816 0 0.7351351 True
162 0 12 599 655 180 205 914 0 0.6528571 True
162 1 11 492 529 170 200 811 0 0.7306306 True
162 1 12 590 646 180 205 907 0 0.6478571 True
163 0 11 497 534 170 200 776 0 0.6990991 True
163 0 12 596 652 180 205 911 0 0.6507143 True
163 1 11 490 526 170 200 762 0 0.7055556 True
163 1 12 587 643 180 205 906 0 0.6471428 True
164 0 11 495 530 170 199 738 0 0.7270936 True
164 0 12 593 649 180 205 897 0 0.6407143 True
164 1 11 488 523 170 199 735 0 0.7241379 True
164 1 12 585 640 180 205 901 0 0.6552727 True
165 0 11 493 527 170 199 698 0 0.7079108 True
165 0 12 590 646 180 205 897 0 0.6407143 True
165 1 11 486 520 170 199 684 0 0.693712 True
165 1 12 582 637 180 205 891 0 0.648 True
166 0 11 491 524 170 198 667 0 0.7218615 True
166 0 12 587 642 179 204 889 0 0.6465455 True
166 1 11 484 517 170 198 658 0 0.7121212 True
166 1 12 579 633 179 204 886 0 0.6562963 True
167 0 11 489 522 170 198 647 0 0.7002165 True
167 0 12 584 638 179 204 865 0 0.6407408 True
167 1 11 482 515 170 198 641 0 0.693723 True
167 1 12 576 630 179 204 863 0 0.6392593 True
168 0 11 487 519 170 197 615 0 0.7118056 True
168 0 12 581 635 179 204 849 0 0.6288889 True
168 1 11 480 512 170 197 599 0 0.693287 True
168 1 12 573 626 179 204 843 0 0.6362264 True
169 0 11 485 516 170 197 590 0 0.7048985 True
169 0 12 578 631 179 204 829 0 0.6256604 True
169 1 11 478 509 170 197 583 0 0.6965352 True
169 1 12 570 622 179 204 821 0 0.6315385 True
170 0 11 483 514 170 196 560 0 0.6947891 True
170 0 12 574 626 179 204 812 0 0.6246154 True
170 1 11 477 507 170 196 552 0 0.7076923 True
170 1 12 566 618 179 204 807 0 0.6207692 True
171 0 11 481 511 170 196 532 0 0.6820513 True
171 0 12 571 622 179 203 799 0 0.6527778 True
171 1 11 475 505 170 196 527 0 0.675641 True
171 1 12 562 613 179 203 794 0 0.6486928 True
172 0 11 480 509 171 195 519 0 0.7456896 True
172 0 12 567 617 179 203 775 0 0.6458333 True
172 1 11 474 502 171 195 517 0 0.7693452 True
172 1 12 559 609 179 203 774 0 0.645 True
173 0 11 478 506 171 195 490 0 0.7291667 True
173 0 12 564 613 179 203 745 0 0.6335034 True
173 1 11 472 500 171 195 484 0 0.7202381 True
173 1 12 555 605 179 203 741 0 0.6175 True
174 0 11 476 504 171 194 468 0 0.7267081 True
174 0 12 560 608 179 203 731 0 0.6345486 True
174 1 11 471 498 171 194 465 0 0.7487923 True
174 1 12 552 600 179 203 727 0 0.6310764 True
175 0 11 475 502 171 194 461 0 0.7423511 True
175 0 12 556 604 179 203 723 0 0.6276042 True
175 1 11 469 496 171 194 454 0 0.7310789 True
175 1 12 548 596 179 203 718 0 0.6232639 True
176 0 11 473 500 171 194 424 0 0.6827697 True
176 0 12 552 599 179 202 706 0 0.653099 True
176 1 11 468 494 171 194 426 0 0.7123746 True
176 1 12 545 591 179 202 701 0 0.6625709 True
177 0 11 472 498 171 193 417 0 0.729021 True
177 0 12 549 595 179 202 687 0 0.6493384 True
177 1 11 467 492 171 193 407 0 0.74 True
177 1 12 541 587 179 202 684 0 0.6465029 True
178 0 11 471 496 171 193 395 0 0.7181818 True
178 0 12 545 590 179 202 661 0 0.6386473 True
178 1 11 465 490 171 193 392 0 0.7127272 True
178 1 12 537 582 179 202 654 0 0.631884 True
179 0 12 542 586 180 202 644 0 0.6652893 True
179 1 12 534 578 180 202 639 0 0.6601239 True
180 0 12 539 582 180 202 627 0 0.6627907 True
180 1 12 531 574 180 202 619 0 0.654334 True
181 0 12 536 578 180 202 608 0 0.6580086 True
181 1 12 528 570 180 202 604 0 0.6536797 True
182 0 12 533 574 180 202 576 0 0.6385809 True
182 1 12 525 566 180 202 572 0 0.6341463 True
183 0 12 530 570 180 202 561 0 0.6375 True
183 1 12 522 562 180 202 561 0 0.6375 True
184 0 12 527 566 180 201 549 0 0.6703297 True
184 1 12 519 559 180 201 545 0 0.6488096 True
185 0 13 286 315 166 192 721 0 0.9562334 True
185 0 12 524 563 180 202 536 0 0.6247087 True
185 1 13 281 310 166 192 735 0 0.9748011 True
185 1 12 516 555 180 202 524 0 0.6107226 True
186 0 13 284 314 167 193 749 0 0.9602564 True
186 0 12 521 559 181 202 522 0 0.6541353 True
186 1 13 279 308 167 193 758 0 1.005305 True
186 1 12 514 551 181 202 525 0 0.6756757 True
187 0 13 283 312 168 194 780 0 1.034483 True
187 0 12 518 555 182 203 509 0 0.6550837 True
187 1 13 277 307 168 194 770 0 0.9871795 True
187 1 12 511 548 182 203 498 0 0.6409267 True
188 0 13 281 311 169 196 779 0 0.9617284 True
188 0 12 516 552 183 204 487 0 0.6441799 True
188 1 13 275 306 169 196 802 0 0.958184 True
188 1 12 509 544 183 204 485 0 0.6598639 True
189 0 13 279 310 170 197 812 0 0.9701314 True
189 0 12 513 548 184 205 464 0 0.6312925 True
189 1 13 273 304 170 197 835 0 0.9976105 True
189 1 12 506 541 184 205 463 0 0.629932 True
190 0 13 277 309 170 198 857 0 0.9564732 True
190 0 12 510 544 185 205 454 0 0.6676471 True
190 1 13 271 303 170 198 857 0 0.9564732 True
190 1 12 503 537 185 205 449 0 0.6602941 True
191 0 13 273 306 170 198 881 0 0.9534632 True
191 0 12 507 540 185 205 442 0 0.669697 True
191 1 13 267 300 170 198 900 0 0.974026 True
191 1 12 500 533 185 205 437 0 0.6621212 True
192 0 13 269 303 170 198 927 0 0.9737395 True
192 0 12 504 536 185 205 425 0 0.6640625 True
192 1 13 263 297 170 198 953 0 1.00105 True
192 1 12 497 529 185 205 423 0 0.6609375 True
193 0 13 265 300 170 199 953 0 0.9389163 True
193 0 12 500 532 185 205 415 0 0.6484375 True
193 1 13 259 294 170 199 978 0 0.9635468 True
193 1 12 493 524 185 205 411 0 0.6629032 True
194 0 13 261 297 171 200 1010 0 0.967433 True
194 0 12 496 527 186 206 406 0 0.6548387 True
194 1 13 255 291 171 200 1029 0 0.9856322 True
194 1 12 489 520 186 206 404 0 0.6516129 True
195 0 13 257 294 172 202 1066 0 0.9603603 True
195 0 12 492 523 187 206 386 0 0.6553481 True
195 1 13 250 288 172 202 1073 0 0.9412281 True
195 1 12 486 516 187 206 387 0 0.6789474 True
196 0 13 252 290 172 203 1109 0 0.9414262 True
196 0 12 489 518 188 207 377 0 0.6842105 True
196 1 13 245 284 172 203 1118 0 0.9247312 True
196 1 12 482 511 188 207 371 0 0.6733212 True
197 0 13 247 286 173 204 1156 0 0.9561621 True
197 0 12 485 514 188 207 364 0 0.6606171 True
197 1 13 240 280 173 204 1168 0 0.9419355 True
197 1 12 478 507 188 207 364 0 0.6606171 True
198 0 13 241 282 174 206 1221 0 0.9306402 True
198 0 12 482 511 190 209 359 0 0.6515427 True
198 1 13 234 276 174 206 1235 0 0.9188988 True
198 1 12 475 504 190 209 360 0 0.6533575 True
199 0 13 235 277 175 207 1283 0 0.9546131 True
199 0 12 479 507 190 209 350 0 0.6578947 True
199 1 13 228 271 175 207 1313 0 0.9542151 True
199 1 12 472 500 190 209 349 0 0.656015 True
200 0 13 229 273 175 207 1336 0 0.9488636 True
200 0 12 475 502 191 209 346 0 0.7119341 True
200 1 13 221 266 175 207 1366 0 0.9486111 True
200 1 12 468 496 191 209 341 0 0.6765873 True
201 0 13 222 268 175 208 1415 0 0.9321476 True
201 0 12 471 497 191 209 338 0 0.7222222 True
201 1 13 215 261 175 208 1442 0 0.9499341 True
201 1 12 464 491 191 209 334 0 0.6872428 True
202 0 13 215 262 173 207 1496 0 0.9361702 True
202 0 12 466 493 189 208 327 0 0.6374269 True
202 1 13 208 256 173 207 1499 0 0.9185049 True
202 1 12 460 486 189 208 327 0 0.6619433 True
203 0 13 210 259 172 207 1582 0 0.922449 True
203 0 12 463 490 188 207 332 0 0.6471735 True
203 1 13 202 252 172 207 1603 0 0.916 True
203 1 12 456 483 188 207 331 0 0.6452242 True
204 0 13 204 255 171 207 1670 0 0.9095861 True
204 0 12 459 486 188 206 338 0 0.6954733 True
204 1 13 197 248 171 207 1685 0 0.917756 True
204 1 12 453 480 188 206 332 0 0.6831276 True
205 0 13 199 251 170 206 1736 0 0.9273504 True
205 0 12 457 484 186 205 332 0 0.6471735 True
205 1 13 191 244 170 206 1763 0 0.9240042 True
205 1 12 450 477 186 205 323 0 0.6296296 True
206 0 13 195 249 169 206 1845 0 0.9234234 True
206 0 12 455 481 186 204 320 0 0.6837607 True
206 1 13 186 242 169 206 1879 0 0.9068533 True
206 1 12 448 475 186 204 314 0 0.6460905 True
207 0 13 190 246 169 207 1934 0 0.9088346 True
207 0 12 454 481 185 203 330 0 0.6790124 True
207 1 13 182 239 169 207 1977 0 0.9127424 True
207 1 12 448 474 185 203 332 0 0.7094017 True
208 0 13 186 244 168 207 2049 0 0.9058356 True
208 0 12 454 480 184 202 322 0 0.6880342 True
208 1 13 177 237 168 207 2056 0 0.8786325 True
208 1 12 448 474 184 202 321 0 0.6858974 True
209 0 13 185 244 168 207 2134 0 0.9274229 True
209 0 12 455 481 184 202 327 0 0.698718 True
209 1 13 176 236 168 207 2198 0 0.9393162 True
209 1 12 449 474 184 202 320 0 0.7111111 True
210 0 13 184 244 168 208 2201 0 0.9170833 True
210 0 12 456 481 184 202 309 0 0.6866667 True
210 1 13 175 236 168 208 2233 0 0.9151639 True
210 1 12 450 475 184 202 309 0 0.6866667 True
211 0 13 183 244 168 209 2306 0 0.9220312 True
211 0 12 461 486 185 202 304 0 0.7152941 True
211 1 13 174 236 168 209 2314 0 0.9103069 True
211 1 12 455 479 185 202 297 0 0.7279412 True
212 0 13 185 247 168 210 2356 0 0.9047619 True
212 0 12 467 491 184 202 296 0 0.6851852 True
212 1 13 176 239 168 210 2397 0 0.9058957 True
212 1 12 461 484 184 202 289 0 0.6980676 True
213 0 13 193 255 169 212 2416 0 0.9062266 True
213 0 12 473 496 185 203 278 0 0.6714976 True
213 1 13 183 247 169 212 2459 0 0.893532 True
213 1 12 467 489 185 203 273 0 0.6893939 True
214 0 13 197 264 171 215 2573 0 0.8727951 True
214 0 12 483 505 186 204 267 0 0.6742424 True
214 1 13 187 255 171 215 2623 0 0.8766711 True
214 1 12 477 499 186 204 265 0 0.6691919 True
215 0 13 207 274 172 216 2681 0 0.9094301 True
215 0 12 492 514 186 204 250 0 0.6313131 True
215 1 13 197 266 172 216 2706 0 0.8913044 True
215 1 12 487 508 186 204 249 0 0.6587301 True
216 0 13 221 288 171 216 2743 0 0.9097844 True
216 0 12 507 528 185 202 254 0 0.7114846 True
216 1 13 211 280 171 216 2763 0 0.8898551 True
216 1 12 501 521 185 202 249 0 0.7323529 True
217 0 13 235 303 170 216 2794 0 0.8932225 True
217 0 12 521 542 184 201 250 0 0.7002801 True
217 1 13 225 294 170 216 2812 0 0.8859484 True
217 1 12 515 536 184 201 249 0 0.697479 True
218 0 13 254 322 169 216 2838 0 0.887985 True
218 0 12 540 560 184 200 237 0 0.740625 True
218 1 13 243 313 169 216 2868 0 0.8717325 True
218 1 12 534 554 184 200 234 0 0.73125 True
219 0 13 273 341 168 216 2878 0 0.8817402 True
219 0 12 559 579 182 199 235 0 0.6911765 True
219 1 13 262 332 168 216 2934 0 0.8732143 True
219 1 12 553 573 182 199 236 0 0.6941177 True
220 0 13 293 361 166 214 2953 0 0.9047182 True
220 0 12 578 598 180 197 224 0 0.6588235 True
220 1 13 282 352 166 214 2995 0 0.891369 True
220 1 12 572 592 180 197 223 0 0.6558824 True
221 0 13 316 386 165 214 3008 0 0.8769679 True
221 1 13 306 377 165 214 3058 0 0.8789882 True
222 0 13 341 411 163 213 3093 0 0.8837143 True
222 1 13 330 402 163 213 3134 0 0.8705556 True
223 0 13 366 437 161 212 3188 0 0.8804198 True
223 1 13 355 428 161 212 3226 0 0.8665055 True
224 0 13 393 464 159 211 3268 0 0.8851571 True
224 1 13 381 455 159 211 3323 0 0.8635655 True
225 0 13 420 492 158 211 3368 0 0.8825996 True
225 1 13 409 482 158 211 3407 0 0.8805893 True
226 0 13 448 521 158 212 3486 0 0.8843227 True
226 1 13 437 511 158 212 3544 0 0.8868869 True
227 0 13 478 551 158 213 3612 0 0.8996264 True
227 1 13 466 541 158 213 3672 0 0.8901818 True
228 0 13 509 583 158 215 3717 0 0.8812233 True
228 1 13 497 572 158 215 3791 0 0.8867836 True
229 0 13 538 615 156 215 3972 0 0.8743121 True
229 1 13 526 604 156 215 4039 0 0.8776619 True
230 0 13 569 648 153 214 4206 0 0.8727952 True
230 1 13 556 637 153 214 4276 0 0.8654119 True
231 0 13 602 684 150 213 4511 0 0.8732094 True
231 1 13 589 673 150 213 4574 0 0.8643235 True
232 0 13 634 719 147 213 4865 0 0.8672014 True
232 1 13 620 707 147 213 4948 0 0.8617207 True
233 0 13 669 757 145 213 5243 0 0.8761698 True
233 1 13 654 744 145 213 5339 0 0.8723856 True
234 0 13 706 797 142 213 5689 0 0.8805138 True
234 1 13 691 784 142 213 5772 0 0.8741481 True
235 0 13 747 841 140 215 6175 0 0.8758865 True
235 1 13 732 828 140 215 6268 0 0.8705556 True
236 0 13 785 885 136 215 6960 0 0.8810127 True
236 1 13 769 871 136 215 7067 0 0.8770166 True
237 0 13 828 934 133 217 7866 0 0.8834232 True
237 1 13 810 919 133 217 7980 0 0.8715596 True
238 0 13 875 988 128 218 8933 0 0.8783677 True
238 1 13 857 972 128 218 9061 0 0.875459 True
239 0 13 929 1049 123 220 10282 0 0.8833333 True
239 1 13 909 1032 123 220 10406 0 0.8721817 True
250 0 14 0 23 176 234 876 0.9498541 0.6566716 False
250 1 14 0 14 177 233 447 0.9833624 0.5701531 False
251 0 14 0 47 173 235 2132 0.8056387 0.7316403 False
251 1 14 0 37 174 234 1594 0.8785937 0.718018 False
252 0 14 0 63 170 235 2995 0.6585222 0.7313797 False
252 1 14 0 54 171 234 2113 0.7535437 0.6211053 False
253 0 14 0 75 167 234 3365 0.5612556 0.6696517 False
253 1 14 0 65 168 233 2614 0.6564931 0.6186982 False
254 0 14 0 84 164 234 3735 0.4970814 0.6352041 False
254 1 14 0 74 165 232 3102 0.5892972 0.6256555 False
255 0 14 0 88 162 233 3985 0.4758324 0.6378041 False
255 1 14 0 78 162 231 3912 0.5678893 0.7268673 False
256 0 14 0 89 160 233 4040 0.4936669 0.6218255 False
256 1 14 0 79 161 231 4024 0.5843896 0.7276673 False
257 0 14 0 86 160 233 4510 0.5414525 0.7183816 False
257 1 14 0 75 161 232 3881 0.6289441 0.7288263 False
258 0 14 0 80 160 233 4258 0.6066369 0.7291096 False
258 1 14 0 69 161 232 3621 0.6901758 0.7391304 False
259 0 14 0 71 159 232 3831 0.6933355 0.7391472 False
259 1 14 0 60 160 231 3195 0.7785338 0.75 False
260 0 14 0 61 157 230 3344 0.7776859 0.7509544 False
260 1 14 0 50 158 229 2605 0.8523389 0.7338028 False
261 0 14 0 51 154 227 2672 0.8556396 0.7177008 False
261 1 14 0 39 155 226 1902 0.9152794 0.6868906 False
262 0 14 0 39 156 228 1900 0.9234542 0.6766382 False
262 1 14 0 27 157 227 1227 0.9638375 0.6492063 False
263 0 14 0 26 158 230 1227 0.9670282 0.6554487 False
263 1 14 0 14 159 229 551 0.9908749 0.5622449 False
264 0 14 0 12 158 231 466 0.9933492 0.5319635 False
