frame cameraID r1,1 r1,2 r1,3 t1 r2,1 r2,2 r2,3 t2 r3,1 r3,2 r3,3 t3 0 0 0 1
0 0 0.8545083 -0.01231958 -0.5192916 -1.431116 0.00355729 0.9998341 -0.01786626 114.646 0.5194256 0.0134196 0.8544103 0.4056499 0 0 0 1
0 1 0.8545083 -0.01231958 -0.5192916 -1.963841 0.00355729 0.9998341 -0.01786626 114.646 0.5194256 0.0134196 0.8544103 0.4056499 0 0 0 1
1 0 0.8544677 -0.01239057 -0.5193567 -1.43872 0.003642553 0.9998338 -0.01786069 114.6459 0.5194918 0.0133696 0.8543708 0.4003004 0 0 0 1
1 1 0.8544677 -0.01239057 -0.5193567 -1.971444 0.003642553 0.9998338 -0.01786069 114.6459 0.5194918 0.0133696 0.8543708 0.4003006 0 0 0 1
2 0 0.854472 -0.01238957 -0.5193498 -1.437625 0.003633532 0.9998336 -0.01787381 114.6459 0.5194848 0.0133856 0.8543749 0.4021704 0 0 0 1
2 1 0.854472 -0.01238957 -0.5193498 -1.97035 0.003633532 0.9998336 -0.01787381 114.6459 0.5194848 0.0133856 0.8543749 0.4021704 0 0 0 1
3 0 0.8544575 -0.01236458 -0.5193743 -1.43423 0.00361011 0.9998339 -0.0178635 114.6459 0.5195088 0.0133886 0.8543602 0.4030125 0 0 0 1
3 1 0.8544575 -0.01236458 -0.5193743 -1.966955 0.00361011 0.9998339 -0.0178635 114.6459 0.5195088 0.0133886 0.8543602 0.4030123 0 0 0 1
4 0 0.8544913 -0.01238657 -0.519318 -1.436075 0.003619163 0.9998333 -0.01789263 114.6459 0.5194531 0.0134096 0.8543937 0.4059227 0 0 0 1
4 1 0.8544913 -0.01238657 -0.519318 -1.9688 0.003619163 0.9998333 -0.01789263 114.6459 0.5194531 0.0134096 0.8543937 0.4059225 0 0 0 1
5 0 0.8544864 -0.01237657 -0.5193263 -1.434852 0.003595897 0.9998331 -0.01791139 114.6459 0.5194614 0.01343759 0.8543883 0.4094725 0 0 0 1
5 1 0.8544864 -0.01237657 -0.5193263 -1.967577 0.003595897 0.9998331 -0.01791139 114.6459 0.5194614 0.01343759 0.8543883 0.4094725 0 0 0 1
6 0 0.8545005 -0.01239957 -0.5193026 -1.437032 0.003643061 0.9998335 -0.01787881 114.6459 0.5194378 0.0133856 0.8544034 0.4037839 0 0 0 1
6 1 0.8545005 -0.01239957 -0.5193026 -1.969757 0.003643061 0.9998335 -0.01787881 114.6459 0.5194378 0.0133856 0.8544034 0.403784 0 0 0 1
7 0 0.8544888 -0.01235058 -0.5193231 -1.430807 0.003596104 0.999834 -0.01786113 114.6459 0.5194574 0.0133946 0.8543913 0.4051877 0 0 0 1
7 1 0.8544888 -0.01235058 -0.5193231 -1.963532 0.003596104 0.999834 -0.01786113 114.6459 0.5194574 0.0133946 0.8543913 0.4051877 0 0 0 1
8 0 0.8544891 -0.01235457 -0.5193225 -1.430808 0.003575109 0.9998333 -0.01790337 114.6459 0.519457 0.0134416 0.8543909 0.4108059 0 0 0 1
8 1 0.8544891 -0.01235457 -0.5193225 -1.963533 0.003575109 0.9998333 -0.01790337 114.6459 0.519457 0.0134416 0.8543909 0.4108059 0 0 0 1
9 0 0.8544756 -0.01243055 -0.5193428 -1.438839 0.003616729 0.9998318 -0.01798052 114.6458 0.519479 0.01348559 0.8543768 0.416109 0 0 0 1
9 1 0.8544756 -0.01243055 -0.5193428 -1.971564 0.003616729 0.9998318 -0.01798052 114.6458 0.519479 0.01348559 0.8543768 0.416109 0 0 0 1
10 0 0.8544791 -0.01238956 -0.519338 -1.432735 0.003598441 0.9998327 -0.01793186 114.6459 0.5194733 0.0134536 0.8543808 0.4130053 0 0 0 1
10 1 0.8544791 -0.01238956 -0.519338 -1.96546 0.003598441 0.9998327 -0.01793186 114.6459 0.5194733 0.0134536 0.8543808 0.4130052 0 0 0 1
11 0 0.8544652 -0.01241755 -0.5193601 -1.434483 0.00360578 0.999832 -0.01797299 114.6458 0.519496 0.01348459 0.8543665 0.4165938 0 0 0 1
11 1 0.8544652 -0.01241755 -0.5193601 -1.967208 0.00360578 0.999832 -0.01797299 114.6458 0.519496 0.01348459 0.8543665 0.4165937 0 0 0 1
12 0 0.8544497 -0.01247253 -0.5193843 -1.439944 0.00362626 0.9998306 -0.01804437 114.6457 0.5195214 0.01353459 0.8543503 0.4225369 0 0 0 1
12 1 0.8544497 -0.01247253 -0.5193843 -1.972669 0.00362626 0.9998306 -0.01804437 114.6457 0.5195214 0.01353459 0.8543503 0.422537 0 0 0 1
13 0 0.854455 -0.01243256 -0.5193766 -1.434388 0.00364267 0.9998324 -0.01794069 114.6458 0.5195127 0.0134376 0.8543571 0.411836 0 0 0 1
13 1 0.854455 -0.01243256 -0.5193766 -1.967113 0.00364267 0.9998324 -0.01794069 114.6458 0.5195127 0.0134376 0.8543571 0.411836 0 0 0 1
14 0 0.8544366 -0.01245754 -0.5194062 -1.436386 0.003631177 0.9998313 -0.01800677 114.6458 0.5195429 0.01349959 0.8543377 0.4193369 0 0 0 1
14 1 0.8544366 -0.01245754 -0.5194062 -1.969111 0.003631177 0.9998313 -0.01800677 114.6458 0.5195429 0.01349959 0.8543377 0.419337 0 0 0 1
15 0 0.8543929 -0.01246756 -0.519478 -1.436729 0.00368083 0.9998323 -0.01794223 114.6458 0.5196145 0.0134176 0.8542954 0.4102876 0 0 0 1
15 1 0.8543929 -0.01246756 -0.519478 -1.969454 0.00368083 0.9998323 -0.01794223 114.6458 0.5196145 0.0134176 0.8542954 0.4102876 0 0 0 1
16 0 0.8543757 -0.01246854 -0.5195062 -1.436417 0.003644182 0.9998313 -0.01800352 114.6458 0.5196431 0.01348859 0.854277 0.4185009 0 0 0 1
16 1 0.8543757 -0.01246854 -0.5195062 -1.969142 0.003644182 0.9998313 -0.01800352 114.6458 0.5196431 0.01348859 0.854277 0.4185009 0 0 0 1
17 0 0.8544185 -0.01246757 -0.5194358 -1.435715 0.003714979 0.9998331 -0.01788737 114.6459 0.5195721 0.0133536 0.8543223 0.4032516 0 0 0 1
17 1 0.8544185 -0.01246757 -0.5194358 -1.96844 0.003714979 0.9998331 -0.01788737 114.6459 0.5195721 0.0133536 0.8543223 0.4032516 0 0 0 1
18 0 0.8544168 -0.01242155 -0.5194398 -1.429492 0.003614279 0.9998321 -0.01796429 114.6459 0.5195757 0.0134716 0.8543183 0.4168361 0 0 0 1
18 1 0.8544168 -0.01242155 -0.5194398 -1.962217 0.003614279 0.9998321 -0.01796429 114.6459 0.5195757 0.0134716 0.8543183 0.416836 0 0 0 1
19 0 0.8544213 -0.01246555 -0.5194312 -1.433485 0.003652555 0.9998316 -0.01798626 114.6458 0.519568 0.0134706 0.854323 0.4169086 0 0 0 1
19 1 0.8544213 -0.01246555 -0.5194312 -1.96621 0.003652555 0.9998316 -0.01798626 114.6458 0.519568 0.0134706 0.854323 0.4169085 0 0 0 1
20 0 0.8543996 -0.01253453 -0.5194654 -1.440504 0.003682695 0.9998299 -0.01806839 114.6457 0.5196036 0.01352459 0.8543004 0.4228538 0 0 0 1
20 1 0.8543996 -0.01253453 -0.5194654 -1.973229 0.003682695 0.9998299 -0.01806839 114.6457 0.5196036 0.01352459 0.8543004 0.4228536 0 0 0 1
21 0 0.8544368 -0.01249753 -0.519405 -1.435507 0.003643015 0.9998302 -0.01806428 114.6458 0.5195426 0.01354259 0.8543372 0.4247695 0 0 0 1
21 1 0.8544368 -0.01249753 -0.519405 -1.968232 0.003643015 0.9998302 -0.01806428 114.6458 0.5195426 0.01354259 0.8543372 0.4247695 0 0 0 1
22 0 0.8544125 -0.01251053 -0.5194447 -1.436253 0.003674073 0.9998305 -0.01803704 114.6458 0.5195824 0.01350259 0.8543137 0.4198811 0 0 0 1
22 1 0.8544125 -0.01251053 -0.5194447 -1.968978 0.003674073 0.9998305 -0.01803704 114.6458 0.5195824 0.01350259 0.8543137 0.4198811 0 0 0 1
23 0 0.8544043 -0.01251453 -0.5194581 -1.436059 0.003670447 0.9998304 -0.01805028 114.6458 0.5195959 0.01351559 0.8543053 0.4212416 0 0 0 1
23 1 0.8544043 -0.01251453 -0.5194581 -1.968784 0.003670447 0.9998304 -0.01805028 114.6458 0.5195959 0.01351559 0.8543053 0.4212414 0 0 0 1
24 0 0.8544235 -0.01257053 -0.5194252 -1.441757 0.003745477 0.9998303 -0.01803565 114.6457 0.5195638 0.01346459 0.8543256 0.4150301 0 0 0 1
24 1 0.8544235 -0.01257053 -0.5194252 -1.974482 0.003745477 0.9998303 -0.01803565 114.6457 0.5195638 0.01346459 0.8543256 0.4150301 0 0 0 1
25 0 0.8543988 -0.01252052 -0.5194669 -1.435392 0.003649915 0.9998296 -0.01809529 114.6458 0.519605 0.01356458 0.8542989 0.4259646 0 0 0 1
25 1 0.8543988 -0.01252052 -0.5194669 -1.968117 0.003649915 0.9998296 -0.01809529 114.6458 0.519605 0.01356458 0.8542989 0.4259644 0 0 0 1
26 0 0.8544104 -0.01249954 -0.5194483 -1.432395 0.0036672 0.9998308 -0.01802706 114.6459 0.5195858 0.01349759 0.8543117 0.4178701 0 0 0 1
26 1 0.8544104 -0.01249954 -0.5194483 -1.965121 0.0036672 0.9998308 -0.01802706 114.6459 0.5195858 0.01349759 0.8543117 0.4178701 0 0 0 1
27 0 0.8544399 -0.01251552 -0.5193995 -1.433558 0.003650712 0.9998298 -0.01808643 114.6458 0.5195374 0.01355759 0.8543401 0.4239163 0 0 0 1
27 1 0.8544399 -0.01251552 -0.5193995 -1.966283 0.003650712 0.9998298 -0.01808643 114.6458 0.5195374 0.01355759 0.8543401 0.4239164 0 0 0 1
28 0 0.8544039 -0.01249653 -0.5194592 -1.430755 0.003649334 0.9998304 -0.01805033 114.6459 0.5195967 0.01352659 0.8543046 0.4200385 0 0 0 1
28 1 0.8544039 -0.01249653 -0.5194592 -1.96348 0.003649334 0.9998304 -0.01805033 114.6459 0.5195967 0.01352659 0.8543046 0.4200385 0 0 0 1
29 0 0.8544365 -0.0125605 -0.5194041 -1.437195 0.003658901 0.9998284 -0.01815937 114.6458 0.5195431 0.01361558 0.8543358 0.4299537 0 0 0 1
29 1 0.8544365 -0.0125605 -0.5194041 -1.969919 0.003658901 0.9998284 -0.01815937 114.6458 0.5195431 0.01361558 0.8543358 0.4299536 0 0 0 1
30 0 0.8544192 -0.01251253 -0.5194335 -1.431093 0.003678095 0.9998306 -0.01803461 114.6459 0.5195712 0.01349859 0.8543205 0.4161445 0 0 0 1
30 1 0.8544192 -0.01251253 -0.5194335 -1.963818 0.003678095 0.9998306 -0.01803461 114.6459 0.5195712 0.01349859 0.8543205 0.4161445 0 0 0 1
31 0 0.8544075 -0.01250352 -0.5194531 -1.429878 0.003616459 0.9998293 -0.01811801 114.6459 0.519591 0.01360158 0.8543069 0.4274187 0 0 0 1
31 1 0.8544075 -0.01250352 -0.5194531 -1.962603 0.003616459 0.9998293 -0.01811801 114.6459 0.519591 0.01360158 0.8543069 0.4274188 0 0 0 1
32 0 0.8544028 -0.01249553 -0.519461 -1.428511 0.003655718 0.9998306 -0.01803785 114.6459 0.5195984 0.01351259 0.8543037 0.4168235 0 0 0 1
32 1 0.8544028 -0.01249553 -0.519461 -1.961236 0.003655718 0.9998306 -0.01803785 114.6459 0.5195984 0.01351259 0.8543037 0.4168235 0 0 0 1
33 0 0.8544456 -0.01249553 -0.5193905 -1.428054 0.003629664 0.9998299 -0.01808283 114.6459 0.5195281 0.01356559 0.8543457 0.4222664 0 0 0 1
33 1 0.8544456 -0.01249553 -0.5193905 -1.960779 0.003629664 0.9998299 -0.01808283 114.6459 0.5195281 0.01356559 0.8543457 0.4222664 0 0 0 1
34 0 0.8544075 -0.01247653 -0.5194537 -1.425241 0.003601183 0.9998298 -0.01809117 114.646 0.519591 0.01358658 0.8543071 0.4244305 0 0 0 1
34 1 0.8544075 -0.01247653 -0.5194537 -1.957965 0.003601183 0.9998298 -0.01809117 114.646 0.519591 0.01358658 0.8543071 0.4244304 0 0 0 1
35 0 0.8544656 -0.01248654 -0.5193579 -1.42635 0.003652289 0.9998308 -0.01802932 114.646 0.5194951 0.01350859 0.8543666 0.415449 0 0 0 1
35 1 0.8544656 -0.01248654 -0.5193579 -1.959075 0.003652289 0.9998308 -0.01802932 114.646 0.5194951 0.01350859 0.8543666 0.415449 0 0 0 1
36 0 0.8544687 -0.01250853 -0.5193523 -1.428838 0.003663922 0.9998303 -0.01805269 114.6459 0.5194899 0.01352259 0.8543695 0.4169883 0 0 0 1
36 1 0.8544687 -0.01250853 -0.5193523 -1.961563 0.003663922 0.9998303 -0.01805269 114.6459 0.5194899 0.01352259 0.8543695 0.4169881 0 0 0 1
37 0 0.854479 -0.01252153 -0.519335 -1.430245 0.003680066 0.9998303 -0.01805168 114.6459 0.519473 0.01351359 0.85438 0.4159271 0 0 0 1
37 1 0.854479 -0.01252153 -0.519335 -1.96297 0.003680066 0.9998303 -0.01805168 114.6459 0.519473 0.01351359 0.85438 0.4159271 0 0 0 1
38 0 0.8544912 -0.01253553 -0.5193145 -1.431882 0.003711164 0.9998306 -0.0180281 114.6459 0.5194526 0.01347759 0.854393 0.4114968 0 0 0 1
38 1 0.8544912 -0.01253553 -0.5193145 -1.964607 0.003711164 0.9998306 -0.0180281 114.6459 0.5194526 0.01347759 0.854393 0.4114966 0 0 0 1
39 0 0.8544741 -0.01252954 -0.5193429 -1.431015 0.003707 0.9998307 -0.01802255 114.6459 0.5194808 0.0134746 0.8543759 0.411113 0 0 0 1
39 1 0.8544741 -0.01252954 -0.5193429 -1.96374 0.003707 0.9998307 -0.01802255 114.6459 0.5194808 0.0134746 0.8543759 0.411113 0 0 0 1
40 0 0.854432 -0.01248254 -0.5194133 -1.425889 0.003633153 0.9998305 -0.0180514 114.646 0.5195505 0.01353659 0.8543325 0.4179799 0 0 0 1
40 1 0.854432 -0.01248254 -0.5194133 -1.958614 0.003633153 0.9998305 -0.0180514 114.646 0.5195505 0.01353659 0.8543325 0.4179798 0 0 0 1
41 0 0.8544155 -0.01248654 -0.5194403 -1.426111 0.003668221 0.9998313 -0.01800063 114.646 0.5195774 0.01347459 0.8543171 0.4106658 0 0 0 1
41 1 0.8544155 -0.01248654 -0.5194403 -1.958836 0.003668221 0.9998313 -0.01800063 114.646 0.5195774 0.01347459 0.8543171 0.4106658 0 0 0 1
42 0 0.8543906 -0.01250253 -0.5194809 -1.428627 0.003641523 0.99983 -0.01807404 114.6459 0.5196186 0.01355059 0.8542908 0.4191835 0 0 0 1
42 1 0.8543906 -0.01250253 -0.5194809 -1.961352 0.003641523 0.99983 -0.01807404 114.6459 0.5196186 0.01355059 0.8542908 0.4191834 0 0 0 1
43 0 0.8543793 -0.01244953 -0.5195007 -1.422942 0.003592724 0.9998306 -0.01805171 114.646 0.5196375 0.01355658 0.8542793 0.4197879 0 0 0 1
43 1 0.8543793 -0.01244953 -0.5195007 -1.955666 0.003592724 0.9998306 -0.01805171 114.646 0.5196375 0.01355658 0.8542793 0.4197879 0 0 0 1
44 0 0.85444 -0.01242654 -0.5194014 -1.421206 0.003592849 0.9998313 -0.0180103 114.646 0.5195377 0.01352259 0.8543406 0.4157333 0 0 0 1
44 1 0.85444 -0.01242654 -0.5194014 -1.953931 0.003592849 0.9998313 -0.0180103 114.646 0.5195377 0.01352259 0.8543406 0.4157333 0 0 0 1
45 0 0.8543865 -0.01241955 -0.5194897 -1.420802 0.003584493 0.9998314 -0.01800789 114.6461 0.5196257 0.01352359 0.854287 0.4156057 0 0 0 1
45 1 0.8543865 -0.01241955 -0.5194897 -1.953526 0.003584493 0.9998314 -0.01800789 114.6461 0.5196257 0.01352359 0.854287 0.4156056 0 0 0 1
46 0 0.8543631 -0.01244855 -0.5195274 -1.424241 0.00364589 0.999832 -0.01796161 114.646 0.5196638 0.01345159 0.854265 0.4070523 0 0 0 1
46 1 0.8543631 -0.01244855 -0.5195274 -1.956966 0.00364589 0.999832 -0.01796161 114.6461 0.5196638 0.01345159 0.854265 0.4070522 0 0 0 1
47 0 0.854332 -0.01241755 -0.5195794 -1.420735 0.003578816 0.9998314 -0.01801064 114.6461 0.5197154 0.01352759 0.8542324 0.4154531 0 0 0 1
47 1 0.854332 -0.01241755 -0.5195794 -1.95346 0.003578816 0.9998314 -0.01801064 114.6461 0.5197154 0.01352759 0.8542324 0.4154531 0 0 0 1
48 0 0.8543202 -0.01239655 -0.5195992 -1.41923 0.003556303 0.9998316 -0.01800664 114.6461 0.5197349 0.01353559 0.8542204 0.4160934 0 0 0 1
48 1 0.8543202 -0.01239655 -0.5195992 -1.951955 0.003556303 0.9998316 -0.01800664 114.6461 0.5197349 0.01353559 0.8542204 0.4160935 0 0 0 1
49 0 0.8543429 -0.01241854 -0.5195614 -1.422555 0.003577968 0.9998313 -0.0180145 114.6461 0.5196974 0.01353159 0.8542432 0.4149965 0 0 0 1
49 1 0.8543429 -0.01241854 -0.5195614 -1.95528 0.003577968 0.9998313 -0.0180145 114.6461 0.5196974 0.01353159 0.8542432 0.4149965 0 0 0 1
50 0 0.8543215 -0.01239054 -0.5195971 -1.420337 0.003527306 0.999831 -0.01804281 114.6461 0.5197329 0.01358158 0.8542209 0.420043 0 0 0 1
50 1 0.8543215 -0.01239054 -0.5195971 -1.953062 0.003527306 0.999831 -0.01804281 114.6461 0.5197329 0.01358158 0.8542209 0.420043 0 0 0 1
51 0 0.854332 -0.01239155 -0.5195799 -1.421399 0.003563878 0.9998319 -0.01798517 114.6461 0.5197154 0.01351359 0.8542325 0.4115797 0 0 0 1
51 1 0.854332 -0.01239155 -0.5195799 -1.954124 0.003563878 0.9998319 -0.01798517 114.6461 0.5197154 0.01351359 0.8542325 0.4115795 0 0 0 1
52 0 0.8543339 -0.01231456 -0.5195786 -1.412843 0.003489311 0.9998326 -0.01795968 114.6462 0.5197128 0.01353059 0.8542339 0.4131471 0 0 0 1
52 1 0.8543339 -0.01231456 -0.5195786 -1.945568 0.003489311 0.9998326 -0.01795968 114.6462 0.5197128 0.01353059 0.8542339 0.413147 0 0 0 1
53 0 0.8543789 -0.01232856 -0.5195042 -1.414998 0.00351167 0.9998327 -0.01795212 114.6462 0.5196385 0.01351359 0.8542793 0.4110475 0 0 0 1
53 1 0.8543789 -0.01232856 -0.5195042 -1.947723 0.00351167 0.9998327 -0.01795212 114.6462 0.5196385 0.01351359 0.8542793 0.4110476 0 0 0 1
54 0 0.85438 -0.01234154 -0.5195022 -1.416941 0.00347707 0.9998313 -0.01803404 114.6461 0.5196371 0.01360158 0.8542788 0.4208143 0 0 0 1
54 1 0.85438 -0.01234154 -0.5195022 -1.949666 0.00347707 0.9998313 -0.01803404 114.6461 0.5196371 0.01360158 0.8542788 0.4208144 0 0 0 1
55 0 0.8543898 -0.01234456 -0.519486 -1.41828 0.003531432 0.9998326 -0.01795096 114.6462 0.5196207 0.01350259 0.8542904 0.4090587 0 0 0 1
55 1 0.8543898 -0.01234456 -0.519486 -1.951005 0.003531432 0.9998326 -0.01795096 114.6462 0.5196207 0.01350259 0.8542904 0.4090587 0 0 0 1
56 0 0.8543612 -0.01234456 -0.519533 -1.419315 0.003529406 0.9998326 -0.01795286 114.6462 0.5196677 0.01350459 0.8542618 0.4089188 0 0 0 1
56 1 0.8543612 -0.01234456 -0.519533 -1.95204 0.003529406 0.9998326 -0.01795286 114.6462 0.5196677 0.01350459 0.8542618 0.4089188 0 0 0 1
57 0 0.8543326 -0.01234456 -0.5195799 -1.42035 0.003527379 0.9998326 -0.01795477 114.6461 0.5197147 0.01350659 0.8542331 0.408779 0 0 0 1
57 1 0.8543326 -0.01234456 -0.5195799 -1.953075 0.003527379 0.9998326 -0.01795477 114.6461 0.5197147 0.01350659 0.8542331 0.4087789 0 0 0 1
58 0 0.8543288 -0.01232356 -0.5195867 -1.4189 0.003489027 0.9998323 -0.0179772 114.6461 0.5197212 0.01354559 0.8542286 0.4132833 0 0 0 1
58 1 0.8543288 -0.01232356 -0.5195867 -1.951624 0.003489027 0.9998323 -0.0179772 114.6461 0.5197212 0.01354559 0.8542286 0.4132832 0 0 0 1
59 0 0.8543286 -0.01232356 -0.5195871 -1.419874 0.003504099 0.9998327 -0.01795243 114.6461 0.5197214 0.01351659 0.8542289 0.4100168 0 0 0 1
59 1 0.8543286 -0.01232356 -0.5195871 -1.952599 0.003504099 0.9998327 -0.01795243 114.6461 0.5197214 0.01351659 0.8542289 0.4100167 0 0 0 1
60 0 0.8543172 -0.01231156 -0.5196061 -1.41982 0.003497089 0.9998329 -0.01794029 114.6461 0.5197402 0.01350959 0.8542176 0.4090947 0 0 0 1
60 1 0.8543172 -0.01231156 -0.5196061 -1.952545 0.003497089 0.9998329 -0.01794029 114.6461 0.5197402 0.01350959 0.8542176 0.4090948 0 0 0 1
61 0 0.8543363 -0.01231958 -0.5195745 -1.421736 0.003549816 0.999834 -0.01787 114.6462 0.5197084 0.0134226 0.8542383 0.3990442 0 0 0 1
61 1 0.8543363 -0.01231958 -0.5195745 -1.954461 0.003549816 0.999834 -0.01787 114.6462 0.5197084 0.0134226 0.8542383 0.3990442 0 0 0 1
62 0 0.8543322 -0.01225557 -0.5195828 -1.416106 0.003423245 0.9998329 -0.01795466 114.6462 0.5197161 0.01356059 0.8542314 0.4145496 0 0 0 1
62 1 0.8543322 -0.01225557 -0.5195828 -1.948831 0.003423245 0.9998329 -0.01795466 114.6462 0.5197161 0.01356059 0.8542314 0.4145495 0 0 0 1
63 0 0.8543027 -0.01227457 -0.5196308 -1.419396 0.003473814 0.9998336 -0.01790664 114.6462 0.5197642 0.01349259 0.8542032 0.4065915 0 0 0 1
63 1 0.8543027 -0.01227457 -0.5196308 -1.952121 0.003473814 0.9998336 -0.01790664 114.6462 0.5197642 0.01349259 0.8542032 0.4065915 0 0 0 1
64 0 0.8542985 -0.01216959 -0.5196401 -1.408614 0.00336628 0.9998345 -0.01788115 114.6463 0.5197718 0.01352659 0.8541981 0.410426 0 0 0 1
64 1 0.8542985 -0.01216959 -0.5196401 -1.941339 0.00336628 0.9998345 -0.01788115 114.6463 0.5197718 0.01352659 0.8541981 0.410426 0 0 0 1
65 0 0.8543202 -0.01230057 -0.5196013 -1.42447 0.003496634 0.9998333 -0.01792003 114.6461 0.5197352 0.01349259 0.8542209 0.4064763 0 0 0 1
65 1 0.8543202 -0.01230057 -0.5196013 -1.957195 0.003496634 0.9998333 -0.01792003 114.6461 0.5197352 0.01349259 0.8542209 0.4064764 0 0 0 1
66 0 0.8543106 -0.01234055 -0.5196164 -1.430351 0.003500321 0.999832 -0.01799043 114.646 0.5197511 0.01355059 0.8542103 0.4131403 0 0 0 1
66 1 0.8543106 -0.01234055 -0.5196164 -1.963076 0.003500321 0.999832 -0.01799043 114.646 0.5197511 0.01355059 0.8542103 0.4131404 0 0 0 1
67 0 0.8542774 -0.01225259 -0.5196729 -1.421598 0.003483267 0.9998347 -0.01784755 114.6462 0.5198057 0.0134366 0.8541788 0.400102 0 0 0 1
67 1 0.8542774 -0.01225259 -0.5196729 -1.954323 0.003483267 0.9998347 -0.01784755 114.6462 0.5198057 0.0134366 0.8541788 0.4001021 0 0 0 1
68 0 0.854336 -0.0122246 -0.5195773 -1.419606 0.003484228 0.9998356 -0.01779502 114.6462 0.5197094 0.0133926 0.8542382 0.3952037 0 0 0 1
68 1 0.854336 -0.0122246 -0.5195773 -1.952331 0.003484228 0.9998356 -0.01779502 114.6462 0.5197094 0.0133926 0.8542382 0.3952038 0 0 0 1
69 0 0.8543375 -0.01225258 -0.5195741 -1.423831 0.003461936 0.9998341 -0.01788558 114.6461 0.519707 0.01348159 0.8542382 0.4053933 0 0 0 1
69 1 0.8543375 -0.01225258 -0.5195741 -1.956556 0.003461936 0.9998341 -0.01788558 114.6461 0.519707 0.01348159 0.8542382 0.4053933 0 0 0 1
70 0 0.8544087 -0.0122336 -0.5194575 -1.422723 0.003484537 0.9998352 -0.01781544 114.6462 0.5195898 0.0134116 0.8543106 0.3975397 0 0 0 1
70 1 0.8544087 -0.0122336 -0.5194575 -1.955448 0.003484537 0.9998352 -0.01781544 114.6461 0.5195898 0.0134116 0.8543106 0.3975397 0 0 0 1
71 0 0.8544072 -0.01222658 -0.5194601 -1.422365 0.003437958 0.9998342 -0.01787844 114.6461 0.5195926 0.01348959 0.8543077 0.4067658 0 0 0 1
71 1 0.8544072 -0.01222658 -0.5194601 -1.95509 0.003437958 0.9998342 -0.01787844 114.6461 0.5195926 0.01348959 0.8543077 0.406766 0 0 0 1
72 0 0.8544282 -0.01226958 -0.5194246 -1.42773 0.003494654 0.9998342 -0.01786903 114.6461 0.5195578 0.01345259 0.8543294 0.4027431 0 0 0 1
72 1 0.8544282 -0.01226958 -0.5194246 -1.960455 0.003494654 0.9998342 -0.01786903 114.6461 0.5195578 0.01345259 0.8543294 0.4027432 0 0 0 1
73 0 0.85445 -0.01231257 -0.5193877 -1.432776 0.003512925 0.9998332 -0.01792283 114.646 0.5195217 0.01348959 0.8543507 0.4074349 0 0 0 1
73 1 0.85445 -0.01231257 -0.5193877 -1.965501 0.003512925 0.9998332 -0.01792283 114.646 0.5195217 0.01348959 0.8543507 0.4074348 0 0 0 1
74 0 0.8544347 -0.0122386 -0.5194148 -1.425164 0.00350061 0.9998354 -0.01779992 114.6461 0.5195471 0.0133906 0.8543369 0.3966697 0 0 0 1
74 1 0.8544347 -0.0122386 -0.5194148 -1.95789 0.00350061 0.9998354 -0.01779992 114.6461 0.5195471 0.0133906 0.8543369 0.3966697 0 0 0 1
75 0 0.8544655 -0.01229957 -0.5193624 -1.433286 0.003515344 0.9998337 -0.01789461 114.646 0.5194962 0.01346459 0.8543667 0.4056122 0 0 0 1
75 1 0.8544655 -0.01229957 -0.5193624 -1.966011 0.003515344 0.9998337 -0.01789461 114.646 0.5194962 0.01346459 0.8543667 0.4056121 0 0 0 1
76 0 0.8544248 -0.01224559 -0.5194306 -1.428002 0.003494303 0.9998351 -0.01782327 114.6461 0.5195632 0.0134136 0.8543267 0.4001133 0 0 0 1
76 1 0.8544248 -0.01224559 -0.5194306 -1.960727 0.003494303 0.9998351 -0.01782327 114.6461 0.5195632 0.0134136 0.8543267 0.4001133 0 0 0 1
77 0 0.8544536 -0.01229359 -0.5193822 -1.433678 0.003550339 0.9998348 -0.01782494 114.646 0.5195156 0.0133866 0.8543561 0.39767 0 0 0 1
77 1 0.8544536 -0.01229359 -0.5193822 -1.966403 0.003550339 0.9998348 -0.01782494 114.646 0.5195156 0.0133866 0.8543561 0.39767 0 0 0 1
78 0 0.8544823 -0.01232158 -0.5193344 -1.436765 0.003559662 0.9998341 -0.01786492 114.6459 0.5194684 0.0134166 0.8543844 0.401522 0 0 0 1
78 1 0.8544823 -0.01232158 -0.5193344 -1.96949 0.003559662 0.9998341 -0.01786492 114.6459 0.5194684 0.0134166 0.8543844 0.401522 0 0 0 1
79 0 0.8544503 -0.01228859 -0.5193878 -1.433105 0.003555309 0.9998351 -0.01780699 114.646 0.519521 0.0133686 0.8543531 0.3964976 0 0 0 1
79 1 0.8544503 -0.01228859 -0.5193878 -1.96583 0.003555309 0.9998351 -0.01780699 114.646 0.519521 0.0133686 0.8543531 0.3964975 0 0 0 1
80 0 0.8544821 -0.01228658 -0.5193356 -1.432833 0.003513117 0.9998341 -0.01787408 114.646 0.519469 0.0134486 0.8543835 0.4062843 0 0 0 1
80 1 0.8544821 -0.01228658 -0.5193356 -1.965558 0.003513117 0.9998341 -0.01787408 114.646 0.519469 0.0134486 0.8543835 0.4062843 0 0 0 1
81 0 0.8544613 -0.01231359 -0.5193692 -1.436193 0.00357289 0.9998347 -0.01782673 114.6459 0.5195028 0.0133766 0.854364 0.3984385 0 0 0 1
81 1 0.8544613 -0.01231359 -0.5193692 -1.968919 0.00357289 0.9998347 -0.01782673 114.6459 0.5195028 0.0133766 0.854364 0.3984386 0 0 0 1
82 0 0.8545249 -0.01230757 -0.5192646 -1.435536 0.003511234 0.9998333 -0.01791972 114.6459 0.5193986 0.01348959 0.8544256 0.4112401 0 0 0 1
82 1 0.8545249 -0.01230757 -0.5192646 -1.968261 0.003511234 0.9998333 -0.01791972 114.6459 0.5193986 0.01348959 0.8544256 0.41124 0 0 0 1
83 0 0.8545399 -0.01232058 -0.5192395 -1.437469 0.003560792 0.9998341 -0.017864 114.6459 0.5193735 0.0134166 0.854442 0.4027235 0 0 0 1
83 1 0.8545399 -0.01232058 -0.5192395 -1.970194 0.003560792 0.9998341 -0.017864 114.6459 0.5193735 0.0134166 0.854442 0.4027235 0 0 0 1
84 0 0.8545864 -0.01230558 -0.5191634 -1.436163 0.003528793 0.9998337 -0.01789007 114.6459 0.5192973 0.01345659 0.8544877 0.407328 0 0 0 1
84 1 0.8545864 -0.01230558 -0.5191634 -1.968888 0.003528793 0.9998337 -0.01789007 114.6459 0.5192973 0.01345659 0.8544877 0.407328 0 0 0 1
85 0 0.854571 -0.01232958 -0.5191882 -1.439333 0.003572152 0.9998341 -0.01786419 114.6459 0.5193223 0.0134116 0.8544732 0.4022341 0 0 0 1
85 1 0.854571 -0.01232958 -0.5191882 -1.972058 0.003572152 0.9998341 -0.01786419 114.6459 0.5193223 0.0134116 0.8544732 0.4022342 0 0 0 1
86 0 0.8546065 -0.01230958 -0.5191302 -1.437417 0.003541736 0.9998339 -0.01787749 114.6459 0.5192641 0.0134396 0.8545082 0.4057913 0 0 0 1
86 1 0.8546065 -0.01230958 -0.5191302 -1.970142 0.003541736 0.9998339 -0.01787749 114.6459 0.5192641 0.0134396 0.8545082 0.4057912 0 0 0 1
87 0 0.8546148 -0.01235258 -0.5191156 -1.442356 0.003615133 0.9998343 -0.01783994 114.6459 0.51925 0.0133696 0.8545178 0.3977276 0 0 0 1
87 1 0.8546148 -0.01235258 -0.5191156 -1.975081 0.003615133 0.9998343 -0.01783994 114.6459 0.51925 0.0133696 0.8545178 0.3977277 0 0 0 1
88 0 0.8546605 -0.01237957 -0.5190397 -1.445165 0.003622645 0.9998335 -0.01788183 114.6458 0.5191746 0.0134026 0.8545631 0.4016883 0 0 0 1
88 1 0.8546605 -0.01237957 -0.5190397 -1.97789 0.003622645 0.9998335 -0.01788183 114.6458 0.5191746 0.0134026 0.8545631 0.4016883 0 0 0 1
89 0 0.8546698 -0.01235258 -0.519025 -1.442441 0.003612351 0.9998342 -0.01784725 114.6459 0.5191593 0.0133786 0.8545728 0.3993408 0 0 0 1
89 1 0.8546698 -0.01235258 -0.519025 -1.975166 0.003612351 0.9998342 -0.01784725 114.6459 0.5191593 0.0133786 0.8545728 0.3993409 0 0 0 1
90 0 0.854713 -0.01237457 -0.5189533 -1.444615 0.003617585 0.9998335 -0.01788314 114.6458 0.5190883 0.0134076 0.8546155 0.4027835 0 0 0 1
90 1 0.854713 -0.01237457 -0.5189533 -1.97734 0.003617585 0.9998335 -0.01788314 114.6458 0.5190883 0.0134076 0.8546155 0.4027835 0 0 0 1
91 0 0.8547093 -0.01236056 -0.5189598 -1.443093 0.003573813 0.9998329 -0.01792803 114.6458 0.5190946 0.01346859 0.8546107 0.4096525 0 0 0 1
91 1 0.8547093 -0.01236056 -0.5189598 -1.975818 0.003573813 0.9998329 -0.01792803 114.6458 0.5190946 0.01346859 0.8546107 0.4096525 0 0 0 1
92 0 0.854737 -0.01237057 -0.5189137 -1.444359 0.003604607 0.9998333 -0.01789799 114.6458 0.5190487 0.0134276 0.8546392 0.4051151 0 0 0 1
92 1 0.854737 -0.01237057 -0.5189137 -1.977084 0.003604607 0.9998333 -0.01789799 114.6458 0.5190487 0.0134276 0.8546392 0.4051151 0 0 0 1
93 0 0.8547142 -0.01230657 -0.5189531 -1.436786 0.003531454 0.9998336 -0.017894 114.6459 0.519087 0.0134616 0.8546154 0.4092127 0 0 0 1
93 1 0.8547142 -0.01230657 -0.5189531 -1.969511 0.003531454 0.9998336 -0.017894 114.6459 0.519087 0.0134616 0.8546154 0.4092127 0 0 0 1
94 0 0.8547243 -0.01237557 -0.5189346 -1.444578 0.003631808 0.9998339 -0.01786222 114.6458 0.5190694 0.0133826 0.8546273 0.4004377 0 0 0 1
94 1 0.8547243 -0.01237557 -0.5189346 -1.977303 0.003631808 0.9998339 -0.01786222 114.6458 0.5190694 0.0133826 0.8546273 0.4004377 0 0 0 1
95 0 0.8547572 -0.01237357 -0.5188805 -1.444095 0.003610466 0.9998333 -0.01789514 114.6458 0.5190154 0.0134226 0.8546595 0.4052697 0 0 0 1
95 1 0.8547572 -0.01237357 -0.5188805 -1.97682 0.003610466 0.9998333 -0.01789514 114.6458 0.5190154 0.0134226 0.8546595 0.4052697 0 0 0 1
96 0 0.8547273 -0.01232858 -0.5189309 -1.439237 0.00356785 0.9998338 -0.01787712 114.6459 0.519065 0.0134286 0.8546293 0.4060377 0 0 0 1
96 1 0.8547273 -0.01232858 -0.5189309 -1.971962 0.00356785 0.9998338 -0.01787712 114.6459 0.519065 0.0134286 0.8546293 0.4060377 0 0 0 1
97 0 0.8547273 -0.01235157 -0.5189304 -1.440779 0.003583875 0.9998335 -0.01789504 114.6458 0.519065 0.0134356 0.8546292 0.4070042 0 0 0 1
97 1 0.8547273 -0.01235157 -0.5189304 -1.973504 0.003583875 0.9998335 -0.01789504 114.6458 0.519065 0.0134356 0.8546292 0.4070041 0 0 0 1
98 0 0.8547459 -0.01240356 -0.5188985 -1.445727 0.003620143 0.9998326 -0.01793642 114.6458 0.5190341 0.01345259 0.8546476 0.4089004 0 0 0 1
98 1 0.8547459 -0.01240356 -0.5188985 -1.978452 0.003620143 0.9998326 -0.01793642 114.6458 0.5190341 0.01345259 0.8546476 0.4089004 0 0 0 1
99 0 0.8547407 -0.01243955 -0.5189061 -1.448721 0.003635164 0.9998317 -0.01798077 114.6457 0.5190424 0.01348259 0.8546422 0.412008 0 0 0 1
99 1 0.8547407 -0.01243955 -0.5189061 -1.981446 0.003635164 0.9998317 -0.01798077 114.6457 0.5190424 0.01348259 0.8546422 0.412008 0 0 0 1
100 0 0.854749 -0.01238456 -0.5188938 -1.442029 0.003608682 0.9998329 -0.01791885 114.6458 0.519029 0.0134436 0.8546509 0.4074007 0 0 0 1
100 1 0.854749 -0.01238456 -0.5188938 -1.974754 0.003608682 0.9998329 -0.01791885 114.6458 0.519029 0.0134436 0.8546509 0.4074007 0 0 0 1
101 0 0.8547368 -0.01238856 -0.5189138 -1.441997 0.003591429 0.9998323 -0.01795434 114.6458 0.5190492 0.01348259 0.854638 0.4117631 0 0 0 1
101 1 0.8547368 -0.01238856 -0.5189138 -1.974722 0.003591429 0.9998323 -0.01795434 114.6458 0.5190492 0.01348259 0.854638 0.411763 0 0 0 1
102 0 0.8547782 -0.01239955 -0.5188453 -1.442718 0.003568003 0.9998313 -0.01801617 114.6458 0.5189812 0.01354859 0.8546783 0.4190443 0 0 0 1
102 1 0.8547782 -0.01239955 -0.5188453 -1.975443 0.003568003 0.9998313 -0.01801617 114.6458 0.5189812 0.01354859 0.8546783 0.4190443 0 0 0 1
103 0 0.854775 -0.01246254 -0.5188492 -1.449218 0.003653416 0.9998314 -0.01799674 114.6457 0.5189859 0.01348759 0.8546764 0.4120494 0 0 0 1
103 1 0.854775 -0.01246254 -0.5188492 -1.981943 0.003653416 0.9998314 -0.01799674 114.6457 0.5189859 0.01348759 0.8546764 0.4120494 0 0 0 1
104 0 0.8547701 -0.01242953 -0.518858 -1.444491 0.003565331 0.9998302 -0.01807794 114.6457 0.5189946 0.01360258 0.8546693 0.4250569 0 0 0 1
104 1 0.8547701 -0.01242953 -0.518858 -1.977216 0.003565331 0.9998302 -0.01807794 114.6457 0.5189946 0.01360258 0.8546693 0.4250569 0 0 0 1
105 0 0.8548114 -0.01243753 -0.5187898 -1.444889 0.003589183 0.9998305 -0.01805616 114.6457 0.5189264 0.01357258 0.8547112 0.4215677 0 0 0 1
105 1 0.8548114 -0.01243753 -0.5187898 -1.977614 0.003589183 0.9998305 -0.01805616 114.6457 0.5189264 0.01357258 0.8547112 0.4215677 0 0 0 1
106 0 0.8547969 -0.01243853 -0.5188136 -1.444772 0.003584343 0.9998304 -0.01806533 114.6457 0.5189503 0.01358259 0.8546965 0.4225428 0 0 0 1
106 1 0.8547969 -0.01243853 -0.5188136 -1.977497 0.003584343 0.9998304 -0.01806533 114.6457 0.5189503 0.01358259 0.8546965 0.4225426 0 0 0 1
107 0 0.854748 -0.01251553 -0.5188923 -1.452557 0.003681176 0.9998303 -0.01805178 114.6457 0.5190302 0.01351959 0.854649 0.4150368 0 0 0 1
107 1 0.854748 -0.01251553 -0.5188923 -1.985282 0.003681176 0.9998303 -0.01805178 114.6457 0.5190302 0.01351959 0.854649 0.4150367 0 0 0 1
108 0 0.8548111 -0.01244953 -0.5187899 -1.444222 0.003581263 0.9998299 -0.01809231 114.6458 0.5189269 0.01360758 0.8547103 0.4245118 0 0 0 1
108 1 0.8548111 -0.01244953 -0.5187899 -1.976947 0.003581263 0.9998299 -0.01809231 114.6457 0.5189269 0.01360758 0.8547103 0.4245117 0 0 0 1
109 0 0.8548065 -0.01247853 -0.5187967 -1.446861 0.003631334 0.9998302 -0.0180655 114.6457 0.5189341 0.01355859 0.8547067 0.4188071 0 0 0 1
109 1 0.8548065 -0.01247853 -0.5187967 -1.979586 0.003631334 0.9998302 -0.0180655 114.6457 0.5189341 0.01355859 0.8547067 0.4188071 0 0 0 1
110 0 0.8548385 -0.01255451 -0.5187423 -1.45428 0.003687042 0.999829 -0.0181218 114.6456 0.5188811 0.01357858 0.8547386 0.4211093 0 0 0 1
110 1 0.8548385 -0.01255451 -0.5187423 -1.987005 0.003687042 0.999829 -0.0181218 114.6456 0.5188811 0.01357858 0.8547386 0.4211093 0 0 0 1
111 0 0.8548723 -0.01250253 -0.5186878 -1.447811 0.003651031 0.9998298 -0.01808262 114.6457 0.5188256 0.01356459 0.8547724 0.4193825 0 0 0 1
111 1 0.8548723 -0.01250253 -0.5186878 -1.980536 0.003651031 0.9998298 -0.01808262 114.6457 0.5188256 0.01356459 0.8547724 0.4193825 0 0 0 1
112 0 0.8548874 -0.01247653 -0.5186635 -1.443388 0.003631403 0.9998302 -0.01806561 114.6458 0.5188008 0.01356058 0.8547876 0.418959 0 0 0 1
112 1 0.8548874 -0.01247653 -0.5186635 -1.976112 0.003631403 0.9998302 -0.01806561 114.6458 0.5188008 0.01356058 0.8547876 0.4189589 0 0 0 1
113 0 0.8548734 -0.01250552 -0.5186858 -1.445971 0.00364533 0.9998296 -0.01809784 114.6457 0.5188237 0.01358058 0.8547733 0.4211847 0 0 0 1
113 1 0.8548734 -0.01250552 -0.5186858 -1.978696 0.00364533 0.9998296 -0.01809784 114.6457 0.5188237 0.01358058 0.8547733 0.4211847 0 0 0 1
114 0 0.854877 -0.01246054 -0.518681 -1.440138 0.003628258 0.9998307 -0.01803943 114.6458 0.518818 0.01353959 0.8547775 0.4162089 0 0 0 1
114 1 0.854877 -0.01246054 -0.518681 -1.972863 0.003628258 0.9998307 -0.01803943 114.6458 0.518818 0.01353959 0.8547775 0.4162089 0 0 0 1
115 0 0.8549127 -0.01247552 -0.5186219 -1.440811 0.003607036 0.9998296 -0.01810509 114.6458 0.5187594 0.01360758 0.854812 0.4236188 0 0 0 1
115 1 0.8549127 -0.01247552 -0.5186219 -1.973536 0.003607036 0.9998296 -0.01810509 114.6458 0.5187594 0.01360758 0.854812 0.4236189 0 0 0 1
116 0 0.8549063 -0.01254052 -0.5186309 -1.447487 0.00370131 0.9998298 -0.01807473 114.6457 0.5187693 0.01353259 0.8548071 0.4150746 0 0 0 1
116 1 0.8549063 -0.01254052 -0.5186309 -1.980211 0.00370131 0.9998298 -0.01807473 114.6458 0.5187693 0.01353259 0.8548071 0.4150746 0 0 0 1
117 0 0.8549058 -0.01246053 -0.5186337 -1.437597 0.003607464 0.9998301 -0.01807513 114.6459 0.5187708 0.01358158 0.8548055 0.4203086 0 0 0 1
117 1 0.8549058 -0.01246053 -0.5186337 -1.970322 0.003607464 0.9998301 -0.01807513 114.6459 0.5187708 0.01358158 0.8548055 0.4203085 0 0 0 1
118 0 0.8549086 -0.01244453 -0.5186295 -1.434586 0.00358454 0.9998301 -0.0180822 114.6459 0.5187663 0.01359958 0.8548079 0.4218279 0 0 0 1
118 1 0.8549086 -0.01244453 -0.5186295 -1.967311 0.00358454 0.9998301 -0.0180822 114.6459 0.5187663 0.01359958 0.8548079 0.4218279 0 0 0 1
119 0 0.8548885 -0.01242951 -0.5186628 -1.431617 0.003521191 0.9998289 -0.01815662 114.6459 0.5187998 0.01369557 0.854786 0.4327751 0 0 0 1
119 1 0.8548885 -0.01242951 -0.5186628 -1.964342 0.003521191 0.9998289 -0.01815662 114.6459 0.5187998 0.01369557 0.854786 0.432775 0 0 0 1
120 0 0.8549117 -0.01250352 -0.5186228 -1.439302 0.00365326 0.9998298 -0.01808286 114.6459 0.5187606 0.01356458 0.8548119 0.41756 0 0 0 1
120 1 0.8549117 -0.01250352 -0.5186228 -1.972027 0.00365326 0.9998298 -0.01808286 114.6459 0.5187606 0.01356458 0.8548119 0.41756 0 0 0 1
121 0 0.8548568 -0.0125375 -0.5187125 -1.44202 0.003626951 0.999828 -0.01818892 114.6458 0.5188514 0.01366758 0.8547552 0.4288504 0 0 0 1
121 1 0.8548568 -0.0125375 -0.5187125 -1.974745 0.003626951 0.999828 -0.01818892 114.6458 0.5188514 0.01366758 0.8547552 0.4288503 0 0 0 1
122 0 0.8548397 -0.01246552 -0.5187425 -1.432704 0.003587113 0.9998295 -0.01811494 114.6459 0.5188798 0.01362458 0.8547386 0.4235104 0 0 0 1
122 1 0.8548397 -0.01246552 -0.5187425 -1.965429 0.003587113 0.9998295 -0.01811494 114.6459 0.5188798 0.01362458 0.8547386 0.4235103 0 0 0 1
123 0 0.8548708 -0.01244351 -0.5186917 -1.429233 0.003535138 0.9998289 -0.01815972 114.6459 0.5188289 0.01369057 0.8547685 0.430427 0 0 0 1
123 1 0.8548708 -0.01244351 -0.5186917 -1.961958 0.003535138 0.9998289 -0.01815972 114.646 0.5188289 0.01369057 0.8547685 0.430427 0 0 0 1
124 0 0.8548421 -0.0124915 -0.5187379 -1.433899 0.003578282 0.9998283 -0.01817969 114.6459 0.518876 0.01368457 0.85474 0.4291318 0 0 0 1
124 1 0.8548421 -0.0124915 -0.5187379 -1.966624 0.003578282 0.9998283 -0.01817969 114.6459 0.518876 0.01368457 0.85474 0.4291317 0 0 0 1
125 0 0.8548305 -0.01248451 -0.5187571 -1.432629 0.003587984 0.9998288 -0.01814964 114.6459 0.5188949 0.01365358 0.854729 0.4250847 0 0 0 1
125 1 0.8548305 -0.01248451 -0.5187571 -1.965354 0.003587984 0.9998288 -0.01814964 114.6459 0.5188949 0.01365358 0.854729 0.4250847 0 0 0 1
126 0 0.8548096 -0.01245451 -0.5187923 -1.428564 0.003540841 0.9998287 -0.01816841 114.646 0.5189298 0.01369357 0.8547072 0.4290559 0 0 0 1
126 1 0.8548096 -0.01245451 -0.5187923 -1.961289 0.003540841 0.9998287 -0.01816841 114.646 0.5189298 0.01369357 0.8547072 0.4290559 0 0 0 1
127 0 0.8548052 -0.0125025 -0.5187983 -1.433221 0.003583283 0.9998281 -0.01819078 114.6459 0.5189366 0.01369057 0.8547031 0.4281289 0 0 0 1
127 1 0.8548052 -0.0125025 -0.5187983 -1.965946 0.003583283 0.9998281 -0.01819078 114.6459 0.5189366 0.01369057 0.8547031 0.428129 0 0 0 1
128 0 0.8547747 -0.0124405 -0.5188501 -1.42582 0.003495463 0.999828 -0.01821437 114.646 0.5189875 0.01375557 0.8546711 0.4347501 0 0 0 1
128 1 0.8547747 -0.0124405 -0.5188501 -1.958546 0.003495463 0.999828 -0.01821437 114.646 0.5189875 0.01375557 0.8546711 0.4347501 0 0 0 1
129 0 0.854772 -0.01242952 -0.5188549 -1.42426 0.003546705 0.9998297 -0.01810869 114.6461 0.5189916 0.01363858 0.8546705 0.4209776 0 0 0 1
129 1 0.854772 -0.01242952 -0.5188549 -1.956985 0.003546705 0.9998297 -0.01810869 114.6461 0.5189916 0.01363858 0.8546705 0.4209775 0 0 0 1
130 0 0.8547844 -0.0124555 -0.5188337 -1.42703 0.003516414 0.999828 -0.01820927 114.646 0.5189713 0.01374057 0.8546813 0.4322166 0 0 0 1
130 1 0.8547844 -0.0124555 -0.5188337 -1.959755 0.003516414 0.999828 -0.01820927 114.646 0.5189713 0.01374057 0.8546813 0.4322167 0 0 0 1
131 0 0.8547752 -0.01245351 -0.518849 -1.426473 0.003549163 0.9998289 -0.01815103 114.646 0.5189863 0.01367357 0.8546731 0.4241088 0 0 0 1
131 1 0.8547752 -0.01245351 -0.518849 -1.959198 0.003549163 0.9998289 -0.01815103 114.646 0.5189863 0.01367357 0.8546731 0.424109 0 0 0 1
132 0 0.854775 -0.01242053 -0.5188502 -1.42242 0.003547423 0.9998301 -0.01809033 114.6461 0.5189867 0.01362258 0.8546737 0.4178107 0 0 0 1
132 1 0.854775 -0.01242053 -0.5188502 -1.955145 0.003547423 0.9998301 -0.01809033 114.6461 0.5189867 0.01362258 0.8546737 0.4178107 0 0 0 1
133 0 0.8547118 -0.01248551 -0.5189527 -1.429896 0.003573263 0.9998285 -0.01816978 114.646 0.5190907 0.01367557 0.8546098 0.4235347 0 0 0 1
133 1 0.8547118 -0.01248551 -0.5189527 -1.962621 0.003573263 0.9998285 -0.01816978 114.646 0.5190907 0.01367557 0.8546098 0.4235346 0 0 0 1
134 0 0.8546944 -0.01242852 -0.5189827 -1.423613 0.003518735 0.9998291 -0.01814887 114.6461 0.5191196 0.01368557 0.854592 0.4244231 0 0 0 1
134 1 0.8546944 -0.01242852 -0.5189827 -1.956338 0.003518735 0.9998291 -0.01814887 114.6461 0.5191196 0.01368557 0.854592 0.4244231 0 0 0 1
135 0 0.8546801 -0.0124235 -0.5190063 -1.423238 0.00345372 0.9998276 -0.0182455 114.646 0.5191435 0.01380156 0.8545756 0.4371904 0 0 0 1
135 1 0.8546801 -0.0124235 -0.5190063 -1.955963 0.00345372 0.9998276 -0.0182455 114.646 0.5191435 0.01380156 0.8545756 0.4371904 0 0 0 1
136 0 0.8547025 -0.01242552 -0.5189694 -1.423525 0.003536188 0.9998296 -0.01811478 114.6461 0.5191061 0.01364758 0.8546008 0.4193646 0 0 0 1
136 1 0.8547025 -0.01242552 -0.5189694 -1.95625 0.003536188 0.9998296 -0.01811478 114.6461 0.5191061 0.01364758 0.8546008 0.4193647 0 0 0 1
137 0 0.8546957 -0.01241851 -0.5189808 -1.422804 0.003489463 0.9998287 -0.01817785 114.6461 0.5191177 0.01372557 0.8545926 0.4278481 0 0 0 1
137 1 0.8546957 -0.01241851 -0.5189808 -1.955529 0.003489463 0.9998287 -0.01817785 114.6461 0.5191177 0.01372557 0.8545926 0.4278481 0 0 0 1
138 0 0.8546805 -0.01246452 -0.5190048 -1.427809 0.003570315 0.9998292 -0.01813261 114.6461 0.5191421 0.01364458 0.854579 0.4185475 0 0 0 1
138 1 0.8546805 -0.01246452 -0.5190048 -1.960534 0.003570315 0.9998292 -0.01813261 114.6461 0.5191421 0.01364458 0.854579 0.4185474 0 0 0 1
139 0 0.8546782 -0.01236352 -0.519011 -1.416295 0.003448067 0.9998295 -0.01813917 114.6462 0.5191467 0.01371357 0.8545751 0.426317 0 0 0 1
139 1 0.8546782 -0.01236352 -0.519011 -1.94902 0.003448067 0.9998295 -0.01813917 114.6462 0.5191467 0.01371357 0.8545751 0.4263169 0 0 0 1
140 0 0.8546912 -0.01241252 -0.5189883 -1.421729 0.003511181 0.9998295 -0.01813033 114.6461 0.5191248 0.01367357 0.854589 0.421367 0 0 0 1
140 1 0.8546912 -0.01241252 -0.5189883 -1.954454 0.003511181 0.9998295 -0.01813033 114.6461 0.5191248 0.01367357 0.854589 0.4213671 0 0 0 1
141 0 0.8546634 -0.01244051 -0.5190334 -1.424878 0.003507657 0.9998284 -0.01818863 114.6461 0.5191706 0.01372457 0.8545604 0.4271536 0 0 0 1
141 1 0.8546634 -0.01244051 -0.5190334 -1.957603 0.003507657 0.9998284 -0.01818863 114.6461 0.5191706 0.01372457 0.8545604 0.4271536 0 0 0 1
142 0 0.8546656 -0.01241453 -0.5190303 -1.421724 0.003526018 0.9998298 -0.01810847 114.6462 0.5191668 0.01364658 0.854564 0.4180288 0 0 0 1
142 1 0.8546656 -0.01241453 -0.5190303 -1.954449 0.003526018 0.9998298 -0.01810847 114.6462 0.5191668 0.01364658 0.854564 0.4180288 0 0 0 1
143 0 0.8546085 -0.01232853 -0.5191264 -1.411919 0.003434416 0.9998304 -0.0180907 114.6463 0.5192614 0.01367757 0.854506 0.4212586 0 0 0 1
143 1 0.8546085 -0.01232853 -0.5191264 -1.944644 0.003434416 0.9998304 -0.0180907 114.6463 0.5192614 0.01367757 0.854506 0.4212587 0 0 0 1
144 0 0.85461 -0.01234653 -0.5191237 -1.413798 0.003455045 0.9998304 -0.01809149 114.6463 0.519259 0.01366757 0.8545076 0.4199062 0 0 0 1
144 1 0.85461 -0.01234653 -0.5191237 -1.946522 0.003455045 0.9998304 -0.01809149 114.6463 0.519259 0.01366757 0.8545076 0.4199062 0 0 0 1
145 0 0.8545953 -0.01241652 -0.5191461 -1.421604 0.003504495 0.9998292 -0.01814416 114.6462 0.5192828 0.01368657 0.8544929 0.4217419 0 0 0 1
145 1 0.8545953 -0.01241652 -0.5191461 -1.954329 0.003504495 0.9998292 -0.01814416 114.6462 0.5192828 0.01368657 0.8544929 0.421742 0 0 0 1
146 0 0.8546019 -0.01232453 -0.5191375 -1.410896 0.003421936 0.9998302 -0.0181032 114.6463 0.5192724 0.01369457 0.854499 0.4225612 0 0 0 1
146 1 0.8546019 -0.01232453 -0.5191375 -1.943621 0.003421936 0.9998302 -0.0181032 114.6463 0.5192724 0.01369457 0.854499 0.4225611 0 0 0 1
147 0 0.8545827 -0.01239754 -0.5191672 -1.418722 0.003542882 0.9998309 -0.01804381 114.6462 0.5193031 0.01358058 0.8544822 0.4095685 0 0 0 1
147 1 0.8545827 -0.01239754 -0.5191672 -1.951447 0.003542882 0.9998309 -0.01804381 114.6462 0.5193031 0.01358058 0.8544822 0.4095686 0 0 0 1
148 0 0.8546023 -0.0125115 -0.5191323 -1.431353 0.003571398 0.9998277 -0.01821736 114.646 0.5192708 0.01371457 0.8544998 0.4250773 0 0 0 1
148 1 0.8546023 -0.0125115 -0.5191323 -1.964078 0.003571398 0.9998277 -0.01821736 114.646 0.5192708 0.01371457 0.8544998 0.4250774 0 0 0 1
149 0 0.8545653 -0.0124665 -0.5191944 -1.42588 0.003531112 0.9998282 -0.01819511 114.6461 0.5193321 0.01371557 0.8544624 0.4248395 0 0 0 1
149 1 0.8545653 -0.0124665 -0.5191944 -1.958605 0.003531112 0.9998282 -0.01819511 114.6461 0.5193321 0.01371557 0.8544624 0.4248394 0 0 0 1
150 0 0.8545943 -0.01234454 -0.5191494 -1.411661 0.003455909 0.9998305 -0.01808543 114.6463 0.5192847 0.01366158 0.8544921 0.4184983 0 0 0 1
150 1 0.8545943 -0.01234454 -0.5191494 -1.944386 0.003455909 0.9998305 -0.01808543 114.6463 0.5192847 0.01366158 0.8544921 0.4184981 0 0 0 1
151 0 0.854604 -0.01239953 -0.5191321 -1.417218 0.003505855 0.9998299 -0.01810965 114.6462 0.5192684 0.01365657 0.8545021 0.4174837 0 0 0 1
151 1 0.854604 -0.01239953 -0.5191321 -1.949943 0.003505855 0.9998299 -0.01810965 114.6462 0.5192684 0.01365657 0.8545021 0.4174837 0 0 0 1
152 0 0.8545672 -0.01247151 -0.5191911 -1.425279 0.003545325 0.9998284 -0.01818145 114.6461 0.5193288 0.01369657 0.8544648 0.421735 0 0 0 1
152 1 0.8545672 -0.01247151 -0.5191911 -1.958004 0.003545325 0.9998284 -0.01818145 114.6461 0.5193288 0.01369657 0.8544648 0.4217351 0 0 0 1
153 0 0.8545985 -0.01241453 -0.5191408 -1.418631 0.003537702 0.9998302 -0.01808585 114.6462 0.5192772 0.01361958 0.8544973 0.4127874 0 0 0 1
153 1 0.8545985 -0.01241453 -0.5191408 -1.951356 0.003537702 0.9998302 -0.01808585 114.6462 0.5192772 0.01361958 0.8544973 0.4127876 0 0 0 1
154 0 0.8546422 -0.01236054 -0.5190704 -1.41183 0.00350397 0.9998311 -0.01803958 114.6463 0.5192057 0.01359858 0.8545411 0.4101087 0 0 0 1
154 1 0.8546422 -0.01236054 -0.5190704 -1.944555 0.00350397 0.9998311 -0.01803958 114.6463 0.5192057 0.01359858 0.8545411 0.4101086 0 0 0 1
155 0 0.8545887 -0.01241951 -0.5191568 -1.417817 0.003490726 0.9998288 -0.01817225 114.6462 0.5192937 0.01371757 0.8544858 0.4237016 0 0 0 1
155 1 0.8545887 -0.01241951 -0.5191568 -1.950542 0.003490726 0.9998288 -0.01817225 114.6462 0.5192937 0.01371757 0.8544858 0.4237015 0 0 0 1
156 0 0.8546202 -0.01243152 -0.5191048 -1.418628 0.003520783 0.9998291 -0.01814751 114.6462 0.5192417 0.01368157 0.8545179 0.4197866 0 0 0 1
156 1 0.8546202 -0.01243152 -0.5191048 -1.951353 0.003520783 0.9998291 -0.01814751 114.6462 0.5192417 0.01368157 0.8545179 0.4197866 0 0 0 1
157 0 0.8545091 -0.01241152 -0.5192882 -1.41556 0.003499805 0.9998294 -0.01813788 114.6462 0.5194247 0.01368158 0.8544067 0.4202672 0 0 0 1
157 1 0.8545091 -0.01241152 -0.5192882 -1.948286 0.003499805 0.9998294 -0.01813788 114.6462 0.5194247 0.01368158 0.8544067 0.4202672 0 0 0 1
158 0 0.8545663 -0.01243853 -0.5191934 -1.417789 0.003548262 0.9998296 -0.01811307 114.6462 0.5193302 0.01363658 0.8544649 0.4154263 0 0 0 1
158 1 0.8545663 -0.01243853 -0.5191934 -1.950514 0.003548262 0.9998296 -0.01811307 114.6462 0.5193302 0.01363658 0.8544649 0.4154263 0 0 0 1
159 0 0.8545778 -0.01235153 -0.5191764 -1.407482 0.003453525 0.9998302 -0.01810199 114.6463 0.5193118 0.01367657 0.8544754 0.4207683 0 0 0 1
159 1 0.8545778 -0.01235153 -0.5191764 -1.940207 0.003453525 0.9998302 -0.01810199 114.6463 0.5193118 0.01367657 0.8544754 0.4207683 0 0 0 1
160 0 0.8545476 -0.01240155 -0.5192251 -1.413231 0.003570019 0.9998315 -0.01800512 114.6463 0.5193608 0.01353259 0.8544479 0.4048291 0 0 0 1
160 1 0.8545476 -0.01240155 -0.5192251 -1.945956 0.003570019 0.9998315 -0.01800512 114.6463 0.5193608 0.01353259 0.8544479 0.4048291 0 0 0 1
161 0 0.8545399 -0.01230856 -0.51924 -1.402618 0.003473121 0.9998322 -0.01798508 114.6464 0.5193742 0.01356559 0.8544393 0.409051 0 0 0 1
161 1 0.8545399 -0.01230856 -0.51924 -1.935343 0.003473121 0.9998322 -0.01798508 114.6464 0.5193742 0.01356559 0.8544393 0.4090509 0 0 0 1
162 0 0.8545327 -0.01241553 -0.5192492 -1.414601 0.003525873 0.9998299 -0.01810391 114.6462 0.5193857 0.01363958 0.8544311 0.4178118 0 0 0 1
162 1 0.8545327 -0.01241553 -0.5192492 -1.947326 0.003525873 0.9998299 -0.01810391 114.6462 0.5193857 0.01363958 0.8544311 0.4178118 0 0 0 1
163 0 0.8545452 -0.01243355 -0.519228 -1.416933 0.003607678 0.9998314 -0.01800466 114.6462 0.5193644 0.01351259 0.8544461 0.4041639 0 0 0 1
163 1 0.8545452 -0.01243355 -0.519228 -1.949658 0.003607678 0.9998314 -0.01800466 114.6462 0.5193644 0.01351259 0.8544461 0.4041638 0 0 0 1
164 0 0.8545176 -0.01237655 -0.5192751 -1.41044 0.003551249 0.9998319 -0.01798636 114.6463 0.5194104 0.01352559 0.8544179 0.4055707 0 0 0 1
164 1 0.8545176 -0.01237655 -0.5192751 -1.943165 0.003551249 0.9998319 -0.01798636 114.6463 0.5194104 0.01352559 0.8544179 0.4055707 0 0 0 1
165 0 0.8545068 -0.01238255 -0.5192926 -1.411498 0.003545091 0.9998316 -0.01800749 114.6463 0.5194281 0.01354659 0.8544068 0.4081108 0 0 0 1
165 1 0.8545068 -0.01238255 -0.5192926 -1.944223 0.003545091 0.9998316 -0.01800749 114.6463 0.5194281 0.01354659 0.8544068 0.4081108 0 0 0 1
166 0 0.8545089 -0.01238654 -0.519289 -1.411847 0.003541827 0.9998313 -0.01802066 114.6463 0.5194247 0.01355959 0.8544087 0.4099105 0 0 0 1
166 1 0.8545089 -0.01238654 -0.519289 -1.944572 0.003541827 0.9998313 -0.01802066 114.6463 0.5194247 0.01355959 0.8544087 0.4099104 0 0 0 1
167 0 0.8544959 -0.01237456 -0.5193108 -1.410607 0.003578409 0.9998327 -0.01793677 114.6463 0.5194458 0.01346859 0.8543973 0.3997257 0 0 0 1
167 1 0.8544959 -0.01237456 -0.5193108 -1.943332 0.003578409 0.9998327 -0.01793677 114.6463 0.5194458 0.01346859 0.8543973 0.3997256 0 0 0 1
168 0 0.8545023 -0.01234655 -0.5193009 -1.407697 0.003507413 0.9998319 -0.01799994 114.6463 0.5194359 0.01355959 0.8544019 0.410169 0 0 0 1
168 1 0.8545023 -0.01234655 -0.5193009 -1.940422 0.003507413 0.9998319 -0.01799994 114.6463 0.5194359 0.01355959 0.8544019 0.4101689 0 0 0 1
169 0 0.8544965 -0.01233556 -0.5193107 -1.406635 0.003511841 0.9998323 -0.0179712 114.6464 0.5194453 0.01353259 0.8543966 0.4070213 0 0 0 1
169 1 0.8544965 -0.01233556 -0.5193107 -1.93936 0.003511841 0.9998323 -0.0179712 114.6464 0.5194453 0.01353259 0.8543966 0.4070213 0 0 0 1
170 0 0.8545127 -0.01233855 -0.519284 -1.407867 0.003510805 0.9998322 -0.01797948 114.6463 0.5194187 0.01354059 0.8544126 0.4083407 0 0 0 1
170 1 0.8545127 -0.01233855 -0.519284 -1.940592 0.003510805 0.9998322 -0.01797948 114.6463 0.5194187 0.01354059 0.8544126 0.4083407 0 0 0 1
171 0 0.8544934 -0.01235355 -0.5193154 -1.40985 0.003519844 0.9998319 -0.01799253 114.6463 0.5194503 0.01354659 0.8543932 0.4091528 0 0 0 1
171 1 0.8544934 -0.01235355 -0.5193154 -1.942575 0.003519844 0.9998319 -0.01799253 114.6463 0.5194503 0.01354659 0.8543932 0.4091529 0 0 0 1
172 0 0.8545197 -0.01228656 -0.5192738 -1.402603 0.003456217 0.9998326 -0.01796952 114.6464 0.5194076 0.01356059 0.8544191 0.4108208 0 0 0 1
172 1 0.8545197 -0.01228656 -0.5192738 -1.935328 0.003456217 0.9998326 -0.01796952 114.6464 0.5194076 0.01356059 0.8544191 0.4108208 0 0 0 1
173 0 0.8544769 -0.01232956 -0.5193431 -1.407399 0.003497719 0.9998322 -0.01798188 114.6463 0.5194777 0.01354859 0.8543766 0.4091655 0 0 0 1
173 1 0.8544769 -0.01232956 -0.5193431 -1.940124 0.003497719 0.9998322 -0.01798188 114.6463 0.5194777 0.01354859 0.8543766 0.4091656 0 0 0 1
174 0 0.8545004 -0.01231657 -0.5193048 -1.407162 0.003523797 0.9998333 -0.01791517 114.6464 0.5194389 0.01347859 0.8544014 0.4027279 0 0 0 1
174 1 0.8545004 -0.01231657 -0.5193048 -1.939887 0.003523797 0.9998333 -0.01791517 114.6464 0.5194389 0.01347859 0.8544014 0.4027279 0 0 0 1
175 0 0.8544405 -0.01225158 -0.5194048 -1.400669 0.00345735 0.9998339 -0.01789634 114.6464 0.5195377 0.01349559 0.8543409 0.4055379 0 0 0 1
175 1 0.8544405 -0.01225158 -0.5194048 -1.933394 0.00345735 0.9998339 -0.01789634 114.6464 0.5195377 0.01349559 0.8543409 0.4055379 0 0 0 1
176 0 0.8544369 -0.01227559 -0.5194103 -1.404565 0.003513594 0.9998345 -0.01784988 114.6464 0.5195434 0.0134266 0.8543386 0.399023 0 0 0 1
176 1 0.8544369 -0.01227559 -0.5194103 -1.93729 0.003513594 0.9998345 -0.01784988 114.6464 0.5195434 0.0134266 0.8543386 0.399023 0 0 0 1
177 0 0.8544242 -0.01234257 -0.5194293 -1.412493 0.003553266 0.9998332 -0.01791296 114.6462 0.5195638 0.0134596 0.8543257 0.4036686 0 0 0 1
177 1 0.8544242 -0.01234257 -0.5194293 -1.945218 0.003553266 0.9998332 -0.01791296 114.6463 0.5195638 0.0134596 0.8543257 0.4036686 0 0 0 1
178 0 0.8544076 -0.01234966 -0.5194566 -1.413733 0.003862737 0.9998409 -0.01741694 114.6465 0.519589 0.01287464 0.8543193 0.3347133 0 0 0 1
178 1 0.8544076 -0.01234966 -0.5194566 -1.946458 0.003862737 0.9998409 -0.01741694 114.6465 0.519589 0.01287464 0.8543193 0.3347133 0 0 0 1
179 0 0.8544022 -0.01218581 -0.5194693 -1.393593 0.004129389 0.9998527 -0.01666287 114.647 0.5195958 0.01209171 0.8543266 0.2370935 0 0 0 1
179 1 0.8544022 -0.01218581 -0.5194693 -1.926318 0.004129389 0.9998527 -0.01666287 114.647 0.5195958 0.01209171 0.8543266 0.2370936 0 0 0 1
180 0 0.8543994 -0.01225083 -0.5194724 -1.39761 0.004307507 0.9998547 -0.01649504 114.6472 0.519599 0.01185572 0.854328 0.1970396 0 0 0 1
180 1 0.8543994 -0.01225083 -0.5194724 -1.930335 0.004307507 0.9998547 -0.01649504 114.6472 0.519599 0.01185572 0.854328 0.1970395 0 0 0 1
181 0 0.8544649 -0.01197385 -0.519371 -1.362471 0.00397985 0.9998559 -0.01650358 114.6478 0.5194938 0.01203471 0.8543894 0.1987905 0 0 0 1
181 1 0.8544649 -0.01197385 -0.519371 -1.895196 0.00397985 0.9998559 -0.01650358 114.6478 0.5194938 0.01203471 0.8543894 0.1987904 0 0 0 1
182 0 0.8544247 -0.01147191 -0.5194486 -1.299322 0.003513729 0.9998609 -0.01630209 114.6488 0.5195634 0.0121037 0.8543462 0.1810289 0 0 0 1
182 1 0.8544247 -0.01147191 -0.5194486 -1.832047 0.003513729 0.9998609 -0.01630209 114.6488 0.5195634 0.0121037 0.8543462 0.1810288 0 0 0 1
183 0 0.854456 -0.01123996 -0.5194022 -1.26647 0.003376733 0.999865 -0.01608227 114.6496 0.5195128 0.01198771 0.8543786 0.1403661 0 0 0 1
183 1 0.854456 -0.01123996 -0.5194022 -1.799196 0.003376733 0.999865 -0.01608227 114.6496 0.5195128 0.01198771 0.8543786 0.1403661 0 0 0 1
184 0 0.8544835 -0.01094803 -0.5193631 -1.224745 0.00325899 0.9998712 -0.01571514 114.6505 0.5194682 0.01173573 0.8544092 0.07707998 0 0 0 1
184 1 0.8544835 -0.01094803 -0.5193631 -1.75747 0.00325899 0.9998712 -0.01571514 114.6504 0.5194682 0.01173573 0.8544092 0.07708001 0 0 0 1
185 0 0.8543992 -0.01080111 -0.5195049 -1.199423 0.003384982 0.9998784 -0.01522155 114.6511 0.5196061 0.01124676 0.8543319 -0.0142068 0 0 0 1
185 1 0.8543992 -0.01080111 -0.5195049 -1.732147 0.003384982 0.9998784 -0.01522155 114.6511 0.5196061 0.01124676 0.8543319 -0.01420689 0 0 0 1
186 0 0.8543406 -0.01120817 -0.5195928 -1.235145 0.004205629 0.9998838 -0.01465344 114.6511 0.5196966 0.01033382 0.8542884 -0.1595007 0 0 0 1
186 1 0.8543406 -0.01120817 -0.5195928 -1.76787 0.004205629 0.9998838 -0.01465344 114.6511 0.5196966 0.01033382 0.8542884 -0.1595007 0 0 0 1
187 0 0.8542981 -0.0117863 -0.5196497 -1.286408 0.005643971 0.9998943 -0.01340022 114.6505 0.5197527 0.008514897 0.8542743 -0.421253 0 0 0 1
187 1 0.8542981 -0.0117863 -0.5196497 -1.819133 0.005643971 0.9998943 -0.01340022 114.6505 0.5197527 0.008514897 0.8542743 -0.421253 0 0 0 1
188 0 0.8540285 -0.01246742 -0.5200768 -1.347138 0.007295225 0.9999015 -0.01199027 114.6491 0.520175 0.006445955 0.8540354 -0.7188847 0 0 0 1
188 1 0.8540285 -0.01246742 -0.5200768 -1.879863 0.007295225 0.9999015 -0.01199027 114.6491 0.520175 0.006445955 0.8540354 -0.7188846 0 0 0 1
189 0 0.8536342 -0.01280051 -0.5207157 -1.364841 0.008468511 0.9999069 -0.0106974 114.6479 0.5208042 0.004721983 0.8536631 -0.9903747 0 0 0 1
189 1 0.8536342 -0.01280051 -0.5207157 -1.897566 0.008468511 0.9999069 -0.0106974 114.6479 0.5208042 0.004721983 0.8536631 -0.9903747 0 0 0 1
190 0 0.8529991 -0.01287455 -0.5217536 -1.345978 0.008978426 0.9999098 -0.009994755 114.6476 0.5218351 0.003840991 0.8530377 -1.191351 0 0 0 1
190 1 0.8529991 -0.01287455 -0.5217536 -1.878703 0.008978426 0.9999098 -0.009994755 114.6476 0.5218351 0.003840991 0.8530377 -1.191351 0 0 0 1
191 0 0.8523639 -0.01291955 -0.5227895 -1.321034 0.009062154 0.9999096 -0.009935416 114.6482 0.5228706 0.003730991 0.8524039 -1.311923 0 0 0 1
191 1 0.8523639 -0.01291955 -0.5227895 -1.853759 0.009062154 0.9999096 -0.009935416 114.6482 0.5228706 0.003730991 0.8524039 -1.311923 0 0 0 1
192 0 0.8515238 -0.01314352 -0.5241511 -1.310784 0.009149414 0.999906 -0.01020954 114.6491 0.524236 0.00389799 0.851564 -1.417958 0 0 0 1
192 1 0.8515238 -0.01314352 -0.5241511 -1.843509 0.009149414 0.999906 -0.01020954 114.6491 0.524236 0.00389799 0.851564 -1.417958 0 0 0 1
193 0 0.8504528 -0.01316156 -0.5258867 -1.268379 0.009571561 0.9999086 -0.009546151 114.6489 0.5259643 0.003084995 0.8505011 -1.667622 0 0 0 1
193 1 0.8504528 -0.01316156 -0.5258867 -1.801104 0.009571561 0.9999086 -0.009546151 114.6489 0.5259643 0.003084995 0.8505011 -1.667622 0 0 0 1
194 0 0.8493713 -0.01298761 -0.5276359 -1.20291 0.01006701 0.999914 -0.00840706 114.6479 0.5276997 0.001828999 0.849429 -1.972627 0 0 0 1
194 1 0.8493713 -0.01298761 -0.5276359 -1.735635 0.01006701 0.999914 -0.00840706 114.6478 0.5276997 0.001828999 0.849429 -1.972627 0 0 0 1
195 0 0.8479642 -0.01230169 -0.5299108 -1.068635 0.009928152 0.9999239 -0.007325822 114.6477 0.5299606 0.0009509996 0.8480217 -2.270721 0 0 0 1
195 1 0.8479642 -0.01230169 -0.5299108 -1.60136 0.009928152 0.9999239 -0.007325822 114.6477 0.5299606 0.0009509996 0.8480217 -2.270721 0 0 0 1
196 0 0.8465787 -0.01179673 -0.5321329 -0.954398 0.01008441 0.9999304 -0.006123764 114.6462 0.5321681 -0.000182 0.8466387 -2.599633 0 0 0 1
196 1 0.8465787 -0.01179673 -0.5321329 -1.487123 0.01008441 0.9999304 -0.006123764 114.6462 0.5321681 -0.000182 0.8466387 -2.599633 0 0 0 1
197 0 0.8451038 -0.01189171 -0.53447 -0.9007606 0.01084957 0.9999282 -0.005092594 114.6431 0.5344922 -0.001495 0.8451721 -2.968996 0 0 0 1
197 1 0.8451038 -0.01189171 -0.53447 -1.433485 0.01084957 0.9999282 -0.005092594 114.6431 0.5344922 -0.001495 0.8451721 -2.968996 0 0 0 1
198 0 0.8432347 -0.01254559 -0.5373993 -0.8970135 0.01254575 0.9999146 -0.003657444 114.6358 0.5373993 -0.003657992 0.84332 -3.481212 0 0 0 1
198 1 0.8432347 -0.01254559 -0.5373993 -1.429738 0.01254575 0.9999146 -0.003657444 114.6358 0.5373993 -0.003657992 0.84332 -3.481212 0 0 0 1
199 0 0.8414747 -0.01264853 -0.5401486 -0.829514 0.01314057 0.9999093 -0.002943493 114.6321 0.5401368 -0.004620984 0.8415646 -3.856697 0 0 0 1
199 1 0.8414747 -0.01264853 -0.5401486 -1.362239 0.01314057 0.9999093 -0.002943493 114.6321 0.5401368 -0.004620984 0.8415646 -3.856697 0 0 0 1
200 0 0.8395879 -0.01237353 -0.5430828 -0.7114992 0.01307854 0.9999112 -0.002562866 114.6307 0.5430663 -0.00495098 0.8396752 -4.182454 0 0 0 1
200 1 0.8395879 -0.01237353 -0.5430828 -1.244224 0.01307854 0.9999112 -0.002562866 114.6307 0.5430663 -0.00495098 0.8396752 -4.182455 0 0 0 1
201 0 0.8374719 -0.01118662 -0.546366 -0.474287 0.01212625 0.9999247 -0.0018859 114.6304 0.5463459 -0.005045979 0.8375444 -4.537029 0 0 0 1
201 1 0.8374719 -0.01118662 -0.546366 -1.007012 0.01212625 0.9999247 -0.0018859 114.6304 0.5463459 -0.005045979 0.8375444 -4.537029 0 0 0 1
202 0 0.8356295 -0.01096973 -0.549184 -0.3475004 0.01089837 0.9999349 -0.003390513 114.639 0.5491854 -0.003151995 0.8356946 -4.655274 0 0 0 1
202 1 0.8356295 -0.01096973 -0.549184 -0.8802253 0.01089837 0.9999349 -0.003390513 114.639 0.5491854 -0.003151995 0.8356946 -4.655274 0 0 0 1
203 0 0.8338075 -0.01151273 -0.5519353 -0.2897792 0.01054064 0.9999323 -0.004933698 114.6461 0.5519547 -0.001704 0.8338724 -4.883734 0 0 0 1
203 1 0.8338075 -0.01151273 -0.5519353 -0.8225042 0.01054064 0.9999323 -0.004933698 114.6461 0.5519547 -0.001704 0.8338724 -4.883734 0 0 0 1
204 0 0.8325343 -0.0106678 -0.5538708 -0.08194411 0.009279532 0.9999428 -0.005311087 114.652 0.5538958 -0.0007180001 0.8325857 -5.148464 0 0 0 1
204 1 0.8325343 -0.0106678 -0.5538708 -0.6146691 0.009279532 0.9999428 -0.005311087 114.652 0.5538958 -0.0007180001 0.8325857 -5.148464 0 0 0 1
205 0 0.8317423 -0.008423891 -0.5550979 0.2845954 0.006209016 0.9999635 -0.005871544 114.6642 0.5551271 0.001436999 0.8317643 -5.295783 0 0 0 1
205 1 0.8317423 -0.008423891 -0.5550979 -0.2481295 0.006209016 0.9999635 -0.005871544 114.6642 0.5551271 0.001436999 0.8317643 -5.295783 0 0 0 1
206 0 0.8313857 -0.006763919 -0.5556547 0.5956405 0.003985943 0.9999728 -0.006208675 114.6736 0.5556815 0.002946996 0.83139 -5.568511 0 0 0 1
206 1 0.8313857 -0.006763919 -0.5556547 0.06291556 0.003985943 0.9999728 -0.006208675 114.6736 0.5556815 0.002946996 0.83139 -5.568511 0 0 0 1
207 0 0.8316617 -0.005978924 -0.5552505 0.7945427 0.002893013 0.9999751 -0.006434513 114.6797 0.5552751 0.003744991 0.8316583 -5.893409 0 0 0 1
207 1 0.8316617 -0.005978924 -0.5552505 0.2618175 0.002893013 0.9999751 -0.006434513 114.6797 0.5552751 0.003744991 0.8316583 -5.893409 0 0 0 1
208 0 0.832533 -0.005845903 -0.5539446 0.9157541 0.002286585 0.999972 -0.007116384 114.6875 0.5539708 0.004657983 0.8325231 -6.215954 0 0 0 1
208 1 0.832533 -0.005845903 -0.5539446 0.383029 0.002286585 0.999972 -0.007116384 114.6875 0.5539708 0.004657983 0.8325231 -6.215953 0 0 0 1
209 0 0.8340405 -0.005102912 -0.5516796 1.112726 0.001432478 0.9999739 -0.007083884 114.6927 0.5517013 0.005117978 0.8340261 -6.645593 0 0 0 1
209 1 0.8340405 -0.005102912 -0.5516796 0.5800011 0.001432478 0.9999739 -0.007083884 114.6927 0.5517013 0.005117978 0.8340261 -6.645593 0 0 0 1
210 0 0.8363218 -0.003836941 -0.5482256 1.349137 0.0004014069 0.9999796 -0.006386345 114.6939 0.5482388 0.005120978 0.8363062 -7.096745 0 0 0 1
210 1 0.8363218 -0.003836941 -0.5482256 0.8164117 0.0004014069 0.9999796 -0.006386345 114.6939 0.5482388 0.005120978 0.8363062 -7.096745 0 0 0 1
211 0 0.8394209 -0.00258896 -0.5434758 1.573173 -0.0007371152 0.9999823 -0.00590213 114.6964 0.5434815 0.005354975 0.8394041 -7.534005 0 0 0 1
211 1 0.8394209 -0.00258896 -0.5434758 1.040447 -0.0007371152 0.9999823 -0.00590213 114.6964 0.5434815 0.005354975 0.8394041 -7.534005 0 0 0 1
212 0 0.8438684 -0.0004949915 -0.5365499 1.886584 -0.00270393 0.999983 -0.005175184 114.6995 0.5365434 0.005817967 0.8438527 -8.008047 0 0 0 1
212 1 0.8438684 -0.0004949915 -0.5365499 1.353859 -0.00270393 0.999983 -0.005175184 114.6995 0.5365434 0.005817967 0.8438527 -8.008047 0 0 0 1
213 0 0.8493909 0.001645977 -0.5277617 2.172773 -0.004154555 0.999985 -0.003567688 114.6929 0.5277479 0.005222976 0.849385 -8.571834 0 0 0 1
213 1 0.8493909 0.001645977 -0.5277617 1.640048 -0.004154555 0.999985 -0.003567688 114.6929 0.5277479 0.005222976 0.849385 -8.571835 0 0 0 1
214 0 0.8567975 0.004850937 -0.5156302 2.55814 -0.006347755 0.9999792 -0.001140167 114.6793 0.515614 0.004249987 0.8568105 -9.247465 0 0 0 1
214 1 0.8567975 0.004850937 -0.5156302 2.025416 -0.006347755 0.9999792 -0.001140167 114.6793 0.515614 0.004249987 0.8568105 -9.247465 0 0 0 1
215 0 0.8646042 0.007834842 -0.5023924 2.889657 -0.009017492 0.9999593 7.556332E-05 114.6756 0.5023726 0.004464986 0.8646398 -9.752863 0 0 0 1
215 1 0.8646042 0.007834842 -0.5023924 2.356932 -0.009017492 0.9999593 7.556332E-05 114.6756 0.5023726 0.004464986 0.8646398 -9.752862 0 0 0 1
216 0 0.8734624 0.008952717 -0.4868093 2.979981 -0.01076253 0.9999416 -0.000921237 114.6912 0.4867727 0.006043963 0.8735078 -10.11811 0 0 0 1
216 1 0.8734624 0.008952717 -0.4868093 2.447256 -0.01076253 0.9999416 -0.000921237 114.6912 0.4867727 0.006043963 0.8735078 -10.11811 0 0 0 1
217 0 0.8832966 0.009391611 -0.4687206 2.961835 -0.01172703 0.9999291 -0.002064127 114.7074 0.4686679 0.007319935 0.8833441 -10.53246 0 0 0 1
217 1 0.8832966 0.009391611 -0.4687206 2.42911 -0.01172703 0.9999291 -0.002064127 114.7074 0.4686679 0.007319935 0.8833441 -10.53246 0 0 0 1
218 0 0.8948798 0.01037148 -0.4461868 2.958241 -0.01286332 0.999914 -0.00255618 114.7182 0.4461219 0.008026916 0.8949363 -11.08301 0 0 0 1
218 1 0.8948798 0.01037148 -0.4461868 2.425517 -0.01286332 0.999914 -0.00255618 114.7182 0.4461219 0.008026916 0.8949363 -11.08301 0 0 0 1
219 0 0.9060128 0.01330694 -0.4230412 3.144386 -0.01628063 0.9998616 -0.003416574 114.7383 0.4229372 0.009982834 0.906104 -11.44829 0 0 0 1
219 1 0.9060128 0.01330694 -0.4230412 2.611661 -0.01628063 0.9998616 -0.003416574 114.7383 0.4229372 0.009982834 0.906104 -11.44829 0 0 0 1
220 0 0.917716 0.01329363 -0.3970146 2.947799 -0.01702838 0.9998377 -0.005883284 114.7729 0.396872 0.0121597 0.9177935 -11.79833 0 0 0 1
220 1 0.917716 0.01329363 -0.3970146 2.415074 -0.01702838 0.9998377 -0.005883284 114.7729 0.396872 0.0121597 0.9177935 -11.79833 0 0 0 1
221 0 0.9304334 0.01435418 -0.3661797 2.815835 -0.01834289 0.9998043 -0.007415669 114.7995 0.3660016 0.01361658 0.9305146 -12.29766 0 0 0 1
221 1 0.9304334 0.01435418 -0.3661797 2.28311 -0.01834289 0.9998043 -0.007415669 114.7995 0.3660016 0.01361658 0.9305146 -12.29766 0 0 0 1
222 0 0.9418456 0.01421998 -0.3357449 2.523507 -0.01834195 0.9997903 -0.009108978 114.8265 0.3355449 0.01473747 0.9419089 -12.77927 0 0 0 1
222 1 0.9418456 0.01421998 -0.3357449 1.990783 -0.01834195 0.9997903 -0.009108978 114.8265 0.3355449 0.01473747 0.9419089 -12.77927 0 0 0 1
223 0 0.9538326 0.01318273 -0.3000492 2.056358 -0.01765088 0.9997699 -0.01218564 114.8727 0.2998196 0.01691919 0.9538459 -13.20159 0 0 0 1
223 1 0.9538326 0.01318273 -0.3000492 1.523633 -0.01765088 0.9997699 -0.01218564 114.8727 0.2998196 0.01691919 0.9538459 -13.20159 0 0 0 1
224 0 0.9636735 0.01067307 -0.2668699 1.429416 -0.01508289 0.9997814 -0.01447986 114.9059 0.266657 0.01797903 0.9636238 -13.68629 0 0 0 1
224 1 0.9636735 0.01067307 -0.2668699 0.8966918 -0.01508289 0.9997814 -0.01447986 114.9059 0.266657 0.01797903 0.9636238 -13.68629 0 0 0 1
225 0 0.9725792 0.009750369 -0.2323673 0.9489841 -0.01352725 0.9998009 -0.01466599 114.9134 0.232178 0.01740713 0.9725175 -14.35078 0 0 0 1
225 1 0.9725792 0.009750369 -0.2323673 0.4162593 -0.01352725 0.9998009 -0.01466599 114.9134 0.232178 0.01740713 0.9725175 -14.35078 0 0 0 1
226 0 0.9812768 0.01128413 -0.1922719 0.6541927 -0.01433912 0.999792 -0.01450475 114.9222 0.1920682 0.01699019 0.9812345 -15.04798 0 0 0 1
226 1 0.9812768 0.01128413 -0.1922719 0.1214676 -0.01433912 0.999792 -0.01450475 114.9222 0.1920682 0.01699019 0.9812345 -15.04798 0 0 0 1
227 0 0.9878852 0.01113429 -0.1547863 0.1774604 -0.0135206 0.9998053 -0.0143726 114.9262 0.1545961 0.01629128 0.9878435 -15.70416 0 0 0 1
227 1 0.9878852 0.01113429 -0.1547863 -0.3552651 -0.0135206 0.9998053 -0.0143726 114.9262 0.1545961 0.01629128 0.9878435 -15.70416 0 0 0 1
228 0 0.9932029 0.009889806 -0.1159752 -0.4646761 -0.01149903 0.9998466 -0.01321472 114.9104 0.1158267 0.0144585 0.9931642 -16.47371 0 0 0 1
228 1 0.9932029 0.009889806 -0.1159752 -0.9974012 -0.01149903 0.9998466 -0.01321472 114.9104 0.1158267 0.0144585 0.9931642 -16.47371 0 0 0 1
229 0 0.9972845 0.01291602 -0.07250331 -0.7075639 -0.01402943 0.999791 -0.01486853 114.9512 0.07229611 0.01584534 0.9972574 -16.91605 0 0 0 1
229 1 0.9972845 0.01291602 -0.07250331 -1.240289 -0.01402943 0.999791 -0.01486853 114.9512 0.07229611 0.01584534 0.9972574 -16.91604 0 0 0 1
230 0 0.9993186 0.01732716 -0.03258992 -0.7664416 -0.01791911 0.9996781 -0.0179602 115.0179 0.03226823 0.01853194 0.9993075 -17.13875 0 0 0 1
230 1 0.9993186 0.01732716 -0.03258992 -1.299167 -0.01791911 0.9996781 -0.0179602 115.0179 0.03226823 0.01853194 0.9993075 -17.13875 0 0 0 1
231 0 0.9997514 0.01907148 0.01154923 -1.210005 -0.01881878 0.9995894 -0.02160708 115.0919 -0.01195657 0.02138437 0.9996998 -17.37471 0 0 0 1
231 1 0.9997514 0.01907148 0.01154923 -1.74273 -0.01881878 0.9995894 -0.02160708 115.0919 -0.01195657 0.02138437 0.9996998 -17.3747 0 0 0 1
232 0 0.9984139 0.02163862 0.05197649 -1.526567 -0.02041108 0.9995028 -0.02403301 115.1459 -0.05247068 0.02293399 0.9983591 -17.68756 0 0 0 1
232 1 0.9984139 0.02163862 0.05197649 -2.059292 -0.02041108 0.9995028 -0.02403301 115.1459 -0.05247068 0.02293399 0.9983591 -17.68756 0 0 0 1
233 0 0.99536 0.02373836 0.09324696 -1.934642 -0.02146191 0.9994485 -0.02534075 115.1803 -0.09379708 0.02322191 0.9953205 -18.12074 0 0 0 1
233 1 0.99536 0.02373836 0.09324696 -2.467367 -0.02146191 0.9994485 -0.02534075 115.1802 -0.09379708 0.02322191 0.9953205 -18.12074 0 0 0 1
234 0 0.9900216 0.02461935 0.1387482 -2.570332 -0.02102707 0.9994062 -0.02729752 115.2278 -0.1393379 0.02410766 0.9899514 -18.50483 0 0 0 1
234 1 0.9900216 0.02461935 0.1387482 -3.103057 -0.02102707 0.9994062 -0.02729752 115.2278 -0.1393379 0.02410766 0.9899514 -18.50483 0 0 0 1
235 0 0.9834608 0.02443131 0.1794659 -3.269279 -0.01965205 0.9994045 -0.02836052 115.2589 -0.180052 0.02436459 0.9833553 -18.89487 0 0 0 1
235 1 0.9834608 0.02443131 0.1794659 -3.802004 -0.01965205 0.9994045 -0.02836052 115.2589 -0.180052 0.02436459 0.9833553 -18.89487 0 0 0 1
236 0 0.9751905 0.02532383 0.2199139 -3.860907 -0.01900699 0.9993451 -0.03079298 115.3176 -0.2205497 0.02584912 0.9750332 -19.1218 0 0 0 1
236 1 0.9751905 0.02532383 0.2199139 -4.393631 -0.01900699 0.9993451 -0.03079298 115.3176 -0.2205497 0.02584912 0.9750332 -19.1218 0 0 0 1
237 0 0.9642334 0.02478867 0.263893 -4.697507 -0.01687049 0.9993381 -0.0322296 115.3606 -0.2645172 0.02662485 0.9640133 -19.44642 0 0 0 1
237 1 0.9642334 0.02478867 0.263893 -5.230232 -0.01687049 0.9993381 -0.0322296 115.3606 -0.2645172 0.02662485 0.9640133 -19.44642 0 0 0 1
238 0 0.9527162 0.02436649 0.3028832 -5.450041 -0.01449036 0.9992888 -0.03481196 115.4277 -0.303516 0.02877703 0.9523917 -19.55897 0 0 0 1
238 1 0.9527162 0.02436649 0.3028832 -5.982766 -0.01449036 0.9992888 -0.03481196 115.4277 -0.303516 0.02877703 0.9523917 -19.55896 0 0 0 1
239 0 0.9395368 0.02432441 0.341583 -6.176107 -0.01248379 0.9992439 -0.03681985 115.4856 -0.3422203 0.03032936 0.9391301 -19.72048 0 0 0 1
239 1 0.9395368 0.02432441 0.341583 -6.708833 -0.01248379 0.9992439 -0.03681985 115.4857 -0.3422203 0.03032936 0.9391301 -19.72048 0 0 0 1
240 0 0.9231617 0.02540185 0.3835716 -6.864635 -0.01194224 0.9992278 -0.03743138 115.5164 -0.3842263 0.02997451 0.9227523 -20.11237 0 0 0 1
240 1 0.9231617 0.02540185 0.3835716 -7.397361 -0.01194224 0.9992278 -0.03743138 115.5164 -0.3842263 0.02997451 0.9227523 -20.11237 0 0 0 1
241 0 0.9070436 0.03021119 0.4199514 -7.038369 -0.01545704 0.9991393 -0.0384925 115.5477 -0.4207529 0.02842317 0.9067299 -20.60271 0 0 0 1
241 1 0.9070436 0.03021119 0.4199514 -7.571095 -0.01545704 0.9991393 -0.0384925 115.5477 -0.4207529 0.02842317 0.9067299 -20.60271 0 0 0 1
242 0 0.8896674 0.02924707 0.4556715 -7.879766 -0.01486615 0.9992728 -0.03511272 115.4868 -0.4563671 0.02446456 0.8894552 -21.35339 0 0 0 1
242 1 0.8896674 0.02924707 0.4556715 -8.41249 -0.01486615 0.9992728 -0.03511272 115.4868 -0.4563671 0.02446456 0.8894552 -21.35339 0 0 0 1
243 0 0.8696713 0.02687545 0.492899 -8.925296 -0.01357235 0.9994411 -0.03054773 115.3957 -0.4934445 0.01987669 0.8695501 -22.20295 0 0 0 1
243 1 0.8696713 0.02687545 0.492899 -9.45802 -0.01357235 0.9994411 -0.03054773 115.3957 -0.4934445 0.01987669 0.8695501 -22.20295 0 0 0 1
244 0 0.8504619 0.03121176 0.5251099 -9.126152 -0.0179571 0.999379 -0.03031849 115.381 -0.5257301 0.01635527 0.8504942 -22.89861 0 0 0 1
244 1 0.8504619 0.03121176 0.5251099 -9.658877 -0.0179571 0.999379 -0.03031849 115.381 -0.5257301 0.01635527 0.8504942 -22.89861 0 0 0 1
245 0 0.8286421 0.0300588 0.5589712 -10.00711 -0.01616857 0.9994258 -0.02977538 115.3814 -0.5595453 0.01563537 0.8286523 -23.3008 0 0 0 1
245 1 0.8286421 0.0300588 0.5589712 -10.53984 -0.01616857 0.9994258 -0.02977538 115.3814 -0.5595453 0.01563537 0.8286523 -23.3008 0 0 0 1
246 0 0.8094721 0.03207236 0.5862818 -10.38485 -0.01653908 0.9993563 -0.03183417 115.4362 -0.5869254 0.01607231 0.8094815 -23.57244 0 0 0 1
246 1 0.8094721 0.03207236 0.5862818 -10.91758 -0.01653908 0.9993563 -0.03183417 115.4362 -0.5869254 0.01607231 0.8094815 -23.57244 0 0 0 1
247 0 0.7892726 0.03288087 0.613162 -10.91591 -0.01738983 0.9993617 -0.03120637 115.4195 -0.6137967 0.01396755 0.7893406 -24.11888 0 0 0 1
247 1 0.7892726 0.03288087 0.613162 -11.44864 -0.01738983 0.9993617 -0.03120637 115.4195 -0.6137967 0.01396755 0.7893406 -24.11888 0 0 0 1
248 0 0.7672775 0.03268942 0.6404816 -11.58654 -0.01844065 0.9994117 -0.02891745 115.3548 -0.6410501 0.01037681 0.7674289 -24.87954 0 0 0 1
248 1 0.7672775 0.03268942 0.6404816 -12.11926 -0.01844065 0.9994117 -0.02891745 115.3548 -0.6410501 0.01037681 0.7674289 -24.87954 0 0 0 1
249 0 0.7470464 0.03516703 0.663841 -11.87848 -0.02205326 0.9993612 -0.02812384 115.3048 -0.6644059 0.006369956 0.7473447 -25.65881 0 0 0 1
249 1 0.7470464 0.03516703 0.663841 -12.41121 -0.02205326 0.9993612 -0.02812384 115.3048 -0.6644059 0.006369956 0.7473447 -25.65881 0 0 0 1
250 0 0.7283225 0.03096059 0.6845347 -12.86243 -0.01882207 0.9995057 -0.02518024 115.2477 -0.6849759 0.005454974 0.7285452 -26.11948 0 0 0 1
250 1 0.7283225 0.03096059 0.6845347 -13.39515 -0.01882207 0.9995057 -0.02518024 115.2477 -0.6849759 0.005454974 0.7285452 -26.11948 0 0 0 1
251 0 0.7099992 0.02858776 0.703622 -13.58665 -0.01684211 0.9995792 -0.02361757 115.2179 -0.7040011 0.004917981 0.7101818 -26.63607 0 0 0 1
251 1 0.7099992 0.02858776 0.703622 -14.11938 -0.01684211 0.9995792 -0.02361757 115.2179 -0.7040011 0.004917981 0.7101818 -26.63607 0 0 0 1
252 0 0.6953893 0.02541304 0.7181838 -14.27962 -0.01464195 0.9996681 -0.02119618 115.1659 -0.7184841 0.004223987 0.6955305 -27.18409 0 0 0 1
252 1 0.6953893 0.02541304 0.7181838 -14.81235 -0.01464195 0.9996681 -0.02119618 115.1659 -0.7184841 0.004223987 0.6955305 -27.18409 0 0 0 1
253 0 0.6835387 0.02165714 0.729593 -14.93234 -0.01188273 0.9997574 -0.01854401 115.1125 -0.7298176 0.004005989 0.6836302 -27.74885 0 0 0 1
253 1 0.6835387 0.02165714 0.729593 -15.46506 -0.01188273 0.9997574 -0.01854401 115.1125 -0.7298176 0.004005989 0.6836302 -27.74885 0 0 0 1
254 0 0.6726935 0.01897865 0.7396778 -15.39914 -0.00929495 0.9998088 -0.01719989 115.0972 -0.7398629 0.004694984 0.6727414 -28.32217 0 0 0 1
254 1 0.6726935 0.01897865 0.7396778 -15.93187 -0.00929495 0.9998088 -0.01719989 115.0972 -0.7398629 0.004694984 0.6727414 -28.32217 0 0 0 1
255 0 0.664884 0.01619712 0.7467711 -15.79174 -0.007331482 0.9998582 -0.01515892 115.0555 -0.7469107 0.004603985 0.6649084 -28.98203 0 0 0 1
255 1 0.664884 0.01619712 0.7467711 -16.32446 -0.007331482 0.9998582 -0.01515892 115.0555 -0.7469107 0.004603985 0.6649084 -28.98203 0 0 0 1
256 0 0.6591207 0.01402943 0.7519063 -16.01446 -0.006263029 0.9998937 -0.01316633 115.0053 -0.7520111 0.003968989 0.6591386 -29.84201 0 0 0 1
256 1 0.6591207 0.01402943 0.7519063 -16.54718 -0.006263029 0.9998937 -0.01316633 115.0053 -0.7520111 0.003968989 0.6591386 -29.84201 0 0 0 1
257 0 0.6562471 0.01294659 0.7544349 -16.02527 -0.006375771 0.9999123 -0.01161316 114.954 -0.7545191 0.002810997 0.6562721 -30.75269 0 0 0 1
257 1 0.6562471 0.01294659 0.7544349 -16.55799 -0.006375771 0.9999123 -0.01161316 114.954 -0.7545191 0.002810997 0.6562721 -30.75269 0 0 0 1
258 0 0.6548839 0.01096078 0.75565 -16.07846 -0.006669853 0.9999397 -0.008723797 114.8546 -0.7557001 0.0006729998 0.6549175 -31.81258 0 0 0 1
258 1 0.6548839 0.01096078 0.75565 -16.61118 -0.006669853 0.9999397 -0.008723797 114.8546 -0.7557001 0.0006729998 0.6549175 -31.81258 0 0 0 1
259 0 0.6547523 0.00868789 0.7557936 -16.0897 -0.005167848 0.999962 -0.007017656 114.8167 -0.7558259 0.0006890004 0.6547723 -32.74628 0 0 0 1
259 1 0.6547523 0.00868789 0.7557936 -16.62243 -0.005167848 0.999962 -0.007017656 114.8167 -0.7558259 0.0006890004 0.6547723 -32.74628 0 0 0 1
260 0 0.6550736 0.007967885 0.755523 -15.92596 -0.003124501 0.9999644 -0.007836721 114.8735 -0.7555586 0.002772997 0.6550752 -33.37446 0 0 0 1
260 1 0.6550736 0.007967885 0.755523 -16.45869 -0.003124501 0.9999644 -0.007836721 114.8735 -0.7555586 0.002772997 0.6550752 -33.37446 0 0 0 1
261 0 0.6559617 0.008519694 0.7547461 -15.5907 -0.0003669909 0.9999398 -0.01096852 115.0235 -0.7547942 0.006917946 0.6559253 -33.7844 0 0 0 1
261 1 0.6559617 0.008519694 0.7547461 -16.12343 -0.0003669909 0.9999398 -0.01096852 115.0235 -0.7547942 0.006917946 0.6559253 -33.7844 0 0 0 1
262 0 0.6567712 0.01160939 0.7540005 -14.94481 -0.001769453 0.9999025 -0.01385428 115.1039 -0.7540878 0.007764922 0.6567277 -34.65978 0 0 0 1
262 1 0.6567712 0.01160939 0.7540005 -15.47753 -0.001769453 0.9999025 -0.01385428 115.1039 -0.7540878 0.007764922 0.6567277 -34.65978 0 0 0 1
263 0 0.6577044 0.01468805 0.7531329 -14.31677 -0.003982879 0.9998637 -0.01602174 115.1442 -0.7532656 0.007537929 0.6576732 -35.57925 0 0 0 1
263 1 0.6577044 0.01468805 0.7531329 -14.84949 -0.003982879 0.9998637 -0.01602174 115.1442 -0.7532656 0.007537929 0.6576732 -35.57925 0 0 0 1
264 0 0.6585082 0.01628469 0.7523974 -13.83817 -0.004299037 0.999831 -0.0178775 115.206 -0.7525613 0.008537896 0.6584668 -36.44648 0 0 0 1
264 1 0.6585082 0.01628469 0.7523974 -14.37089 -0.004299037 0.999831 -0.0178775 115.206 -0.7525613 0.008537896 0.6584668 -36.44648 0 0 0 1
265 0 0.6593834 0.01738712 0.7516057 -13.43393 -0.003373271 0.9997909 -0.02016909 115.3069 -0.7517992 0.01076379 0.6593042 -37.09105 0 0 0 1
265 1 0.6593834 0.01738712 0.7516057 -13.96665 -0.003373271 0.9997909 -0.02016909 115.3069 -0.7517992 0.01076379 0.6593042 -37.09105 0 0 0 1
266 0 0.6601547 0.01744724 0.750927 -13.15265 -0.0005121054 0.9997404 -0.02277804 115.4596 -0.7511295 0.01465248 0.6599923 -37.54607 0 0 0 1
266 1 0.6601547 0.01744724 0.750927 -13.68538 -0.0005121054 0.9997404 -0.02277804 115.4596 -0.7511295 0.01465248 0.6599923 -37.54607 0 0 0 1
267 0 0.6611594 0.01617351 0.7500712 -12.98228 0.007557706 0.9995733 -0.02821526 115.8199 -0.7502074 0.02432361 0.660755 -37.43159 0 0 0 1
267 1 0.6611594 0.01617351 0.7500712 -13.51501 0.007557706 0.9995733 -0.02821526 115.8199 -0.7502074 0.02432361 0.660755 -37.43159 0 0 0 1
268 0 0.6620958 0.01943476 0.7491671 -12.32007 0.01118525 0.9992961 -0.03580882 116.1728 -0.7493357 0.03208849 0.6614124 -37.44517 0 0 0 1
268 1 0.6620958 0.01943476 0.7491671 -12.85279 0.01118525 0.9992961 -0.03580882 116.1728 -0.7493357 0.03208849 0.6614124 -37.44517 0 0 0 1
269 0 0.6622139 0.01880562 0.7490789 -12.14934 0.009769222 0.9993834 -0.03372587 116.0952 -0.7492512 0.02965166 0.6616218 -38.61899 0 0 0 1
269 1 0.6622139 0.01880562 0.7490789 -12.68206 0.009769222 0.9993834 -0.03372587 116.0952 -0.7492512 0.02965166 0.6616218 -38.61899 0 0 0 1
