frame cameraID trackID left right top bottom number_pixels truncation_ratio occupancy_ratio isMoving
0 0 0 507 724 191 287 10823 0 0.5195373 True
0 1 0 475 692 191 287 10956 0 0.5259216 True
1 0 0 451 678 191 293 12191 0 0.5265181 True
1 1 0 417 646 191 293 12225 0 0.5233753 True
2 0 0 386 628 191 300 15842 0 0.6005762 True
2 1 0 350 594 191 300 14955 0 0.5623026 True
3 0 0 317 577 191 308 18191 0 0.5979947 True
3 1 0 279 542 191 308 18467 0 0.600143 True
4 0 0 236 520 191 319 21485 0 0.5910266 True
4 1 0 195 483 191 319 21872 0 0.593316 True
5 0 0 144 460 192 332 26063 0 0.5891275 True
5 1 0 98 420 192 332 26624 0 0.5905945 True
6 0 0 31 392 192 350 32727 0 0.5737754 True
6 1 0 0 349 192 350 32405 0.03031266 0.5876646 True
7 0 0 0 314 193 362 33772 0.1938163 0.636415 True
7 1 0 0 268 193 353 28480 0.3160026 0.6641791 True
13 0 1 1222 1241 186 226 323 0.9274253 0.425 True
13 1 1 1209 1241 186 227 537 0.8245081 0.4092988 True
14 0 1 1191 1241 185 226 1121 0.6591437 0.5468293 True
14 1 1 1178 1241 185 227 1380 0.5543645 0.521542 True
15 0 1 1162 1241 185 226 1888 0.3937836 0.5828959 True
15 1 1 1150 1241 185 227 2184 0.2902096 0.5714286 True
16 0 1 1135 1241 185 226 2789 0.1197903 0.6417395 True
16 1 1 1123 1241 185 226 2983 0.02880621 0.6165771 True
17 0 1 1110 1237 184 224 2940 0 0.5787402 True
17 1 1 1098 1224 184 224 2910 0 0.577381 True
18 0 1 1086 1206 184 222 2669 0 0.585307 True
18 1 1 1075 1194 184 222 2634 0 0.5824856 True
19 0 1 1067 1180 184 221 2621 0 0.6268835 True
19 1 1 1056 1168 184 221 2581 0 0.6228282 True
20 0 1 1048 1156 183 219 2481 0 0.6381173 True
20 1 1 1038 1144 183 219 2444 0 0.6404612 True
21 0 1 1031 1132 183 218 2354 0 0.6659123 True
21 1 1 1021 1121 183 218 2333 0 0.6665714 True
22 0 1 1015 1111 183 217 2172 0 0.6654412 True
22 1 1 1005 1100 183 217 2152 0 0.6662539 True
23 0 1 999 1090 183 215 1992 0 0.6840659 True
23 1 1 989 1080 183 215 1980 0 0.6799451 True
24 0 1 984 1071 182 214 1851 0 0.6648707 True
24 1 1 975 1061 182 214 1828 0 0.6642442 True
25 0 1 972 1054 182 213 1715 0 0.6746656 True
25 1 1 963 1044 182 213 1703 0 0.6782159 True
26 0 1 960 1039 182 212 1580 0 0.6666667 True
26 1 1 952 1029 182 212 1564 0 0.6770563 True
27 0 1 949 1024 182 211 1461 0 0.6717241 True
27 1 1 941 1014 182 211 1444 0 0.6820973 True
28 0 1 940 1010 182 210 1335 0 0.6811224 True
28 1 1 932 1001 182 210 1323 0 0.6847826 True
29 0 1 932 997 181 209 1231 0 0.6763736 True
29 1 1 923 988 181 209 1219 0 0.6697802 True
30 0 1 924 985 181 208 1124 0 0.6824529 True
30 1 1 916 977 181 208 1115 0 0.6769885 True
31 0 1 917 974 181 207 1040 0 0.7017544 True
31 1 1 909 966 181 207 1030 0 0.6950067 True
32 0 1 911 965 181 206 974 0 0.7214815 True
32 1 1 903 957 181 206 966 0 0.7155555 True
33 0 1 905 956 181 206 896 0 0.7027451 True
33 1 1 898 948 181 206 880 0 0.704 True
34 0 1 900 948 181 205 824 0 0.7152778 True
34 1 1 892 940 181 205 813 0 0.7057292 True
35 0 1 894 940 181 204 766 0 0.7240075 True
35 1 1 887 932 181 204 759 0 0.7333333 True
36 0 1 891 934 181 204 717 0 0.7249748 True
36 1 1 884 926 181 204 701 0 0.7256729 True
37 0 1 887 928 181 203 663 0 0.7350333 True
37 1 1 880 921 181 203 654 0 0.7250555 True
38 0 1 884 922 181 203 617 0 0.7380383 True
38 1 1 877 915 181 203 611 0 0.7308612 True
39 0 1 881 918 181 202 573 0 0.7374517 True
39 1 2 1173 1241 220 374 2116 0.9895824 0.2020626 True
39 1 1 874 911 181 202 571 0 0.7348777 True
40 0 2 1186 1241 215 374 1881 0.9900349 0.2150943 True
40 0 1 877 913 181 201 550 0 0.7638889 True
40 1 2 1124 1241 215 374 8498 0.9517234 0.456808 True
40 1 1 871 906 181 201 543 0 0.7757143 True
41 0 2 1142 1241 211 374 7696 0.8851358 0.4769164 True
41 0 1 874 909 181 201 516 0 0.7371429 True
41 1 2 1086 1241 211 374 15862 0.7396345 0.6278251 True
41 1 1 868 902 181 201 515 0 0.7573529 True
42 0 2 1106 1241 207 374 12770 0.7145181 0.5664227 True
42 0 1 872 905 181 200 494 0 0.7878788 True
42 1 2 1057 1241 207 374 21017 0.4361128 0.683969 True
42 1 1 866 898 181 200 481 0 0.7911184 True
43 0 2 1077 1241 205 374 17495 0.4325149 0.6312239 True
43 0 1 870 901 180 200 456 0 0.7354839 True
43 1 2 1032 1241 205 374 24957 0.2313595 0.7065768 True
43 1 1 864 895 180 200 454 0 0.7322581 True
44 0 2 1053 1241 202 373 19770 0.1901841 0.6149683 True
44 0 1 868 898 180 199 436 0 0.7649123 True
44 1 2 1012 1241 202 374 25399 0.0593558 0.6448411 True
44 1 1 863 892 180 199 431 0 0.7822142 True
45 0 2 1032 1241 200 354 20376 0.04893184 0.6330703 True
45 0 1 867 894 180 199 404 0 0.7875243 True
45 1 2 994 1241 200 357 23218 0.003355205 0.5987261 True
45 1 1 861 888 180 199 398 0 0.7758285 True
46 0 2 1015 1241 199 339 19263 0 0.6088179 True
46 0 1 865 891 180 199 380 0 0.7692308 True
46 1 2 980 1202 199 339 18211 0 0.5859395 True
46 1 1 859 885 180 199 378 0 0.7651822 True
47 0 2 1000 1208 197 323 15445 0 0.5893239 True
47 1 2 967 1163 197 323 14632 0 0.5924846 True
48 0 2 987 1173 196 311 12634 0 0.5906498 True
48 1 2 956 1131 196 311 11998 0 0.5961739 True
48 1 7 1234 1241 200 292 2 0.9978288 0.00310559 True
49 0 2 974 1139 195 299 10299 0 0.6001748 True
49 1 2 945 1102 195 299 9822 0 0.6015434 True
49 1 7 1204 1241 199 292 1611 0.9369494 0.4681779 True
50 0 2 962 1111 194 289 8555 0 0.6043801 True
50 0 7 1207 1241 198 283 1354 0.9403172 0.4685121 True
50 1 2 936 1077 194 289 8181 0 0.6107503 True
50 1 7 1178 1241 198 292 3309 0.7907542 0.5587639 True
51 0 2 952 1087 193 281 7223 0 0.6079966 True
51 0 7 1181 1241 196 284 2931 0.7876114 0.5551136 True
51 1 2 927 1056 193 281 6912 0 0.6088795 True
51 1 7 1153 1241 196 292 5399 0.5467141 0.6390862 True
52 0 2 944 1067 192 273 6127 0 0.6149754 True
52 0 7 1158 1241 195 284 4775 0.5372027 0.6464059 True
52 1 2 920 1037 192 273 5871 0 0.6194999 True
52 1 7 1132 1241 195 285 6797 0.277878 0.6928644 True
53 0 2 935 1047 191 266 5225 0 0.6220238 True
53 0 7 1137 1241 194 278 5999 0.2611479 0.6866987 True
53 1 2 913 1019 191 266 5006 0 0.6296855 True
53 1 7 1113 1241 194 279 7680 0.09090042 0.7058824 True
54 0 2 926 1029 191 260 4486 0 0.6312087 True
54 0 7 1119 1241 193 272 6841 0.09303856 0.7097946 True
54 1 2 906 1004 191 260 4325 0 0.6396037 True
54 1 7 1096 1241 193 273 8233 0.0075351 0.7097414 True
55 0 2 919 1014 190 255 3892 0 0.6302834 True
55 0 7 1103 1241 193 268 7344 0.009938359 0.7095652 True
55 1 2 900 990 190 255 3755 0 0.6418803 True
55 1 7 1081 1227 193 268 7328 0 0.6692237 True
56 0 2 913 1001 190 250 3417 0 0.6471591 True
56 0 7 1085 1224 192 262 6546 0 0.6727647 True
56 1 2 894 979 190 250 3303 0 0.6476471 True
56 1 7 1064 1198 192 262 6357 0 0.6777186 True
57 0 2 907 989 189 246 2999 0 0.6416346 True
57 0 7 1072 1201 191 257 5717 0 0.6714823 True
57 1 2 889 968 189 246 2898 0 0.643571 True
57 1 7 1053 1177 191 257 5564 0 0.6798632 True
58 0 2 902 978 188 242 2632 0 0.6413255 True
58 0 7 1059 1177 191 253 5031 0 0.6876709 True
58 1 2 885 958 188 242 2553 0 0.6476408 True
58 1 7 1040 1155 191 253 4897 0 0.6868163 True
58 1 3 1167 1241 236 374 285 0.9946101 0.02790834 True
59 0 2 897 968 188 239 2328 0 0.6429163 True
59 0 7 1046 1156 190 249 4434 0 0.6832049 True
59 0 3 1199 1241 229 374 42 0.9974744 0.006896552 True
59 1 2 881 949 188 239 2270 0 0.6545559 True
59 1 7 1028 1135 190 249 4320 0 0.6843022 True
59 1 3 1120 1241 229 374 4374 0.9769243 0.2493018 True
60 0 2 892 959 188 236 2074 0 0.6449005 True
60 0 7 1035 1137 190 245 3937 0 0.7017825 True
60 0 3 1147 1241 222 374 4453 0.9787369 0.3116601 True
60 1 2 877 941 188 236 2018 0 0.6569011 True
60 1 7 1018 1117 190 245 3843 0 0.7057851 True
60 1 8 1223 1241 200 293 137 0.9912894 0.0818399 True
60 1 3 1077 1241 222 374 11608 0.9345381 0.4656611 True
61 0 2 888 950 187 233 1861 0 0.6525245 True
61 0 7 1024 1120 189 242 3503 0 0.6884827 True
61 0 8 1221 1241 198 285 187 0.9871747 0.1074713 True
61 0 3 1106 1241 218 374 10519 0.9280006 0.4994777 True
61 1 2 873 934 187 233 1805 0 0.6432644 True
61 1 7 1008 1101 189 242 3418 0 0.6934469 True
61 1 8 1190 1241 198 293 669 0.9133893 0.1380805 True
61 1 3 1044 1241 218 374 19199 0.8522129 0.6247234 True
62 0 2 883 942 187 230 1666 0 0.6566811 True
62 0 7 1015 1104 189 239 3165 0 0.7112359 True
62 0 8 1190 1241 197 285 471 0.9021645 0.1049465 True
62 0 3 1074 1241 213 374 17029 0.7202002 0.6333544 True
62 1 2 869 926 187 230 1627 0 0.6638107 True
62 1 7 999 1086 189 239 3092 0 0.7108046 True
62 1 8 1161 1241 197 293 1467 0.7663124 0.1910156 True
62 1 3 1019 1241 213 374 25323 0.4681411 0.7084942 True
63 0 2 879 935 186 227 1518 0 0.6611498 True
63 0 7 1005 1089 188 236 2819 0 0.6991568 True
63 0 8 1160 1241 196 285 1171 0.7322834 0.1624358 True
63 0 3 1047 1241 210 374 21756 0.4301351 0.6838069 True
63 1 2 866 920 186 227 1470 0 0.6639566 True
63 1 7 990 1072 188 236 2752 0 0.699187 True
63 1 8 1133 1241 196 292 2265 0.5323064 0.2184606 True
63 1 3 997 1241 210 374 29717 0.2667254 0.742628 True
64 0 2 875 928 186 225 1371 0 0.6632801 True
64 0 7 996 1075 188 233 2527 0 0.7108298 True
64 0 8 1139 1241 194 284 1750 0.5251982 0.1906318 True
64 0 3 1024 1241 207 374 25613 0.2474738 0.70678 True
64 1 2 862 914 186 225 1333 0 0.6572978 True
64 1 7 982 1059 188 233 2471 0 0.7131313 True
64 1 8 1114 1241 194 289 2986 0.3156373 0.2474927 True
64 1 3 979 1241 207 374 32974 0.1156859 0.7536225 True
65 0 2 872 922 186 223 1244 0 0.6724324 True
65 0 7 988 1063 188 231 2289 0 0.7097675 True
65 0 8 1121 1241 194 281 2286 0.2973306 0.2189655 True
65 0 3 1004 1241 205 374 26247 0.1027738 0.6553067 True
65 1 2 859 908 186 223 1219 0 0.6723663 True
65 1 7 974 1047 188 231 2123 0 0.67633 True
65 1 8 1097 1241 194 282 4887 0.1320125 0.3856534 True
65 1 3 962 1241 205 374 30730 0.01478159 0.6517359 True
66 0 2 868 916 186 221 1123 0 0.6684524 True
66 0 7 980 1050 187 228 2031 0 0.7076655 True
66 0 8 1101 1241 193 274 3947 0.1123273 0.34806 True
66 0 3 987 1241 203 361 24864 0.01004744 0.6195555 True
66 1 2 856 903 186 221 1103 0 0.6705167 True
66 1 7 966 1035 187 228 1809 0 0.6394486 True
66 1 8 1078 1241 193 275 6819 0.03070062 0.510175 True
66 1 3 949 1206 203 362 23487 0 0.5747743 True
67 0 2 865 910 185 219 1019 0 0.6660131 True
67 0 7 971 1037 187 226 1774 0 0.6891997 True
67 0 8 1083 1241 192 268 5720 0.01543182 0.4763491 True
67 0 3 972 1210 201 341 19302 0 0.5792917 True
67 1 2 854 898 185 219 1009 0 0.6744652 True
67 1 7 959 1023 187 226 1513 0 0.6061699 True
67 1 8 1062 1233 192 269 6840 0 0.5194805 True
67 1 3 937 1159 201 341 18204 0 0.5857143 True
68 0 2 862 905 185 217 941 0 0.6838663 True
68 0 7 964 1026 187 224 1488 0 0.6486486 True
68 0 8 1067 1227 191 262 5485 0 0.4828345 True
68 0 3 959 1167 199 325 15319 0 0.5845162 True
68 1 2 851 893 185 217 920 0 0.6845238 True
68 1 7 951 1013 187 224 1239 0 0.5401046 True
68 1 8 1047 1202 191 262 6218 0 0.5650159 True
68 1 3 927 1122 199 325 14483 0 0.5894587 True
69 0 2 859 901 185 216 866 0 0.6651306 True
69 0 7 957 1017 186 222 1265 0 0.5856481 True
69 0 8 1052 1197 191 257 4985 0 0.5208986 True
69 0 3 948 1132 198 311 12382 0 0.5955175 True
69 1 2 849 889 185 216 849 0 0.6846774 True
69 1 7 945 1004 186 222 1014 0 0.4774011 True
69 1 8 1033 1174 191 257 5587 0 0.6003653 True
69 1 3 918 1090 198 311 11749 0 0.6044968 True
70 0 2 856 896 185 214 787 0 0.6784483 True
70 0 7 951 1008 186 221 1037 0 0.5197995 True
70 0 8 1039 1172 190 252 4594 0 0.5571186 True
70 0 3 938 1102 197 300 10123 0 0.5992778 True
70 1 2 846 885 185 214 769 0 0.6799293 True
70 1 7 939 996 186 221 836 0 0.4190476 True
70 1 8 1021 1150 190 252 4979 0 0.6225306 True
70 1 3 910 1064 197 300 9626 0 0.6068591 True
71 0 2 854 892 184 213 733 0 0.6651543 True
71 0 7 944 999 186 219 874 0 0.4815427 True
71 0 8 1027 1148 189 247 4198 0 0.5981761 True
71 0 3 929 1077 196 290 8421 0 0.6053048 True
71 1 2 844 881 184 213 723 0 0.6738117 True
71 1 7 933 987 186 219 707 0 0.3967452 True
71 1 8 1010 1128 189 247 4434 0 0.6478667 True
71 1 3 903 1042 196 290 8010 0 0.6130415 True
72 0 2 851 888 184 211 671 0 0.6716717 True
72 0 7 938 991 186 217 712 0 0.4333536 True
72 0 8 1016 1128 189 243 3781 0 0.6251653 True
72 0 3 922 1055 195 281 7077 0 0.618727 True
72 1 2 842 877 184 211 665 0 0.7037037 True
72 1 7 927 979 186 217 607 0 0.3765509 True
72 1 8 1000 1109 189 243 3973 0 0.6749915 True
72 1 4 1158 1241 211 374 3712 0.9917027 0.2743736 True
72 1 3 897 1023 195 281 6761 0 0.6239387 True
73 0 2 849 884 184 210 610 0 0.6703297 True
73 0 7 932 982 185 216 594 0 0.3832258 True
73 0 8 1005 1108 188 239 3377 0 0.6428707 True
73 0 4 1182 1241 207 374 2961 0.9938315 0.3005176 True
73 0 3 914 1035 194 274 6008 0 0.6206611 True
73 1 2 840 874 184 210 614 0 0.6945701 True
73 1 7 922 971 185 216 535 0 0.3522054 True
73 1 8 990 1090 188 239 3503 0 0.6868628 True
73 1 4 1113 1241 207 374 10411 0.968869 0.4870415 True
73 1 3 890 1005 194 274 5747 0 0.6246739 True
74 0 2 847 880 184 209 567 0 0.6872727 True
74 0 7 927 974 185 214 499 0 0.3661042 True
74 0 8 995 1091 188 236 3051 0 0.6621094 True
74 0 4 1136 1241 203 374 9341 0.9579585 0.5202451 True
74 0 3 907 1018 193 267 5112 0 0.6223521 True
74 1 2 839 871 184 209 563 0 0.70375 True
74 1 7 917 963 185 214 480 0 0.3598201 True
74 1 8 980 1073 188 236 3100 0 0.6944444 True
74 1 4 1075 1241 203 374 19067 0.9039068 0.6717044 True
74 1 9 1230 1241 50 308 442 0.9994062 0.1557435 True
74 1 3 884 990 193 267 4911 0 0.6260836 True
75 0 2 845 877 184 208 533 0 0.6940104 True
75 0 7 921 966 185 213 415 0 0.3293651 True
75 0 8 985 1074 187 233 2725 0 0.6656082 True
75 0 4 1100 1241 201 374 16111 0.8289786 0.6604764 True
75 0 9 1232 1241 60 297 351 0.9996278 0.164557 True
75 0 3 901 1004 192 261 4443 0 0.6251583 True
75 1 2 837 868 184 208 530 0 0.7123656 True
75 1 7 912 956 185 213 411 0 0.3336039 True
75 1 8 971 1058 187 233 2735 0 0.6834083 True
75 1 4 1046 1241 201 374 26289 0.6855124 0.7792797 True
75 1 9 1197 1241 50 308 1597 0.9854189 0.1406801 True
75 1 3 880 978 192 261 4256 0 0.6293996 True
76 0 2 844 874 184 207 504 0 0.7304348 True
76 0 7 917 959 185 212 362 0 0.319224 True
76 0 8 976 1059 187 230 2465 0 0.6906697 True
76 0 4 1070 1241 199 374 21320 0.6671044 0.7124478 True
76 0 9 1201 1241 61 297 1220 0.986244 0.1292373 True
76 0 3 896 991 191 256 3859 0 0.6249393 True
76 1 2 835 865 184 207 496 0 0.7188406 True
76 1 7 907 949 185 212 371 0 0.3271605 True
76 1 8 963 1044 187 230 2445 0 0.7019811 True
76 1 4 1021 1241 199 374 30889 0.4183812 0.8023117 True
76 1 9 1168 1241 50 308 3563 0.9531418 0.1891791 True
76 1 3 876 967 191 256 3722 0 0.6292477 True
77 0 2 842 871 183 206 471 0 0.706147 True
77 0 7 912 952 185 211 317 0 0.3048077 True
77 0 8 968 1046 187 228 2241 0 0.7007505 True
77 0 4 1045 1241 197 374 25846 0.419223 0.7450132 True
77 0 9 1173 1241 61 297 2982 0.9528425 0.1858176 True
77 0 3 891 979 191 251 3381 0 0.6403409 True
77 1 2 834 863 183 206 465 0 0.6971514 True
77 1 7 903 943 185 211 352 0 0.3384615 True
77 1 8 956 1032 187 228 2197 0 0.7050706 True
77 1 4 1001 1241 197 374 34790 0.2517937 0.8189737 True
77 1 9 1142 1241 50 308 8745 0.8999598 0.3423773 True
77 1 3 872 956 191 251 3249 0 0.6446428 True
78 0 2 840 869 183 205 434 0 0.6802508 True
78 0 8 961 1035 186 225 2008 0 0.6957727 True
78 0 4 1023 1241 195 374 27876 0.2386115 0.7143663 True
78 0 9 1149 1241 61 297 7372 0.898891 0.3395357 True
78 0 3 886 968 190 247 2988 0 0.6392812 True
78 1 2 833 860 183 205 419 0 0.7053872 True
78 1 8 949 1021 186 225 1963 0 0.6990741 True
78 1 4 982 1241 195 374 34870 0.1110711 0.7521408 True
78 1 9 1120 1241 51 307 12757 0.8254452 0.411835 True
78 1 3 868 947 190 247 2872 0 0.637797 True
79 0 2 839 866 183 205 396 0 0.6666667 True
79 0 8 955 1024 186 223 1832 0 0.7175872 True
79 0 4 1004 1241 194 366 27873 0.06624544 0.6837651 True
79 0 9 1127 1241 61 297 10906 0.8251964 0.4053672 True
79 0 3 881 958 190 243 2649 0 0.6491056 True
79 1 2 831 858 183 205 392 0 0.6599327 True
79 1 8 943 1011 186 223 1780 0 0.7074722 True
79 1 4 967 1241 194 370 33135 0.01125121 0.687106 True
79 1 9 1100 1241 51 307 17139 0.730131 0.4748172 True
79 1 3 864 938 190 243 2558 0 0.6522183 True
80 0 2 837 864 183 204 390 0 0.6878307 True
80 0 8 949 1015 186 221 1665 0 0.7207792 True
80 0 4 987 1241 193 346 26957 0.008388281 0.6936596 True
80 0 9 1106 1241 61 297 14930 0.7198513 0.4686127 True
80 0 3 877 949 189 240 2353 0 0.6407952 True
80 1 2 830 856 183 204 383 0 0.7014652 True
80 1 8 938 1002 186 221 1494 0 0.6669643 True
80 1 4 953 1215 193 348 25938 0 0.6387097 True
80 1 9 1081 1241 50 307 24349 0.6079535 0.592145 True
80 1 3 861 930 189 240 2294 0 0.6518897 True
81 0 2 836 861 183 203 355 0 0.71 True
81 0 8 943 1006 186 220 1491 0 0.6960784 True
81 0 4 973 1216 192 329 21552 0 0.6473822 True
81 0 9 1088 1241 61 297 21174 0.5923074 0.5864074 True
81 0 3 873 941 189 237 2124 0 0.6507353 True
81 1 2 829 854 183 203 352 0 0.704 True
81 1 8 932 993 186 220 1202 0 0.5795564 True
81 1 4 942 1169 192 329 20374 0 0.6551336 True
81 1 9 1064 1241 50 308 29714 0.4785265 0.650681 True
81 1 3 858 923 189 237 2058 0 0.6596154 True
82 0 8 938 997 185 218 1316 0 0.6759117 True
82 0 4 961 1175 191 314 17315 0 0.6578147 True
82 0 9 1072 1241 61 297 25800 0.4672837 0.6468759 True
82 0 3 870 933 188 234 1912 0 0.6597654 True
82 1 8 927 985 185 218 937 0 0.4895507 True
82 1 4 932 1132 191 314 16440 0 0.6682927 True
82 1 9 1049 1241 51 307 33024 0.3545306 0.671875 True
82 1 3 855 916 188 234 1849 0 0.6589451 True
83 0 8 933 989 185 216 1094 0 0.6301844 True
83 0 4 950 1138 190 301 13947 0 0.6683439 True
83 0 9 1058 1241 61 297 28981 0.3476073 0.6710429 True
83 0 3 866 927 188 231 1744 0 0.6648875 True
83 1 8 923 978 185 216 716 0 0.4199413 True
83 1 4 923 1100 190 301 13274 0 0.6756248 True
83 1 9 1036 1241 59 298 35217 0.2378941 0.7187876 True
83 1 3 852 910 188 231 1694 0 0.6792302 True
84 0 8 927 980 185 215 914 0 0.5748428 True
84 0 4 940 1108 189 290 11450 0 0.6747996 True
84 0 9 1044 1241 69 288 31062 0.228014 0.7199777 True
84 0 3 863 920 188 229 1568 0 0.6709456 True
84 1 8 917 969 185 215 541 0 0.3467949 True
84 1 4 915 1073 189 290 10932 0 0.6850482 True
84 1 9 1024 1241 69 290 36643 0.1419469 0.7640803 True
84 1 3 849 905 188 229 1523 0 0.6633275 True
85 0 8 922 971 185 213 742 0 0.5408163 True
85 0 4 932 1083 189 281 9579 0 0.6895335 True
85 0 9 1032 1241 77 281 32511 0.1326991 0.7625246 True
85 0 3 860 915 187 227 1425 0 0.6477273 True
85 1 8 913 961 185 213 405 0 0.3013393 True
85 1 4 908 1051 189 281 9163 0 0.6964883 True
85 1 9 1012 1241 77 282 37391 0.06737405 0.7964852 True
85 1 3 847 900 187 227 1378 0 0.65 True
86 0 8 917 964 184 212 590 0 0.4483283 True
86 0 4 924 1060 188 273 8042 0 0.6956747 True
86 0 9 1021 1241 84 275 33413 0.06185603 0.795169 True
86 0 3 858 909 187 225 1305 0 0.6733746 True
86 1 8 908 954 184 212 294 0 0.2282609 True
86 1 4 901 1031 188 273 7716 0 0.6982805 True
86 1 9 1002 1241 84 276 37161 0.02059096 0.8098196 True
86 1 3 845 895 187 225 1273 0 0.67 True
87 0 8 913 956 184 211 480 0 0.4134367 True
87 0 4 916 1041 188 266 6855 0 0.7030769 True
87 0 9 1010 1241 91 269 33195 0.01224875 0.8073106 True
87 0 3 855 905 187 223 1214 0 0.6744444 True
87 1 8 904 947 184 211 230 0 0.1981051 True
87 1 4 895 1014 188 266 6595 0 0.710515 True
87 1 9 992 1241 91 270 36214 0.0007661581 0.8125014 True
87 1 3 843 891 187 223 1178 0 0.681713 True
88 0 8 909 950 184 210 371 0 0.34803 True
88 0 4 910 1023 187 260 5860 0 0.7103891 True
88 0 9 1000 1241 97 263 32540 0 0.813378 True
88 0 3 853 900 186 221 1102 0 0.6699088 True
88 1 5 1169 1241 183 374 3740 0.9935248 0.2719604 True
88 1 12 1225 1241 189 226 94 0.9254345 0.1587838 True
88 1 8 900 940 184 210 162 0 0.1557692 True
88 1 4 890 998 187 260 5650 0 0.7166413 True
88 1 9 983 1219 97 263 34130 0 0.8711966 True
88 1 3 841 887 186 221 1074 0 0.6670808 True
89 0 5 1193 1241 183 374 2429 0.9958478 0.2649433 True
89 0 12 1222 1241 189 226 258 0.8941293 0.3669986 True
89 0 4 904 1008 187 254 5047 0 0.7243111 True
89 0 9 991 1215 102 258 30176 0 0.8635531 True
89 0 3 851 896 186 220 1014 0 0.6627451 True
89 1 5 1123 1241 183 374 11055 0.9729696 0.4905049 True
89 1 12 1209 1241 189 226 433 0.7600729 0.3657095 True
89 1 4 885 985 187 254 4871 0 0.7270149 True
89 1 9 975 1191 102 258 29600 0 0.8784425 True
89 1 3 840 884 186 220 997 0 0.6664438 True
90 0 5 1144 1241 182 374 9545 0.9651598 0.5125107 True
90 0 12 1207 1241 189 226 600 0.7298962 0.4769475 True
90 0 4 898 994 186 249 4387 0 0.7253637 True
90 0 9 982 1188 107 253 26374 0 0.8769118 True
90 0 3 849 893 186 218 949 0 0.6740057 True
90 1 5 1083 1241 182 374 20550 0.9138742 0.677413 True
90 1 12 1194 1241 189 226 46 0.5915476 0.02645198 True
90 1 4 880 972 186 249 4238 0 0.7311939 True
90 1 9 966 1166 107 253 25852 0 0.8853425 True
90 1 3 838 881 186 218 928 0 0.6744186 True
91 0 5 1107 1241 182 374 16794 0.8431674 0.6527519 True
91 0 12 1194 1241 189 226 179 0.5945172 0.1029327 True
91 0 4 892 981 186 245 3836 0 0.7305275 True
91 0 9 974 1164 111 248 23172 0 0.8902036 True
91 0 3 847 889 186 217 870 0 0.6682028 True
91 1 5 1053 1241 182 374 28622 0.7018367 0.792941 True
91 1 4 875 961 186 245 3702 0 0.7296019 True
91 1 9 959 1143 111 248 22280 0 0.8838464 True
91 1 3 837 877 186 217 862 0 0.6951613 True
92 0 5 1077 1241 182 374 22464 0.6907153 0.7134146 True
92 0 4 888 971 185 241 3368 0 0.7246127 True
92 0 9 966 1143 115 245 20371 0 0.8853107 True
92 0 3 846 885 185 215 815 0 0.6965812 True
92 1 5 1028 1241 182 374 33519 0.4323366 0.8196156 True
92 1 4 872 951 185 241 3252 0 0.7350814 True
92 1 9 952 1123 115 245 18998 0 0.8546109 True
92 1 3 835 874 185 215 797 0 0.6811966 True
93 0 5 1050 1241 181 374 27828 0.4233862 0.7549033 True
93 0 4 883 960 185 237 2980 0 0.7442557 True
93 0 9 959 1124 119 241 17765 0 0.8825136 True
93 0 3 844 882 185 214 755 0 0.685118 True
93 1 5 1006 1241 181 374 37716 0.2510935 0.8315731 True
93 1 4 868 942 185 237 2882 0 0.7489605 True
93 1 9 945 1105 119 241 15994 0 0.8193647 True
93 1 3 834 871 185 214 728 0 0.6784716 True
94 0 5 1028 1241 181 374 30110 0.2536985 0.732443 True
94 0 4 879 951 185 234 2646 0 0.75 True
94 0 9 953 1107 122 238 15314 0 0.8572548 True
94 0 3 842 879 185 213 702 0 0.6776062 True
94 1 5 988 1241 181 374 37869 0.1115184 0.7755432 True
94 1 4 864 934 185 234 2566 0 0.7481049 True
94 1 9 940 1089 122 238 13588 0 0.7861606 True
94 1 3 832 868 185 213 665 0 0.6597222 True
95 0 5 1010 1241 181 368 30250 0.08900225 0.7002801 True
95 0 4 875 943 185 231 2356 0 0.753197 True
95 0 9 947 1091 125 235 13187 0 0.8325126 True
95 0 3 841 876 185 212 650 0 0.6878307 True
95 1 5 972 1241 181 372 36747 0.01477152 0.7152144 True
95 1 12 1136 1241 188 225 255 0.002517402 0.06563707 True
95 1 4 861 927 185 231 2295 0 0.7559289 True
95 1 9 934 1074 125 235 11736 0 0.7620779 True
95 1 3 831 866 185 212 607 0 0.642328 True
96 0 5 993 1241 181 349 30059 0.008776903 0.7214622 True
96 0 12 1137 1241 188 225 221 0.004776061 0.05743243 True
96 0 4 872 935 184 228 2094 0 0.7554113 True
96 0 9 941 1077 127 232 11321 0 0.7927871 True
96 0 3 839 873 185 211 622 0 0.7036199 True
96 1 5 958 1223 181 350 29604 0 0.6610249 True
96 1 12 1125 1230 188 225 1383 0 0.3559846 True
96 1 4 858 920 184 228 2050 0 0.7514663 True
96 1 9 929 1061 127 232 10096 0 0.7284271 True
96 1 3 830 863 185 211 564 0 0.6573427 True
97 0 5 979 1224 181 332 24590 0 0.6646844 True
97 0 12 1127 1230 187 224 1104 0 0.2896878 True
97 0 4 868 928 184 226 1885 0 0.7480159 True
97 0 9 936 1064 130 230 9946 0 0.7770312 True
97 0 3 838 870 184 210 576 0 0.6923077 True
97 1 5 947 1176 181 332 23223 0 0.6715926 True
97 1 12 1115 1218 187 224 1711 0 0.4489635 True
97 1 4 856 914 184 226 1833 0 0.752463 True
97 1 9 924 1048 130 230 8879 0 0.7160484 True
97 1 3 829 861 184 210 523 0 0.6286058 True
98 0 5 968 1182 181 317 19697 0 0.6767798 True
98 0 12 1119 1220 187 223 1502 0 0.4130913 True
98 0 4 865 922 184 223 1704 0 0.7665317 True
98 0 9 931 1052 132 228 8693 0 0.7483643 True
98 0 3 836 868 184 209 538 0 0.6725 True
98 1 5 938 1139 181 317 18649 0 0.6822139 True
98 1 12 1107 1208 187 223 1969 0 0.5415292 True
98 1 4 853 908 184 223 1667 0 0.7771562 True
98 1 9 920 1037 132 228 7737 0 0.6888354 True
98 1 3 827 859 184 209 487 0 0.60875 True
99 0 5 956 1146 181 304 16032 0 0.6860077 True
99 0 12 1111 1211 187 223 1800 0 0.5 True
99 0 4 863 916 184 221 1529 0 0.7797042 True
99 0 9 926 1041 134 225 7663 0 0.7322503 True
99 0 3 835 865 184 208 486 0 0.675 True
99 1 5 928 1107 181 304 15219 0 0.6912386 True
99 1 12 1099 1198 187 223 1900 0 0.5331089 True
99 1 6 1140 1241 221 374 4706 0.9789206 0.3045363 True
99 1 4 851 903 184 221 1495 0 0.777027 True
99 1 9 915 1027 134 225 6803 0 0.6674843 True
99 1 3 826 856 184 208 445 0 0.6180556 True
100 0 5 946 1116 180 293 13275 0 0.6910464 True
100 0 12 1103 1201 187 222 1844 0 0.5376093 True
100 0 6 1157 1241 215 374 4905 0.976913 0.3672507 True
100 0 4 860 910 183 219 1386 0 0.77 True
100 0 9 922 1031 136 224 6782 0 0.7070475 True
100 0 3 833 863 184 207 449 0 0.6507246 True
100 1 5 920 1081 180 293 12640 0 0.6947727 True
100 1 12 1092 1189 187 222 1840 0 0.5419735 True
100 1 6 1094 1241 215 374 12421 0.9273285 0.5314252 True
100 1 4 848 897 183 219 1365 0 0.7738096 True
100 1 9 911 1017 136 224 6030 0 0.6464408 True
100 1 3 825 854 184 207 396 0 0.5937032 True
101 0 5 936 1091 180 284 11185 0 0.6938586 True
101 0 12 1097 1193 187 222 1821 0 0.5419643 True
101 0 6 1114 1241 211 374 11772 0.8232091 0.5686682 True
101 0 4 857 905 183 218 1262 0 0.7511905 True
101 0 9 917 1021 137 222 6114 0 0.6916289 True
101 0 3 832 861 184 206 421 0 0.6598746 True
101 1 5 912 1058 180 284 10684 0 0.7036354 True
101 1 12 1085 1181 187 222 1802 0 0.5363095 True
101 1 6 1058 1241 211 374 20333 0.5941141 0.6816521 True
101 1 4 846 892 183 218 1237 0 0.768323 True
101 1 9 907 1008 137 222 5453 0 0.6351776 True
101 1 3 824 852 184 206 384 0 0.6233766 True
102 0 5 928 1069 180 276 9470 0 0.6996158 True
102 0 12 1090 1186 187 221 1873 0 0.5738358 True
102 0 6 1080 1241 207 374 17223 0.5683106 0.6405698 True
102 0 4 854 900 183 216 1159 0 0.7635046 True
102 0 9 914 1012 139 220 5413 0 0.6819098 True
102 1 5 905 1038 180 276 9077 0 0.7109179 True
102 1 12 1079 1174 187 221 1845 0 0.5712074 True
102 1 6 1031 1241 207 374 25363 0.3561391 0.7232107 True
102 1 4 844 888 183 216 1128 0 0.7768595 True
102 1 9 904 1000 139 220 4882 0 0.6278292 True
103 0 5 921 1049 180 269 8137 0 0.7142732 True
103 0 12 1084 1178 187 221 1880 0 0.5882353 True
103 0 6 1053 1241 205 374 21358 0.3354757 0.6722271 True
103 0 4 851 895 183 214 1048 0 0.7683284 True
103 0 9 910 1004 140 219 4844 0 0.6523027 True
103 1 5 899 1021 180 269 7813 0 0.7195616 True
103 1 12 1073 1166 187 221 1860 0 0.5882353 True
103 1 6 1009 1241 205 374 28424 0.1691072 0.7249541 True
103 1 4 842 884 183 214 1027 0 0.7887865 True
103 1 9 900 992 140 219 4401 0 0.6055311 True
104 0 5 914 1032 180 263 7016 0 0.7163569 True
104 0 12 1078 1171 186 220 1802 0 0.5698925 True
104 0 6 1029 1241 202 368 22285 0.1031945 0.6332405 True
104 0 4 849 890 183 213 953 0 0.7747967 True
104 0 9 906 996 141 217 4396 0 0.6426901 True
104 1 5 893 1006 180 263 6746 0 0.7192665 True
104 1 12 1067 1159 186 220 1802 0 0.5760869 True
104 1 6 989 1241 202 372 27285 0.006546259 0.6369048 True
104 1 4 839 879 183 213 940 0 0.7833334 True
104 1 9 897 985 141 217 4033 0 0.6030203 True
105 0 5 908 1017 180 257 6118 0 0.7289408 True
105 0 12 1072 1163 186 220 1509 0 0.4877182 True
105 0 6 1009 1241 200 347 21797 0.005966663 0.6391332 True
105 0 4 847 886 183 211 880 0 0.8058608 True
105 0 9 902 989 143 216 4027 0 0.6340734 True
105 1 5 888 993 180 257 5848 0 0.7233148 True
105 1 12 1061 1151 186 220 1587 0 0.5186275 True
105 1 6 973 1216 200 349 21097 0 0.5826774 True
105 1 4 838 876 183 211 872 0 0.8195488 True
105 1 9 893 978 143 216 3779 0 0.609025 True
106 0 5 902 1004 180 252 5390 0 0.7339324 True
106 0 12 1066 1156 186 219 1318 0 0.443771 True
106 0 6 993 1216 198 329 17141 0 0.5867593 True
106 0 4 845 882 182 210 823 0 0.7944015 True
106 0 9 899 982 144 215 3736 0 0.6339725 True
106 1 5 883 981 180 252 5087 0 0.7209467 True
106 1 12 1056 1144 186 219 1522 0 0.5241047 True
106 1 10 1231 1241 200 297 113 0.9976413 0.1164948 True
106 1 6 959 1169 198 329 16246 0 0.5905489 True
106 1 4 836 872 182 210 804 0 0.797619 True
106 1 9 890 971 144 215 3544 0 0.6162407 True
107 0 5 897 991 180 248 4736 0 0.7409261 True
107 0 12 1063 1151 186 219 1316 0 0.453168 True
107 0 10 1229 1241 198 288 217 0.9957999 0.2009259 True
107 0 6 978 1174 197 314 13597 0 0.5929269 True
107 0 4 843 879 182 209 756 0 0.7777778 True
107 0 9 896 975 145 213 3372 0 0.6276992 True
107 1 5 879 970 180 248 4412 0 0.7129929 True
107 1 12 1052 1140 186 219 1565 0 0.5389118 True
107 1 10 1197 1241 198 297 2090 0.9431387 0.479798 True
107 1 6 948 1132 197 314 12925 0 0.6003809 True
107 1 4 834 869 182 209 749 0 0.7925926 True
107 1 9 888 965 145 213 3259 0 0.6224217 True
108 0 5 892 981 180 244 4151 0 0.728757 True
108 0 12 1059 1147 186 219 1443 0 0.4969008 True
108 0 10 1197 1241 197 288 1927 0.9355536 0.4812687 True
108 0 6 965 1138 195 301 10898 0 0.5942851 True
108 0 4 841 875 182 208 700 0 0.7918552 True
108 0 9 893 969 146 212 3115 0 0.6210127 True
108 1 5 875 960 180 244 3847 0 0.7071691 True
108 1 12 1048 1135 186 219 1669 0 0.5813305 True
108 1 10 1167 1241 197 296 3906 0.8137909 0.5331695 True
108 1 6 937 1100 195 301 10384 0 0.6009955 True
108 1 4 833 866 182 208 697 0 0.8123543 True
108 1 9 885 959 146 212 3051 0 0.6246929 True
109 0 5 888 971 180 241 3676 0 0.7260517 True
109 0 12 1055 1142 186 219 1603 0 0.558342 True
109 0 10 1170 1241 196 288 3530 0.7995645 0.5404164 True
109 0 6 954 1108 194 290 8921 0 0.6034226 True
109 0 4 839 872 182 207 650 0 0.7878788 True
109 0 9 891 963 147 211 2900 0 0.6293403 True
109 1 5 872 952 180 241 3396 0 0.6959016 True
109 1 12 1045 1131 186 219 1704 0 0.6004229 True
109 1 10 1142 1241 196 296 6097 0.6146128 0.6158586 True
109 1 6 928 1073 194 290 8521 0 0.6121408 True
109 1 4 831 864 182 207 637 0 0.7721212 True
109 1 9 882 953 147 211 2880 0 0.6338028 True
110 0 5 883 962 180 237 3231 0 0.7175217 True
110 0 12 1052 1137 186 218 1734 0 0.6375 True
110 0 10 1145 1241 195 287 5588 0.5823307 0.6326993 True
110 0 6 945 1083 193 281 7440 0 0.6126482 True
110 0 4 837 869 182 206 614 0 0.7994792 True
110 0 9 887 957 148 210 2731 0 0.6292627 True
110 1 5 868 943 180 237 2996 0 0.7008187 True
110 1 12 1041 1126 186 218 1695 0 0.6231618 True
110 1 10 1119 1241 195 294 7939 0.3510595 0.6573108 True
110 1 6 920 1052 193 281 7130 0 0.6138085 True
110 1 4 830 861 182 206 603 0 0.8104839 True
110 1 9 880 948 148 210 2749 0 0.6520398 True
111 0 5 880 953 180 235 2883 0 0.7180573 True
111 0 12 1049 1134 186 218 1713 0 0.6297794 True
111 0 10 1123 1241 194 284 7130 0.3232319 0.6713747 True
111 0 6 936 1061 192 273 6233 0 0.6156049 True
111 0 4 836 866 182 205 578 0 0.8376812 True
111 0 9 885 952 149 209 2563 0 0.6375622 True
111 1 5 865 936 180 235 2671 0 0.6839949 True
111 1 12 1038 1122 186 218 1693 0 0.6298363 True
111 1 10 1099 1241 194 286 9086 0.1588251 0.6954991 True
111 1 6 912 1032 192 273 5979 0 0.6151235 True
111 1 4 828 858 182 205 561 0 0.8130435 True
111 1 9 877 943 149 209 2585 0 0.6527778 True
112 0 5 876 945 180 232 2571 0 0.7165552 True
112 0 12 1046 1130 186 218 1689 0 0.6283482 True
112 0 10 1104 1241 193 277 8122 0.1320302 0.7057699 True
112 0 6 928 1042 192 266 5304 0 0.628734 True
112 0 4 834 863 182 204 522 0 0.8181818 True
112 0 9 882 947 150 208 2442 0 0.6477454 True
112 1 5 862 929 180 232 2370 0 0.6802526 True
112 1 12 1035 1119 186 218 1607 0 0.5978423 True
112 1 10 1081 1241 193 279 9687 0.0311026 0.7039971 True
112 1 6 906 1015 192 266 5092 0 0.6312919 True
112 1 4 827 856 182 204 519 0 0.8134796 True
112 1 9 874 938 150 208 2444 0 0.6584052 True
113 0 5 873 938 180 229 2284 0 0.7171115 True
113 0 12 1043 1126 186 218 1536 0 0.5783132 True
113 0 10 1087 1241 192 271 8638 0.0182023 0.7100115 True
113 0 6 920 1025 191 259 4549 0 0.6371148 True
113 0 4 832 861 182 203 501 0 0.8226601 True
113 0 9 879 942 151 208 2333 0 0.6496798 True
113 1 5 859 922 180 229 2106 0 0.6822158 True
113 1 12 1032 1115 186 218 1333 0 0.5018826 True
113 1 10 1065 1241 192 272 9035 0 0.6416903 True
113 1 6 900 1000 191 259 4379 0 0.6439706 True
113 1 4 825 853 182 203 488 0 0.829932 True
113 1 9 872 934 151 208 2306 0 0.6525184 True
114 0 5 870 931 180 227 2063 0 0.7195675 True
114 0 12 1040 1122 186 217 1240 0 0.4878049 True
114 0 10 1072 1238 191 266 7947 0 0.6383132 True
114 0 6 914 1010 190 254 3935 0 0.6404622 True
114 0 4 831 858 182 203 464 0 0.8183421 True
114 0 9 877 938 152 207 2228 0 0.6640835 True
114 1 5 857 916 180 227 1869 0 0.6739992 True
114 1 12 1029 1111 186 217 1018 0 0.4004721 True
114 1 10 1051 1211 191 266 7700 0 0.6416667 True
114 1 6 894 987 190 254 3795 0 0.6376008 True
114 1 4 824 851 182 203 460 0 0.8112875 True
114 1 9 870 930 152 207 2229 0 0.6754546 True
115 0 5 867 925 180 225 1851 0 0.7091954 True
115 0 12 1039 1122 186 217 863 0 0.3354062 True
115 0 10 1058 1210 190 260 6823 0 0.6412594 True
115 0 6 908 997 190 249 3440 0 0.6551133 True
115 0 9 875 934 152 206 2101 0 0.6594476 True
115 1 5 854 911 180 225 1692 0 0.6596491 True
115 1 12 1029 1111 186 217 640 0 0.2517703 True
115 1 10 1038 1185 190 260 6610 0 0.6423712 True
115 1 6 889 975 190 249 3324 0 0.6551045 True
115 1 9 868 926 152 206 2108 0 0.6730524 True
116 0 5 864 920 180 223 1691 0 0.7022426 True
116 0 12 1039 1122 186 217 484 0 0.1881073 True
116 0 10 1045 1184 190 255 5906 0 0.6536801 True
116 0 6 902 986 189 245 3024 0 0.6428571 True
116 0 9 872 930 153 205 1971 0 0.6535146 True
116 1 5 852 906 180 223 1534 0 0.6606374 True
116 1 12 1029 1111 186 217 289 0 0.11369 True
116 1 10 1026 1161 190 255 5727 0 0.6526496 True
116 1 6 885 965 189 245 2930 0 0.6540179 True
116 1 9 865 922 153 205 1988 0 0.6707153 True
117 0 5 861 915 179 222 1534 0 0.6606374 True
117 0 12 1039 1121 186 217 156 0 0.061369 True
117 0 10 1033 1162 189 250 5146 0 0.6539586 True
117 0 6 897 975 189 241 2682 0 0.6612426 True
117 0 9 870 926 154 204 1837 0 0.6560714 True
117 1 5 849 901 179 222 1399 0 0.6256709 True
117 1 12 1029 1110 186 217 80 0 0.03185982 True
117 1 10 1016 1140 189 250 5010 0 0.662348 True
117 1 6 880 956 189 241 2597 0 0.6571356 True
117 1 9 863 918 154 204 1863 0 0.6774545 True
118 0 5 858 910 179 220 1388 0 0.6510319 True
118 0 12 1039 1121 186 217 55 0 0.02163651 True
118 0 10 1022 1142 189 246 4540 0 0.6637427 True
118 0 6 892 965 188 238 2378 0 0.6515068 True
118 0 9 868 922 154 204 1770 0 0.6555555 True
118 1 5 847 897 179 220 1268 0 0.6185366 True
118 1 12 1028 1110 186 217 152 0 0.05979544 True
118 1 10 1006 1121 189 246 4411 0 0.6729214 True
118 1 6 876 947 188 238 2310 0 0.6507042 True
118 1 9 861 915 154 204 1824 0 0.6755555 True
119 0 5 856 906 179 218 1264 0 0.6482051 True
119 0 12 1038 1121 186 217 276 0 0.1072678 True
119 0 10 1012 1123 188 243 4019 0 0.6583129 True
119 0 6 888 956 188 235 2137 0 0.6686483 True
119 0 9 866 919 155 203 1678 0 0.6595912 True
119 1 5 845 893 179 218 1160 0 0.6196581 True
119 1 12 1028 1109 186 217 474 0 0.1887694 True
119 1 10 996 1104 188 243 3919 0 0.6597643 True
119 1 6 872 939 188 235 2074 0 0.6586218 True
119 1 9 860 911 155 203 1708 0 0.6977124 True
120 0 5 854 901 179 217 1156 0 0.6472564 True
120 0 12 1038 1120 186 217 632 0 0.2486231 True
120 0 10 1003 1107 188 240 3576 0 0.6612426 True
120 0 6 884 948 187 232 1899 0 0.659375 True
120 0 9 864 915 156 203 1574 0 0.6566542 True
120 1 5 843 890 179 217 1066 0 0.5968645 True
120 1 12 1028 1109 186 217 796 0 0.3170052 True
120 1 10 988 1088 188 240 3499 0 0.6728846 True
120 1 6 869 932 187 232 1850 0 0.6525573 True
120 1 9 858 908 156 203 1622 0 0.6902128 True
121 0 5 852 898 179 216 1049 0 0.6163337 True
121 0 12 1038 1120 186 217 961 0 0.3780488 True
121 0 10 995 1092 188 237 3220 0 0.6774669 True
121 0 6 880 941 187 229 1720 0 0.6713505 True
121 0 9 862 912 156 202 1529 0 0.6647826 True
121 1 5 841 886 179 216 983 0 0.5903904 True
121 1 12 1028 1109 186 217 1087 0 0.4328953 True
121 1 10 980 1074 188 237 3135 0 0.680634 True
121 1 6 866 925 187 229 1683 0 0.6791767 True
121 1 9 856 905 156 202 1559 0 0.6916593 True
122 0 5 850 894 179 214 962 0 0.6246753 True
122 0 12 1038 1120 186 217 1223 0 0.4811172 True
122 0 10 986 1077 187 234 2869 0 0.6707973 True
122 0 6 876 934 187 227 1575 0 0.6788793 True
122 0 9 861 909 157 201 1433 0 0.6785038 True
122 1 5 840 883 179 214 885 0 0.5880399 True
122 1 12 1028 1109 186 217 1330 0 0.5296695 True
122 1 10 972 1060 187 234 2807 0 0.6786751 True
122 1 6 863 919 187 227 1531 0 0.6834822 True
122 1 9 855 902 157 201 1460 0 0.7059962 True
123 0 5 848 891 179 213 892 0 0.6101231 True
123 0 12 1038 1120 186 217 1424 0 0.5601888 True
123 0 10 979 1064 187 231 2615 0 0.6991979 True
123 0 6 873 928 186 225 1437 0 0.66993 True
123 0 9 859 906 157 201 1388 0 0.6711799 True
123 1 5 838 880 179 213 826 0 0.5784314 True
123 1 12 1028 1109 186 217 1486 0 0.5917961 True
123 1 10 965 1048 187 231 2550 0 0.6982476 True
123 1 6 860 914 186 225 1408 0 0.668566 True
123 1 9 853 899 157 201 1409 0 0.6961462 True
124 0 5 846 887 179 212 827 0 0.6112343 True
124 0 12 1038 1120 186 217 1578 0 0.6207711 True
124 0 10 972 1053 187 229 2376 0 0.6984127 True
124 0 6 870 923 186 223 1311 0 0.6685365 True
124 0 9 857 902 158 200 1308 0 0.6920635 True
124 1 5 837 877 179 212 758 0 0.5742424 True
124 1 12 1028 1109 186 217 1609 0 0.6407806 True
124 1 10 959 1038 187 229 2335 0 0.7037372 True
124 1 6 858 909 186 223 1286 0 0.681505 True
124 1 9 851 896 158 200 1319 0 0.6978836 True
125 0 5 844 883 179 211 767 0 0.6145833 True
125 0 12 1038 1120 186 217 1625 0 0.6392604 True
125 0 10 965 1042 186 227 2155 0 0.6826101 True
125 0 6 867 918 186 221 1199 0 0.6717087 True
125 0 9 856 899 158 200 1257 0 0.6960133 True
125 1 5 835 873 179 211 711 0 0.5847039 True
125 1 12 1027 1109 186 217 1611 0 0.6337529 True
125 1 10 953 1027 186 227 2116 0 0.6974291 True
125 1 6 855 904 186 221 1173 0 0.683965 True
125 1 9 850 893 158 200 1270 0 0.7032115 True
126 0 5 842 880 179 210 722 0 0.6129032 True
126 0 12 1038 1120 186 217 1618 0 0.6365067 True
126 0 10 959 1031 186 225 1983 0 0.7061966 True
126 0 6 865 913 185 220 1109 0 0.6601191 True
126 0 9 854 897 159 199 1188 0 0.6906977 True
126 1 5 834 871 179 210 672 0 0.5858762 True
126 1 12 1027 1109 186 217 1604 0 0.6309992 True
126 1 10 947 1018 186 225 1941 0 0.7009751 True
126 1 6 853 900 185 220 1075 0 0.6534954 True
126 1 9 849 890 159 199 1211 0 0.7384146 True
127 0 5 841 877 179 209 674 0 0.6240741 True
127 0 12 1038 1119 186 217 1621 0 0.6455595 True
127 0 10 953 1022 186 223 1814 0 0.7105366 True
127 0 6 862 909 185 218 1030 0 0.6640877 True
127 0 9 853 894 159 199 1143 0 0.6969512 True
127 1 5 832 868 179 209 627 0 0.5805556 True
127 1 12 1027 1108 186 217 1602 0 0.6379929 True
127 1 10 941 1008 186 223 1777 0 0.7168213 True
127 1 6 851 896 185 218 1006 0 0.6774411 True
127 1 9 847 888 159 199 1176 0 0.7170731 True
128 0 5 839 874 179 208 634 0 0.6246306 True
128 0 12 1038 1119 186 217 1611 0 0.6415771 True
128 0 10 947 1013 185 221 1676 0 0.7053872 True
128 0 6 860 904 185 217 959 0 0.6811079 True
128 0 9 851 891 159 198 1069 0 0.6852564 True
128 1 5 831 865 179 208 589 0 0.5973631 True
128 1 12 1027 1108 186 217 1593 0 0.6344086 True
128 1 10 936 1000 185 221 1635 0 0.7096354 True
128 1 6 849 893 185 217 940 0 0.6676136 True
128 1 11 1206 1241 158 307 671 0.9759548 0.1286673 True
128 1 9 846 885 159 198 1088 0 0.7153189 True
129 0 5 837 872 179 207 598 0 0.6102041 True
129 0 12 1038 1119 186 217 1615 0 0.6431701 True
129 0 10 942 1005 185 220 1542 0 0.6993197 True
129 0 6 858 900 185 215 886 0 0.7031746 True
129 0 11 1205 1241 159 296 918 0.9688843 0.1861314 True
129 0 9 850 889 160 198 1040 0 0.7017544 True
129 1 5 829 863 179 207 562 0 0.5903361 True
129 1 12 1027 1108 186 217 1596 0 0.6356034 True
129 1 10 931 992 185 220 1515 0 0.7096019 True
129 1 6 847 889 185 215 856 0 0.6793651 True
129 1 11 1172 1241 158 307 4398 0.8866389 0.4277794 True
129 1 9 845 883 160 198 1069 0 0.7403047 True
130 0 5 836 869 179 206 547 0 0.6139169 True
130 0 12 1037 1119 186 217 1610 0 0.6333596 False
130 0 10 937 997 185 218 1427 0 0.7207071 True
130 0 6 856 896 185 214 812 0 0.7 True
130 0 11 1173 1241 159 296 4124 0.8739532 0.4426793 True
130 0 9 849 886 160 197 998 0 0.7289993 True
130 1 5 828 860 179 206 508 0 0.587963 True
130 1 12 1027 1108 186 217 1594 0 0.6348069 False
130 1 10 926 985 185 218 1399 0 0.7185413 True
130 1 6 846 885 185 214 799 0 0.7064545 True
130 1 11 1143 1241 158 307 7801 0.7309148 0.5342419 True
130 1 9 844 881 160 197 1041 0 0.7604091 True
131 0 5 835 867 179 206 517 0 0.5983796 True
131 0 12 1037 1119 186 217 1615 0 0.6353265 False
131 0 10 932 989 185 217 1313 0 0.7198465 True
131 0 6 853 893 184 213 760 0 0.6551724 True
131 0 11 1147 1241 159 296 7028 0.7082419 0.5457369 True
131 0 9 848 884 161 197 944 0 0.728395 True
131 1 5 827 858 179 206 484 0 0.5782557 True
131 1 12 1027 1108 186 217 1599 0 0.6367981 False
131 1 10 922 978 185 217 1304 0 0.7276786 True
131 1 6 844 882 184 213 745 0 0.6760436 True
131 1 11 1118 1241 158 306 10774 0.5136905 0.591848 True
131 1 9 843 878 161 197 966 0 0.7666667 True
132 0 5 834 865 179 205 475 0 0.58933 True
132 0 12 1037 1118 186 217 1607 0 0.6399841 False
132 0 10 928 983 185 216 1222 0 0.7167155 True
132 0 6 851 889 184 212 715 0 0.6719925 True
132 0 11 1123 1241 160 296 9727 0.4765099 0.6061192 True
132 0 9 846 882 161 197 910 0 0.7021605 True
132 1 5 827 856 179 205 449 0 0.5954907 True
132 1 12 1026 1107 186 217 1590 0 0.6332139 False
132 1 10 918 971 185 216 1199 0 0.7297626 True
132 1 6 842 879 184 212 699 0 0.6747105 True
132 1 11 1096 1241 159 298 13234 0.2825832 0.6566113 True
132 1 9 841 876 161 197 935 0 0.7420635 True
133 0 5 833 863 179 204 444 0 0.592 True
133 0 12 1036 1118 186 217 1609 0 0.6329662 False
133 0 10 924 976 185 215 1132 0 0.725641 True
133 0 6 850 886 184 211 666 0 0.6851852 True
133 0 11 1102 1241 161 288 11791 0.2555213 0.6679318 True
133 0 9 845 880 161 196 845 0 0.6897959 True
133 1 5 826 855 179 204 407 0 0.5613793 True
133 1 12 1026 1107 186 217 1463 0 0.5826364 False
133 1 10 914 965 185 215 1111 0 0.7261438 True
133 1 6 840 876 184 211 661 0 0.6800411 True
133 1 11 1077 1241 161 289 14718 0.1204664 0.7011243 True
133 1 9 840 874 161 196 883 0 0.7420168 True
134 0 5 833 861 179 203 412 0 0.6130952 True
134 0 12 1036 1117 186 217 1351 0 0.5380327 False
134 0 10 920 970 184 213 1062 0 0.7324138 True
134 0 6 848 883 184 210 634 0 0.6967033 True
134 0 11 1083 1241 162 280 13178 0.09622961 0.7068226 True
134 0 9 844 877 162 196 837 0 0.7459893 True
134 1 5 825 853 179 203 384 0 0.5714286 True
134 1 12 1026 1106 186 217 1016 0 0.4096774 False
134 1 10 910 959 184 213 1049 0 0.7382125 True
134 1 6 839 873 184 210 621 0 0.7024887 True
134 1 11 1060 1241 162 281 15814 0.02159345 0.7342031 True
134 1 9 839 872 162 196 869 0 0.7745098 True
135 0 5 832 859 179 203 369 0 0.5694444 True
135 0 12 1036 1117 186 217 879 0 0.3500597 True
135 0 10 916 964 184 212 997 0 0.7418154 True
135 0 6 846 880 184 209 606 0 0.7129412 True
135 0 11 1066 1241 164 273 14163 0.0156858 0.7424902 True
135 0 9 843 876 162 195 794 0 0.7291093 True
135 1 5 825 852 179 203 346 0 0.5339506 True
135 1 12 1025 1106 186 217 587 0 0.2337714 True
135 1 10 907 954 184 212 974 0 0.7401216 True
135 1 6 838 871 184 209 583 0 0.7066666 True
135 1 11 1045 1236 164 274 14044 0 0.6684436 True
135 1 9 838 870 162 195 824 0 0.780303 True
136 0 12 1036 1117 186 217 464 0 0.1847869 True
136 0 10 912 959 184 211 945 0 0.7446808 True
136 0 6 845 877 184 208 553 0 0.7200521 True
136 0 11 1051 1231 165 267 12237 0 0.6665033 True
136 0 9 842 874 163 195 888 0 0.8671875 True
136 1 12 1026 1106 186 217 213 0 0.0858871 True
136 1 10 904 949 184 211 931 0 0.7662551 True
136 1 6 836 868 184 208 549 0 0.7148438 True
136 1 11 1031 1204 165 267 11809 0 0.6692168 True
136 1 9 837 869 163 195 865 0 0.8447266 True
137 0 12 1036 1117 186 217 133 0 0.05296694 True
137 0 10 909 954 184 210 888 0 0.7589744 True
137 0 6 843 875 183 207 525 0 0.6835938 True
137 0 11 1038 1201 166 261 10413 0 0.6724572 True
137 0 9 841 872 163 195 865 0 0.8719758 True
137 1 12 1026 1106 186 217 6 0 0.002419355 True
137 1 10 901 944 184 210 871 0 0.7790698 True
137 1 6 835 866 183 207 508 0 0.6827957 True
137 1 11 1019 1176 166 261 10051 0 0.6738853 True
137 1 9 837 867 163 195 860 0 0.8958333 True
138 0 10 906 950 184 210 826 0 0.722028 True
138 0 6 842 873 183 206 497 0 0.6970547 True
138 0 11 1026 1176 167 256 8961 0 0.671236 True
138 0 9 840 870 163 194 812 0 0.8731183 True
138 1 10 898 940 184 210 813 0 0.7445055 True
138 1 6 834 864 183 206 488 0 0.7072464 True
138 1 11 1008 1152 167 256 8653 0 0.6751717 True
138 1 9 836 866 163 194 800 0 0.8602151 True
139 0 10 903 945 184 209 774 0 0.7371429 True
139 0 6 841 871 183 205 465 0 0.7045454 True
139 0 11 1015 1152 167 251 7727 0 0.671446 True
139 0 9 839 869 164 194 774 0 0.86 True
139 1 10 895 936 184 209 769 0 0.7502439 True
139 1 6 833 863 183 205 454 0 0.6878788 True
139 1 11 997 1130 167 251 7478 0 0.6693519 True
139 1 9 835 864 164 194 779 0 0.8954023 True
140 0 10 900 940 184 208 738 0 0.76875 True
140 0 6 840 869 183 205 429 0 0.6724138 True
140 0 11 1004 1131 168 247 6732 0 0.6709858 True
140 1 12 1026 1107 186 217 66 0 0.02628435 True
140 1 10 892 931 184 208 730 0 0.7799146 True
140 1 6 832 861 183 205 426 0 0.6677116 True
140 1 11 988 1110 168 247 6521 0 0.6765926 True
141 0 12 1037 1118 186 217 285 0 0.1135006 True
141 0 10 897 936 183 207 692 0 0.7393162 True
141 0 6 839 867 183 204 415 0 0.7057823 True
141 0 11 995 1112 169 243 5902 0 0.6816817 True
141 1 12 1026 1107 186 217 484 0 0.1927519 True
141 1 10 889 927 183 207 680 0 0.7456141 True
141 1 6 832 859 183 204 415 0 0.7319224 True
141 1 11 979 1093 169 243 5730 0 0.6792319 True
142 0 12 1037 1119 186 217 711 0 0.279701 True
142 0 10 894 932 183 206 665 0 0.7608696 True
142 0 11 986 1096 169 239 5244 0 0.681039 True
142 1 12 1027 1108 186 217 889 0 0.3540422 True
142 1 10 886 924 183 206 659 0 0.7540046 True
142 1 11 971 1077 169 239 5091 0 0.6861186 True
143 0 12 1037 1119 186 217 1059 0 0.4166011 True
143 0 10 891 928 183 206 629 0 0.7391304 True
143 0 11 979 1081 170 236 4662 0 0.6925133 True
143 1 12 1027 1108 186 217 1215 0 0.483871 True
143 1 10 884 920 183 206 620 0 0.7487923 True
143 1 11 964 1063 170 236 4529 0 0.6931435 True
144 0 12 1037 1119 186 217 1352 0 0.5318647 True
144 0 10 889 924 183 205 591 0 0.7675325 True
144 0 11 971 1067 170 234 4179 0 0.6801758 True
144 1 12 1027 1108 186 217 1450 0 0.5774592 True
144 1 10 881 917 183 205 588 0 0.7424242 True
144 1 11 957 1050 170 234 4055 0 0.6812836 True
145 0 12 1037 1119 186 217 1579 0 0.6211644 True
145 0 10 886 921 183 204 563 0 0.7659864 True
145 0 11 964 1054 170 231 3729 0 0.679235 True
145 1 12 1027 1108 186 217 1605 0 0.6391876 True
145 1 10 879 913 183 204 553 0 0.7745098 True
145 1 11 951 1038 170 231 3616 0 0.6813642 True
146 0 12 1037 1119 186 217 1616 0 0.6357199 True
146 0 10 884 918 183 204 528 0 0.7394958 True
146 0 11 957 1042 171 228 3350 0 0.6914344 True
146 1 12 1027 1108 186 217 1598 0 0.6363999 True
146 1 10 877 910 183 204 520 0 0.7503607 True
146 1 11 945 1027 171 228 3265 0 0.6985452 True
147 0 12 1036 1118 186 217 1619 0 0.6369001 True
147 0 10 882 915 183 203 501 0 0.7590909 True
147 0 11 951 1031 171 226 3017 0 0.6856818 True
147 1 12 1026 1107 186 217 1598 0 0.6363999 True
147 1 10 875 907 183 203 492 0 0.76875 True
147 1 11 939 1017 171 226 2948 0 0.6871795 True
148 0 12 1036 1118 186 217 1617 0 0.6361133 True
148 0 10 880 911 183 202 474 0 0.8047538 True
148 0 11 946 1021 171 224 2746 0 0.6908176 True
148 1 12 1026 1107 186 217 1598 0 0.6363999 True
148 1 10 873 904 183 202 459 0 0.7792869 True
148 1 11 934 1007 171 224 2672 0 0.6906177 True
149 0 12 1036 1117 186 217 1600 0 0.6371964 True
149 0 10 877 908 183 202 450 0 0.7640068 True
149 0 11 940 1012 172 222 2504 0 0.6955556 True
149 1 12 1025 1106 186 217 1590 0 0.6332139 True
149 1 10 871 901 183 202 444 0 0.7789474 True
149 1 11 929 999 172 222 2439 0 0.6968572 True
150 0 12 1035 1117 186 217 1602 0 0.6302124 True
150 0 10 876 905 182 201 429 0 0.7785844 True
150 0 11 935 1003 172 221 2293 0 0.6881753 True
150 1 12 1025 1106 186 217 1588 0 0.6324174 True
150 1 10 869 898 182 201 423 0 0.7676951 True
150 1 11 924 991 172 221 2232 0 0.679866 True
151 0 12 1034 1115 186 217 1595 0 0.6352051 True
151 0 10 874 902 182 201 409 0 0.768797 True
151 0 11 930 995 172 219 2104 0 0.6887071 True
151 1 12 1024 1104 186 217 1579 0 0.6366935 True
151 1 10 867 896 182 201 404 0 0.7332124 True
151 1 11 920 983 172 219 2056 0 0.69436 True
152 0 12 1033 1114 186 217 1589 0 0.6328156 True
152 0 10 872 900 182 200 390 0 0.7738096 True
152 0 11 926 988 172 218 1942 0 0.6809257 True
152 1 12 1023 1103 186 217 1576 0 0.6354839 True
152 1 10 866 893 182 200 396 0 0.8148148 True
152 1 11 916 976 172 218 1899 0 0.6880435 True
153 0 12 1032 1113 186 217 1584 0 0.6308244 True
153 0 11 922 981 173 216 1794 0 0.7071344 True
153 1 12 1022 1102 186 217 1566 0 0.6314516 True
153 1 11 912 969 173 216 1750 0 0.7139943 True
154 0 12 1031 1111 186 217 1573 0 0.6342742 True
154 0 11 918 975 173 215 1660 0 0.6934001 True
154 1 12 1021 1100 186 217 1553 0 0.6341364 True
154 1 11 908 963 173 215 1622 0 0.7021645 True
155 0 12 1030 1110 185 217 1576 0 0.615625 True
155 0 11 914 969 173 214 1548 0 0.6864745 True
155 1 12 1020 1099 185 217 1552 0 0.613924 True
155 1 11 905 958 173 214 1515 0 0.6971928 True
156 0 12 1027 1107 185 216 1553 0 0.6262097 True
156 0 11 910 963 173 213 1444 0 0.6811321 True
156 1 12 1017 1096 185 216 1542 0 0.6296448 True
156 1 11 901 953 173 213 1416 0 0.6807692 True
157 0 12 1025 1104 185 216 1549 0 0.632503 True
157 0 11 907 958 173 212 1356 0 0.6817496 True
157 1 12 1015 1093 185 216 1529 0 0.6323408 True
157 1 11 898 948 173 212 1327 0 0.6805128 True
158 0 12 1023 1101 185 216 1518 0 0.6277916 True
158 0 11 904 953 174 211 1267 0 0.6988417 True
158 1 12 1013 1091 185 216 1503 0 0.6215881 True
158 1 11 895 943 174 211 1249 0 0.7032658 True
159 0 12 1020 1098 185 216 1511 0 0.6248966 True
159 0 11 901 948 174 210 1189 0 0.7027187 True
159 1 12 1010 1088 185 216 1498 0 0.6195202 True
159 1 11 892 938 174 210 1163 0 0.7022947 True
160 0 12 1018 1096 185 216 1495 0 0.6182796 True
160 0 11 898 943 174 209 1115 0 0.7079365 True
160 1 12 1008 1085 185 216 1479 0 0.6196062 True
160 1 11 889 934 174 209 1098 0 0.6971428 True
161 0 12 1014 1091 185 215 1480 0 0.6406927 True
161 0 11 895 939 174 208 1052 0 0.7032086 True
161 1 12 1004 1080 185 215 1462 0 0.6412281 True
161 1 11 887 930 174 208 1030 0 0.7045144 True
162 0 12 1010 1087 185 215 1456 0 0.630303 True
162 0 11 892 935 174 207 993 0 0.6997886 True
162 1 12 1001 1076 185 215 1438 0 0.6391111 True
162 1 11 884 926 174 207 966 0 0.6969697 True
163 0 12 1007 1082 185 215 1415 0 0.6288889 True
163 0 11 889 931 174 207 948 0 0.6839827 True
163 1 12 997 1072 185 215 1404 0 0.624 True
163 1 11 882 922 174 207 935 0 0.7083333 True
164 0 12 1003 1078 185 215 1398 0 0.6213334 True
164 0 11 887 927 174 206 881 0 0.6882812 True
164 1 12 993 1067 185 215 1383 0 0.622973 True
164 1 11 879 919 174 206 863 0 0.6742188 True
165 0 12 1000 1074 185 214 1378 0 0.6421249 True
165 0 11 884 923 175 205 843 0 0.7205128 True
165 1 12 990 1063 185 214 1362 0 0.6433632 True
165 1 11 877 915 175 205 832 0 0.7298245 True
166 0 12 996 1068 185 214 1335 0 0.6393678 True
166 0 11 882 920 175 205 807 0 0.7078947 True
166 1 12 986 1058 185 214 1324 0 0.6340996 True
166 1 11 875 912 175 205 794 0 0.7153153 True
167 0 12 992 1063 185 214 1297 0 0.6299174 True
167 0 11 880 917 175 204 760 0 0.7082945 True
167 1 12 982 1053 185 214 1287 0 0.6250607 True
167 1 11 873 909 175 204 755 0 0.7231801 True
168 0 12 988 1058 185 213 1272 0 0.6489796 True
168 0 11 878 914 175 203 734 0 0.7281746 True
168 1 12 978 1048 185 213 1256 0 0.6408163 True
168 1 11 871 906 175 203 715 0 0.7295918 True
169 0 12 984 1053 185 213 1242 0 0.6428571 True
169 0 11 876 911 175 203 684 0 0.6979592 True
169 1 12 975 1043 185 213 1227 0 0.6444328 True
169 1 11 869 903 175 203 673 0 0.7069328 True
170 0 12 979 1047 185 213 1199 0 0.6297269 True
170 0 11 874 908 175 202 651 0 0.7091503 True
170 1 12 970 1037 185 213 1189 0 0.6337953 True
170 1 11 867 901 175 202 634 0 0.6906318 True
171 0 12 975 1041 185 212 1167 0 0.6548821 True
171 0 11 872 905 175 202 623 0 0.6992143 True
171 1 12 966 1031 185 212 1156 0 0.6586894 True
171 1 11 865 898 175 202 615 0 0.6902357 True
172 0 12 970 1035 184 212 1119 0 0.6148351 True
172 0 11 870 902 175 201 582 0 0.6995192 True
172 1 12 961 1025 184 212 1102 0 0.6149554 True
172 1 11 864 895 175 201 572 0 0.7096774 True
173 0 12 966 1029 184 212 1087 0 0.6162131 True
173 0 11 868 900 175 201 564 0 0.6778846 True
173 1 12 957 1019 184 212 1077 0 0.6203917 True
173 1 11 862 893 175 201 551 0 0.6836228 True
174 0 12 962 1023 184 211 1050 0 0.6375228 True
174 0 11 867 897 175 200 531 0 0.708 True
174 1 12 953 1013 184 211 1035 0 0.6388889 True
174 1 11 861 891 175 200 523 0 0.6973333 True
175 0 12 957 1017 184 211 1006 0 0.6209877 True
175 0 11 865 895 175 200 504 0 0.672 True
175 1 12 948 1008 184 211 1001 0 0.6179012 True
175 1 11 859 888 175 200 497 0 0.6855173 True
176 0 12 953 1011 184 211 970 0 0.6194125 True
176 0 11 863 892 176 199 490 0 0.7346327 True
176 1 12 944 1002 184 211 962 0 0.6143039 True
176 1 11 858 886 176 199 481 0 0.7468944 True
177 0 12 948 1005 184 210 937 0 0.6322537 True
177 0 11 862 890 176 199 464 0 0.7204969 True
177 1 12 940 996 184 210 921 0 0.6325549 True
177 1 11 856 884 176 199 450 0 0.6987578 True
178 0 12 944 1000 184 210 905 0 0.6215659 True
178 0 11 861 888 176 199 440 0 0.7085346 True
178 1 12 936 990 184 210 894 0 0.6367521 True
178 1 11 855 882 176 199 441 0 0.7101449 True
179 0 12 940 994 185 210 866 0 0.6414815 True
179 1 12 932 985 185 210 859 0 0.6483019 True
180 0 12 937 989 185 210 826 0 0.6353846 True
180 1 12 928 980 185 210 819 0 0.63 True
181 0 12 933 984 185 209 806 0 0.6584967 True
181 1 12 925 975 185 209 798 0 0.665 True
182 0 12 929 979 184 209 769 0 0.6152 True
182 1 12 921 970 184 209 760 0 0.6204082 True
183 0 12 926 974 184 209 744 0 0.62 True
183 1 12 918 966 184 209 734 0 0.6116667 True
184 0 12 922 970 184 208 717 0 0.6223958 True
184 1 12 915 961 184 208 707 0 0.6403986 True
185 0 12 919 965 185 208 698 0 0.6597353 True
185 0 13 687 711 172 195 560 0 1.014493 True
185 1 12 911 957 185 208 691 0 0.6531191 True
185 1 13 682 707 172 195 579 0 1.006957 True
186 0 12 916 961 185 209 659 0 0.6101852 True
186 0 13 686 710 172 196 564 0 0.9791667 True
186 1 12 908 952 185 209 654 0 0.6193182 True
186 1 13 680 706 172 196 582 0 0.9326923 True
187 0 12 913 956 187 210 632 0 0.6390293 True
187 0 13 684 709 173 197 594 0 0.99 True
187 1 12 905 948 187 210 630 0 0.6370071 True
187 1 13 679 705 173 197 603 0 0.9663461 True
188 0 12 910 952 188 211 606 0 0.6273292 True
188 0 13 683 708 175 199 628 0 1.046667 True
188 1 12 902 944 188 211 602 0 0.6231884 True
188 1 13 677 703 175 199 629 0 1.008013 True
189 0 12 907 948 190 212 585 0 0.6485587 True
189 0 13 681 707 176 201 633 0 0.9738461 True
189 1 12 900 940 190 212 583 0 0.6625 True
189 1 13 676 702 176 201 634 0 0.9753846 True
190 0 12 903 943 190 212 567 0 0.6443182 True
190 0 13 679 706 176 202 656 0 0.9344729 True
190 1 12 896 935 190 212 552 0 0.6433566 True
190 1 13 674 701 176 202 665 0 0.9472935 True
191 0 12 900 938 190 212 536 0 0.6411483 True
191 0 13 676 704 176 202 676 0 0.9285714 True
191 1 12 893 930 190 212 534 0 0.6560196 True
191 1 13 671 698 176 202 689 0 0.9814815 True
192 0 12 896 933 190 212 519 0 0.6375921 True
192 0 13 673 701 176 202 677 0 0.9299451 True
192 1 12 889 926 190 212 509 0 0.6253071 True
192 1 13 668 696 176 202 696 0 0.956044 True
193 0 12 892 928 191 212 502 0 0.6640211 True
193 0 13 670 699 177 203 741 0 0.9827586 True
193 1 12 885 921 191 212 492 0 0.6507937 True
193 1 13 664 693 177 203 743 0 0.9854112 True
194 0 12 888 923 191 212 481 0 0.6544217 True
194 0 13 666 696 177 204 751 0 0.9271605 True
194 1 12 881 916 191 212 477 0 0.6489796 True
194 1 13 661 691 177 204 759 0 0.9370371 True
195 0 12 884 918 192 212 465 0 0.6838235 True
195 0 13 663 693 178 205 798 0 0.9851852 True
195 1 12 877 911 192 212 460 0 0.6764706 True
195 1 13 657 688 178 205 799 0 0.9545997 True
196 0 12 880 913 192 213 443 0 0.6392496 True
196 0 13 659 690 178 206 812 0 0.9354839 True
196 1 12 873 906 192 213 432 0 0.6233766 True
196 1 13 653 685 178 206 818 0 0.9129464 True
197 0 12 876 908 193 213 433 0 0.6765625 True
197 0 13 655 687 179 207 833 0 0.9296875 True
197 1 12 869 901 193 213 428 0 0.66875 True
197 1 13 649 681 179 207 846 0 0.9441964 True
198 0 12 873 904 195 215 426 0 0.6870968 True
198 0 13 651 684 180 209 889 0 0.9289446 True
198 1 12 866 897 195 215 418 0 0.6741936 True
198 1 13 645 678 180 209 887 0 0.9268547 True
199 0 12 869 900 196 215 403 0 0.6842105 True
199 0 13 646 680 181 210 911 0 0.9239351 True
199 1 12 863 893 196 215 400 0 0.7017544 True
199 1 13 640 674 181 210 923 0 0.9361055 True
200 0 12 865 895 196 215 391 0 0.6859649 True
200 0 13 641 676 181 210 940 0 0.9261084 True
200 1 12 858 888 196 215 392 0 0.6877193 True
200 1 13 635 670 181 210 954 0 0.9399015 True
201 0 12 860 890 195 215 379 0 0.6316667 True
201 0 13 636 672 181 210 1008 0 0.9655172 True
201 1 12 854 883 195 215 369 0 0.6362069 True
201 1 13 629 666 181 210 1023 0 0.9534017 True
202 0 12 856 884 194 213 363 0 0.6823308 True
202 0 13 630 668 179 209 1043 0 0.9149123 True
202 1 12 850 878 194 213 365 0 0.6860902 True
202 1 13 624 662 179 209 1048 0 0.9192982 True
203 0 12 852 881 193 212 370 0 0.6715063 True
203 0 13 627 665 178 209 1084 0 0.9202037 True
203 1 12 846 874 193 212 369 0 0.693609 True
203 1 13 620 659 178 209 1103 0 0.9123242 True
204 0 12 848 878 192 211 371 0 0.6508772 True
204 0 13 622 662 177 208 1120 0 0.9032258 True
204 1 12 842 871 192 211 368 0 0.6678766 True
204 1 13 616 656 177 208 1139 0 0.9185484 True
205 0 12 846 875 190 209 361 0 0.6551724 True
205 0 13 618 659 175 207 1183 0 0.9016768 True
205 1 12 840 868 190 209 359 0 0.674812 True
205 1 13 611 652 175 207 1203 0 0.9169207 True
206 0 12 844 872 188 207 360 0 0.6766917 True
206 0 13 615 657 174 206 1248 0 0.9285714 True
206 1 12 837 865 188 207 352 0 0.6616541 True
206 1 13 608 650 174 206 1274 0 0.9479167 True
207 0 12 843 871 188 206 348 0 0.6904762 True
207 0 13 612 655 173 206 1287 0 0.9069768 True
207 1 12 837 865 188 206 344 0 0.6825397 True
207 1 13 605 648 173 206 1309 0 0.9224806 True
208 0 12 843 871 187 205 355 0 0.7043651 True
208 0 13 608 653 172 206 1366 0 0.8928105 True
208 1 12 836 864 187 205 350 0 0.6944444 True
208 1 13 601 646 172 206 1386 0 0.9058824 True
209 0 12 844 871 186 205 347 0 0.6764132 True
209 0 13 608 653 172 206 1426 0 0.9320261 True
209 1 12 837 865 186 205 342 0 0.6428571 True
209 1 13 600 646 172 206 1428 0 0.9130435 True
210 0 12 845 872 186 205 347 0 0.6764132 True
210 0 13 607 653 171 206 1471 0 0.9136646 True
210 1 12 839 865 186 205 335 0 0.6781377 True
210 1 13 600 646 171 206 1484 0 0.9217391 True
211 0 12 850 877 186 204 322 0 0.6625515 True
211 0 13 606 653 171 207 1553 0 0.9178487 True
211 1 12 844 870 186 204 326 0 0.6965812 True
211 1 13 599 646 171 207 1570 0 0.927896 True
212 0 12 857 882 185 203 316 0 0.7022222 True
212 0 13 608 655 170 207 1576 0 0.9062679 True
212 1 12 850 875 185 203 314 0 0.6977777 True
212 1 13 600 648 170 207 1587 0 0.8935811 True
213 0 12 863 887 185 203 308 0 0.712963 True
213 0 13 614 661 171 208 1662 0 0.9557217 True
213 1 12 857 881 185 203 299 0 0.6921296 True
213 1 13 606 654 171 208 1661 0 0.9352477 True
214 0 12 874 898 184 203 300 0 0.6578947 True
214 0 13 617 669 171 209 1794 0 0.9078947 True
214 1 12 867 891 184 203 297 0 0.6513158 True
214 1 13 609 661 171 209 1833 0 0.9276316 True
215 0 12 884 908 183 201 300 0 0.6944444 True
215 0 13 624 677 170 209 1853 0 0.8964683 True
215 1 12 878 901 183 201 297 0 0.7173913 True
215 1 13 616 670 170 209 1886 0 0.8955365 True
216 0 12 900 923 182 200 295 0 0.7125604 True
216 0 13 635 689 169 209 1949 0 0.9023148 True
216 1 12 893 917 182 200 292 0 0.6759259 True
216 1 13 626 681 169 209 1971 0 0.8959091 True
217 0 12 916 940 181 199 298 0 0.6898148 True
217 0 13 646 701 167 208 2052 0 0.9099779 True
217 1 12 910 934 181 199 297 0 0.6875 True
217 1 13 637 693 167 208 2071 0 0.9020035 True
218 0 12 938 962 180 198 308 0 0.712963 True
218 0 13 661 717 166 208 2161 0 0.9187925 True
218 1 12 932 956 180 198 300 0 0.6944444 True
218 1 13 652 709 166 208 2176 0 0.908939 True
219 0 12 961 986 177 195 325 0 0.7222222 True
219 0 13 676 734 164 207 2319 0 0.9298316 True
219 1 12 954 979 177 195 317 0 0.7044445 True
219 1 13 667 726 164 207 2319 0 0.9140717 True
220 0 12 984 1009 175 194 330 0 0.6947368 True
220 0 13 693 753 162 206 2441 0 0.9246212 True
220 1 12 978 1003 175 194 328 0 0.6905263 True
220 1 13 683 744 162 206 2454 0 0.914307 True
221 0 13 713 775 160 206 2586 0 0.9067321 True
221 1 13 703 766 160 206 2608 0 0.899931 True
222 0 13 734 800 158 206 2806 0 0.8857324 True
222 1 13 724 790 158 206 2828 0 0.8926768 True
223 0 13 757 826 156 205 3026 0 0.8950015 True
223 1 13 747 816 156 205 3075 0 0.9094942 True
224 0 13 782 854 154 206 3320 0 0.8867521 True
224 1 13 771 844 154 206 3358 0 0.8846154 True
225 0 13 809 884 154 208 3613 0 0.8920988 True
225 1 13 797 873 154 208 3640 0 0.8869396 True
226 0 13 837 916 153 209 3977 0 0.8989602 True
226 1 13 825 905 153 209 4002 0 0.8933036 True
227 0 13 868 951 152 211 4363 0 0.8909537 True
227 1 13 856 940 152 211 4416 0 0.8910412 True
228 0 13 903 990 152 215 4862 0 0.8870644 True
228 1 13 890 978 152 215 4885 0 0.8811328 True
229 0 13 936 1031 149 215 5541 0 0.8837321 True
229 1 13 923 1018 149 215 5606 0 0.8940989 True
230 0 13 973 1076 143 213 6367 0 0.8830791 True
230 1 13 959 1063 143 213 6436 0 0.8840659 True
231 0 13 1015 1128 138 212 7400 0 0.8849558 True
231 1 13 1000 1114 138 212 7443 0 0.8822902 True
232 0 13 1058 1181 132 213 8674 0 0.8706213 True
232 1 13 1041 1166 132 213 8697 0 0.858963 True
233 0 14 0 19 163 212 650 0.9225668 0.698174 False
233 0 13 1106 1241 128 214 10033 0 0.8641688 True
233 1 14 0 11 163 210 308 0.9753577 0.5957447 False
233 1 13 1089 1225 128 214 10337 0 0.8838064 True
234 0 14 0 63 160 215 2634 0.2975058 0.7601731 False
234 0 13 1162 1241 124 216 5938 0.4811516 0.8170061 True
234 1 14 0 55 160 214 2205 0.4296507 0.7424242 False
234 1 13 1144 1241 123 216 7497 0.2937298 0.8310609 True
235 0 14 0 100 159 214 4518 0.01217699 0.8214545 False
235 0 13 1228 1241 123 217 480 0.9871104 0.3927987 True
235 1 14 0 92 159 214 4102 0.04250926 0.8106719 False
235 1 13 1208 1241 122 217 2063 0.9216362 0.6580542 True
236 0 14 27 135 158 213 4577 0 0.7705387 False
236 1 14 17 128 158 213 4673 0 0.7654381 False
237 0 14 66 172 156 210 4404 0 0.769392 False
237 1 14 57 165 156 210 4471 0 0.7666324 False
238 0 14 100 204 154 207 4278 0 0.7761248 False
238 1 14 91 197 154 207 4357 0 0.7755429 False
239 0 14 133 236 152 205 4169 0 0.763693 False
239 1 14 123 228 152 205 4243 0 0.7624438 False
240 0 14 167 269 152 205 4065 0 0.7519423 False
240 1 14 158 262 152 205 4154 0 0.7536284 False
241 0 14 196 297 155 207 4029 0 0.7671363 False
241 1 14 187 290 155 207 4102 0 0.76587 False
242 0 14 224 325 156 209 3994 0 0.7461237 False
242 1 14 215 317 156 209 4063 0 0.7515723 False
243 0 14 253 353 158 210 3978 0 0.765 False
243 1 14 243 346 158 210 4055 0 0.7570949 False
244 0 14 277 377 161 213 3998 0 0.7688462 False
244 1 14 268 370 161 213 4067 0 0.7667798 False
245 0 14 302 403 161 213 4020 0 0.7654227 False
245 1 14 293 396 161 213 3873 0 0.7231143 False
246 0 14 321 424 160 213 4026 0 0.7374977 False
246 1 14 312 416 160 213 3524 0 0.6393324 False
247 0 14 341 444 161 214 3589 0 0.6574464 False
247 1 14 332 437 161 214 3438 0 0.6177897 False
248 0 14 361 465 163 216 3405 0 0.6177431 False
248 1 14 351 458 163 216 3384 0 0.5967202 False
249 0 14 377 484 165 219 3371 0 0.5834199 False
249 1 14 368 476 165 219 4081 0 0.69976 False
250 0 14 392 500 164 219 3991 0 0.6718856 False
250 1 14 382 492 164 219 4355 0 0.7198347 False
251 0 14 404 514 164 219 4363 0 0.721157 False
251 1 14 394 506 164 219 4696 0 0.7623377 False
252 0 14 412 525 163 219 4789 0 0.7567952 False
252 1 14 402 517 163 219 4666 0 0.7245342 False
253 0 14 417 532 162 219 4852 0 0.7401983 False
253 1 14 407 524 162 219 4799 0 0.7195981 False
254 0 14 419 538 160 218 4986 0 0.7223993 False
254 1 14 409 530 160 218 5060 0 0.7210031 False
255 0 14 419 541 160 218 5233 0 0.7395421 False
255 1 14 409 533 160 218 5244 0 0.7291435 False
256 0 14 415 541 159 219 5421 0 0.7170635 False
256 1 14 405 533 159 219 5441 0 0.7084635 False
257 0 14 409 539 159 221 5676 0 0.7042184 False
257 1 14 398 531 159 221 5740 0 0.696095 False
258 0 14 401 535 160 223 5953 0 0.7051647 False
258 1 14 390 527 160 223 6530 0 0.7565751 False
259 0 14 390 529 159 223 6869 0 0.7721448 False
259 1 14 378 521 159 223 6989 0 0.7636582 False
260 0 14 378 523 156 223 7316 0 0.7530622 False
260 1 14 367 515 156 223 7436 0 0.7498991 False
261 0 14 366 517 153 221 7771 0 0.7568173 False
261 1 14 354 508 153 221 7886 0 0.7530558 False
262 0 14 351 509 152 222 8341 0 0.7541592 False
262 1 14 339 500 152 222 8493 0 0.7535936 False
263 0 14 336 501 152 224 8942 0 0.7526936 False
263 1 14 324 492 152 224 9082 0 0.7508267 False
264 0 14 320 493 151 226 9625 0 0.7418112 False
264 1 14 307 483 151 226 9629 0 0.7294697 False
265 0 14 303 485 149 226 10212 0 0.7286999 False
265 1 14 290 475 149 226 10319 0 0.7243945 False
266 0 14 286 476 145 225 10947 0 0.7201974 False
266 1 14 272 466 145 225 11125 0 0.716817 False
267 0 14 265 466 137 219 11915 0 0.7229099 False
267 1 14 251 456 137 219 12066 0 0.717787 False
268 0 14 244 456 131 217 12837 0 0.7040917 False
268 1 14 229 446 131 217 12908 0 0.6916729 False
269 0 14 224 447 132 220 13666 0 0.6963922 False
269 1 14 208 436 132 220 14075 0 0.7015052 False
