frame cameraID r1,1 r1,2 r1,3 t1 r2,1 r2,2 r2,3 t2 r3,1 r3,2 r3,3 t3 0 0 0 1
0 0 0.9996717 -0.01231958 -0.02246566 -1.995074 0.01201383 0.9998341 -0.01369399 114.6368 0.02263064 0.0134196 0.9996538 0.5666752 0 0 0 1
0 1 0.9996717 -0.01231958 -0.02246566 -2.527799 0.01201383 0.9998341 -0.01369399 114.6368 0.02263064 0.0134196 0.9996538 0.5666752 0 0 0 1
1 0 0.9996691 -0.01239058 -0.02254225 -2.002557 0.01208489 0.9998338 -0.01364654 114.6367 0.02270759 0.0133696 0.9996527 0.5610062 0 0 0 1
1 1 0.9996691 -0.01239058 -0.02254225 -2.535282 0.01208489 0.9998338 -0.01364654 114.6367 0.02270759 0.0133696 0.9996527 0.5610062 0 0 0 1
2 0 0.9996693 -0.01238957 -0.02253408 -2.001577 0.01208364 0.9998336 -0.01366241 114.6367 0.0226996 0.0133856 0.9996527 0.5623817 0 0 0 1
2 1 0.9996693 -0.01238957 -0.02253408 -2.534301 0.01208364 0.9998336 -0.01366241 114.6367 0.0226996 0.0133856 0.9996527 0.5623817 0 0 0 1
3 0 0.999669 -0.01236458 -0.02256247 -1.998003 0.0120582 0.9998339 -0.01366519 114.6368 0.02272768 0.0133886 0.999652 0.5628919 0 0 0 1
3 1 0.999669 -0.01236458 -0.02256247 -2.530728 0.0120582 0.9998339 -0.01366519 114.6368 0.02272768 0.0133886 0.999652 0.5628918 0 0 0 1
4 0 0.9996702 -0.01238657 -0.02249681 -1.999688 0.0120806 0.9998333 -0.01368589 114.6368 0.02266258 0.0134096 0.9996532 0.5653968 0 0 0 1
4 1 0.9996702 -0.01238657 -0.02249681 -2.532413 0.0120806 0.9998333 -0.01368589 114.6367 0.02266258 0.0134096 0.9996532 0.5653967 0 0 0 1
5 0 0.9996701 -0.01237657 -0.02250659 -1.998305 0.01206983 0.9998331 -0.01371377 114.6368 0.02267256 0.0134376 0.9996526 0.5688632 0 0 0 1
5 1 0.9996701 -0.01237657 -0.02250659 -2.53103 0.01206983 0.9998331 -0.01371377 114.6368 0.02267256 0.0134376 0.9996526 0.5688632 0 0 0 1
6 0 0.9996704 -0.01239957 -0.02247896 -2.000409 0.01209439 0.9998335 -0.01366197 114.6367 0.02264462 0.0133856 0.9996539 0.5629086 0 0 0 1
6 1 0.9996704 -0.01239957 -0.02247896 -2.533134 0.01209439 0.9998335 -0.01366197 114.6367 0.02264462 0.0133856 0.9996539 0.5629086 0 0 0 1
7 0 0.9996705 -0.01235058 -0.02250255 -1.99408 0.01204488 0.999834 -0.01367014 114.6368 0.02266765 0.0133946 0.9996533 0.5639595 0 0 0 1
7 1 0.9996705 -0.01235058 -0.02250255 -2.526805 0.01204488 0.999834 -0.01367014 114.6368 0.02266765 0.0133946 0.9996533 0.5639595 0 0 0 1
8 0 0.9996704 -0.01235457 -0.02250191 -1.994027 0.01204782 0.9998333 -0.01371721 114.6368 0.02266763 0.01344159 0.9996527 0.5693176 0 0 0 1
8 1 0.9996704 -0.01235457 -0.02250191 -2.526752 0.01204782 0.9998333 -0.01371721 114.6368 0.02266763 0.01344159 0.9996527 0.5693176 0 0 0 1
9 0 0.999669 -0.01243055 -0.02252628 -2.002021 0.01212244 0.9998318 -0.01376322 114.6367 0.02269358 0.01348559 0.9996515 0.574246 0 0 0 1
9 1 0.999669 -0.01243055 -0.02252628 -2.534746 0.01212244 0.9998318 -0.01376322 114.6367 0.02269358 0.01348559 0.9996515 0.574246 0 0 0 1
10 0 0.9996696 -0.01238956 -0.02252032 -1.995823 0.01208227 0.9998327 -0.01373023 114.6368 0.02268667 0.0134536 0.9996521 0.5703645 0 0 0 1
10 1 0.9996696 -0.01238956 -0.02252032 -2.528548 0.01208227 0.9998327 -0.01373023 114.6368 0.02268667 0.0134536 0.9996521 0.5703645 0 0 0 1
11 0 0.9996687 -0.01241755 -0.02254644 -1.997749 0.01210919 0.999832 -0.01376217 114.6367 0.02271355 0.01348459 0.9996511 0.5732174 0 0 0 1
11 1 0.9996687 -0.01241755 -0.02254644 -2.530474 0.01210919 0.999832 -0.01376217 114.6367 0.02271355 0.01348459 0.9996511 0.5732173 0 0 0 1
12 0 0.9996673 -0.01247253 -0.02257514 -2.003217 0.01216262 0.9998306 -0.01381376 114.6366 0.02274361 0.01353459 0.9996497 0.5787106 0 0 0 1
12 1 0.9996673 -0.01247253 -0.02257514 -2.535942 0.01216262 0.9998306 -0.01381376 114.6366 0.02274361 0.01353459 0.9996497 0.5787106 0 0 0 1
13 0 0.9996681 -0.01243256 -0.02256585 -1.997582 0.01212499 0.9998324 -0.01371576 114.6367 0.02273259 0.01343759 0.9996513 0.5674676 0 0 0 1
13 1 0.9996681 -0.01243256 -0.02256585 -2.530307 0.01212499 0.9998324 -0.01371576 114.6367 0.02273259 0.01343759 0.9996513 0.5674676 0 0 0 1
14 0 0.9996669 -0.01245754 -0.02260068 -1.9995 0.01214808 0.9998313 -0.01377873 114.6367 0.02276852 0.01349959 0.9996496 0.5744824 0 0 0 1
14 1 0.9996669 -0.01245754 -0.02260068 -2.532225 0.01214808 0.9998313 -0.01377873 114.6367 0.02276852 0.01349959 0.9996496 0.5744826 0 0 0 1
15 0 0.9996649 -0.01246755 -0.02268463 -1.999774 0.0121588 0.9998323 -0.01369801 114.6367 0.0228516 0.0134176 0.9996488 0.5649835 0 0 0 1
15 1 0.9996649 -0.01246755 -0.02268463 -2.532499 0.0121588 0.9998323 -0.01369801 114.6367 0.0228516 0.0134176 0.9996488 0.5649836 0 0 0 1
16 0 0.9996642 -0.01246854 -0.02271767 -1.999482 0.01215771 0.9998313 -0.01376941 114.6367 0.02288552 0.01348859 0.9996471 0.572974 0 0 0 1
16 1 0.9996642 -0.01246854 -0.02271767 -2.532207 0.01215771 0.9998313 -0.01376941 114.6367 0.02288552 0.01348859 0.9996471 0.572974 0 0 0 1
17 0 0.999666 -0.01246757 -0.02263538 -1.998745 0.01216095 0.9998331 -0.01363342 114.6368 0.02280157 0.0133536 0.9996508 0.5574003 0 0 0 1
17 1 0.999666 -0.01246757 -0.02263538 -2.53147 0.01216095 0.9998331 -0.01363342 114.6368 0.02280157 0.0133536 0.9996508 0.5574004 0 0 0 1
18 0 0.9996665 -0.01242155 -0.02263959 -1.992622 0.0121122 0.9998321 -0.01375039 114.6368 0.02280659 0.01347159 0.9996491 0.5705028 0 0 0 1
18 1 0.9996665 -0.01242155 -0.02263959 -2.525347 0.0121122 0.9998321 -0.01375039 114.6368 0.02280659 0.01347159 0.9996491 0.5705028 0 0 0 1
19 0 0.9996662 -0.01246555 -0.02262995 -1.996662 0.01215634 0.9998316 -0.01375028 114.6367 0.02279754 0.01347059 0.9996493 0.5700242 0 0 0 1
19 1 0.9996662 -0.01246555 -0.02262995 -2.529387 0.01215634 0.9998316 -0.01375028 114.6367 0.02279754 0.01347059 0.9996493 0.5700241 0 0 0 1
20 0 0.9996644 -0.01253453 -0.02267039 -2.003923 0.0122235 0.9998299 -0.01380633 114.6366 0.02283959 0.01352459 0.9996477 0.5755568 0 0 0 1
20 1 0.9996644 -0.01253453 -0.02267039 -2.536648 0.0122235 0.9998299 -0.01380633 114.6366 0.02283959 0.01352459 0.9996477 0.5755567 0 0 0 1
21 0 0.9996665 -0.01249753 -0.02259959 -1.999102 0.01218709 0.9998302 -0.01382262 114.6367 0.0227685 0.01354259 0.999649 0.5771152 0 0 0 1
21 1 0.9996665 -0.01249753 -0.02259959 -2.531826 0.01218709 0.9998302 -0.01382262 114.6367 0.0227685 0.01354259 0.999649 0.5771152 0 0 0 1
22 0 0.9996653 -0.01251053 -0.02264597 -2.000098 0.01220036 0.9998305 -0.01378349 114.6367 0.02281457 0.01350259 0.9996485 0.5718946 0 0 0 1
22 1 0.9996653 -0.01251053 -0.02264597 -2.532823 0.01220036 0.9998305 -0.01378349 114.6367 0.02281457 0.01350259 0.9996485 0.5718948 0 0 0 1
23 0 0.9996648 -0.01251453 -0.02266173 -2.000057 0.01220384 0.9998304 -0.01379677 114.6367 0.02283054 0.01351559 0.999648 0.5729465 0 0 0 1
23 1 0.9996648 -0.01251453 -0.02266173 -2.532782 0.01220384 0.9998304 -0.01379677 114.6367 0.02283054 0.01351559 0.999648 0.5729464 0 0 0 1
24 0 0.999665 -0.01257053 -0.02262366 -2.006033 0.01226151 0.9998303 -0.0137466 114.6366 0.02279262 0.01346459 0.9996495 0.5664229 0 0 0 1
24 1 0.999665 -0.01257053 -0.02262366 -2.538758 0.01226151 0.9998303 -0.0137466 114.6366 0.02279262 0.01346459 0.9996495 0.566423 0 0 0 1
25 0 0.9996645 -0.01252052 -0.02267208 -2.000019 0.01220857 0.9998296 -0.01384602 114.6367 0.02284157 0.01356458 0.9996471 0.5771117 0 0 0 1
25 1 0.9996645 -0.01252052 -0.02267208 -2.532743 0.01220857 0.9998296 -0.01384602 114.6367 0.02284157 0.01356458 0.9996471 0.5771115 0 0 0 1
26 0 0.9996653 -0.01249954 -0.02265017 -1.997308 0.01218942 0.9998308 -0.01377829 114.6368 0.02281856 0.01349759 0.9996485 0.5687782 0 0 0 1
26 1 0.9996653 -0.01249954 -0.02265017 -2.530033 0.01218942 0.9998308 -0.01377829 114.6368 0.02281856 0.01349759 0.9996485 0.5687781 0 0 0 1
27 0 0.9996664 -0.01251552 -0.02259317 -1.998976 0.01220482 0.9998298 -0.01383795 114.6367 0.02276251 0.01355759 0.999649 0.5745996 0 0 0 1
27 1 0.9996664 -0.01251552 -0.02259317 -2.531701 0.01220482 0.9998298 -0.01383795 114.6367 0.02276251 0.01355759 0.999649 0.5745997 0 0 0 1
28 0 0.9996651 -0.01249653 -0.0226629 -1.996419 0.01218558 0.9998304 -0.01380737 114.6368 0.0228316 0.01352659 0.9996478 0.5704532 0 0 0 1
28 1 0.9996651 -0.01249653 -0.0226629 -2.529145 0.01218558 0.9998304 -0.01380737 114.6368 0.0228316 0.01352659 0.9996478 0.5704532 0 0 0 1
29 0 0.9996657 -0.01256051 -0.02259887 -2.003123 0.01224839 0.9998284 -0.01389703 114.6366 0.02276954 0.01361558 0.999648 0.5799582 0 0 0 1
29 1 0.9996657 -0.01256051 -0.02259887 -2.535848 0.01224839 0.9998284 -0.01389703 114.6366 0.02276954 0.01361558 0.999648 0.5799581 0 0 0 1
30 0 0.9996656 -0.01251253 -0.02263295 -1.9973 0.01220263 0.9998306 -0.01377938 114.6368 0.02280153 0.01349859 0.9996489 0.5659027 0 0 0 1
30 1 0.9996656 -0.01251253 -0.02263295 -2.530025 0.01220263 0.9998306 -0.01377938 114.6368 0.02280153 0.01349859 0.9996489 0.5659027 0 0 0 1
31 0 0.9996651 -0.01250352 -0.02265575 -1.996377 0.01219095 0.9998293 -0.01388242 114.6368 0.02282546 0.01360158 0.999647 0.5771567 0 0 0 1
31 1 0.9996651 -0.01250352 -0.02265575 -2.529102 0.01219095 0.9998293 -0.01388242 114.6368 0.02282546 0.01360158 0.999647 0.5771567 0 0 0 1
32 0 0.999665 -0.01249553 -0.02266508 -1.995266 0.01218487 0.9998306 -0.01379338 114.6368 0.0228336 0.01351259 0.999648 0.5663889 0 0 0 1
32 1 0.999665 -0.01249553 -0.02266508 -2.527991 0.01218487 0.9998306 -0.01379338 114.6368 0.0228336 0.01351259 0.999648 0.5663889 0 0 0 1
33 0 0.9996669 -0.01249553 -0.02258242 -1.995187 0.0121848 0.9998299 -0.01384536 114.6368 0.02275159 0.01356558 0.9996491 0.5716881 0 0 0 1
33 1 0.9996669 -0.01249553 -0.02258242 -2.527912 0.0121848 0.9998299 -0.01384536 114.6368 0.02275159 0.01356558 0.9996491 0.5716882 0 0 0 1
34 0 0.9996654 -0.01247653 -0.0226563 -1.99258 0.0121643 0.9998298 -0.01386682 114.6368 0.02282546 0.01358658 0.9996471 0.5735676 0 0 0 1
34 1 0.9996654 -0.01247653 -0.0226563 -2.525305 0.0121643 0.9998298 -0.01386682 114.6368 0.02282546 0.01358658 0.9996471 0.5735675 0 0 0 1
35 0 0.9996679 -0.01248654 -0.02254426 -1.993715 0.01217764 0.9998308 -0.01378771 114.6369 0.02271261 0.01350859 0.9996508 0.5645724 0 0 0 1
35 1 0.9996679 -0.01248654 -0.02254426 -2.52644 0.01217764 0.9998308 -0.01378771 114.6369 0.02271261 0.01350859 0.9996508 0.5645724 0 0 0 1
36 0 0.9996678 -0.01250853 -0.02253779 -1.99624 0.01219939 0.9998303 -0.01380212 114.6368 0.02270661 0.01352259 0.9996507 0.5661035 0 0 0 1
36 1 0.9996678 -0.01250853 -0.02253779 -2.528965 0.01219939 0.9998303 -0.01380212 114.6368 0.02270661 0.01352259 0.9996507 0.5661034 0 0 0 1
37 0 0.999668 -0.01252153 -0.02251776 -1.997672 0.01221287 0.9998303 -0.01379318 114.6368 0.02268665 0.01351359 0.9996513 0.5650044 0 0 0 1
37 1 0.999668 -0.01252153 -0.02251776 -2.530397 0.01221287 0.9998303 -0.01379318 114.6368 0.02268665 0.01351359 0.9996513 0.5650044 0 0 0 1
38 0 0.9996684 -0.01253553 -0.02249392 -1.999456 0.01222801 0.9998306 -0.01375721 114.6368 0.02266257 0.01347759 0.9996523 0.5606303 0 0 0 1
38 1 0.9996684 -0.01253553 -0.02249392 -2.532181 0.01222801 0.9998306 -0.01375721 114.6368 0.02266257 0.01347759 0.9996523 0.5606303 0 0 0 1
39 0 0.9996677 -0.01252954 -0.02252705 -1.998634 0.01222163 0.9998307 -0.01375448 114.6368 0.02269558 0.01347459 0.9996516 0.5601625 0 0 0 1
39 1 0.9996677 -0.01252954 -0.02252705 -2.531359 0.01222163 0.9998307 -0.01375448 114.6368 0.02269558 0.01347459 0.9996516 0.5601625 0 0 0 1
40 0 0.9996665 -0.01248253 -0.02260893 -1.993593 0.0121721 0.9998305 -0.01381639 114.6369 0.02277756 0.01353659 0.9996489 0.5671931 0 0 0 1
40 1 0.9996665 -0.01248253 -0.02260893 -2.526319 0.0121721 0.9998305 -0.01381639 114.6369 0.02277756 0.01353659 0.9996489 0.5671932 0 0 0 1
41 0 0.9996657 -0.01248654 -0.02264066 -1.99395 0.01217709 0.9998313 -0.01375489 114.6369 0.02280859 0.01347459 0.999649 0.559788 0 0 0 1
41 1 0.9996657 -0.01248654 -0.02264066 -2.526675 0.01217709 0.9998313 -0.01375489 114.6369 0.02280859 0.01347459 0.999649 0.559788 0 0 0 1
42 0 0.9996644 -0.01250253 -0.02268847 -1.996472 0.01219067 0.99983 -0.01383182 114.6368 0.02285755 0.01355059 0.9996469 0.5686729 0 0 0 1
42 1 0.9996644 -0.01250253 -0.02268847 -2.529197 0.01219067 0.99983 -0.01383182 114.6368 0.02285755 0.01355059 0.9996469 0.5686729 0 0 0 1
43 0 0.9996645 -0.01244953 -0.0227111 -1.990777 0.01213725 0.9998306 -0.01383688 114.6369 0.02287951 0.01355659 0.9996463 0.5694844 0 0 0 1
43 1 0.9996645 -0.01244953 -0.0227111 -2.523501 0.01213725 0.9998306 -0.01383688 114.6369 0.02287951 0.01355659 0.9996463 0.5694844 0 0 0 1
44 0 0.9996675 -0.01242654 -0.02259483 -1.988998 0.01211665 0.9998313 -0.01380095 114.637 0.02276252 0.01352259 0.9996495 0.565901 0 0 0 1
44 1 0.9996675 -0.01242654 -0.02259483 -2.521724 0.01211665 0.9998313 -0.01380095 114.637 0.02276252 0.01352259 0.9996495 0.565901 0 0 0 1
45 0 0.9996652 -0.01241955 -0.02269794 -1.988662 0.0121082 0.9998314 -0.01380304 114.637 0.02286555 0.01352359 0.9996471 0.566005 0 0 0 1
45 1 0.9996652 -0.01241955 -0.02269794 -2.521387 0.0121082 0.9998314 -0.01380304 114.637 0.02286555 0.01352359 0.9996471 0.5660049 0 0 0 1
46 0 0.9996638 -0.01244855 -0.02274237 -1.992235 0.01213824 0.999832 -0.01373226 114.637 0.0229095 0.01345159 0.999647 0.5575487 0 0 0 1
46 1 0.9996638 -0.01244855 -0.02274237 -2.52496 0.01213824 0.999832 -0.01373226 114.637 0.0229095 0.01345159 0.999647 0.5575486 0 0 0 1
47 0 0.9996629 -0.01241754 -0.02280282 -1.988879 0.01210466 0.9998314 -0.01380826 114.637 0.02297044 0.01352759 0.9996446 0.5660154 0 0 0 1
47 1 0.9996629 -0.01241754 -0.02280282 -2.521604 0.01210466 0.9998314 -0.01380826 114.637 0.02297044 0.01352759 0.9996446 0.5660152 0 0 0 1
48 0 0.9996626 -0.01239655 -0.02282603 -1.987392 0.01208317 0.9998316 -0.01381606 114.637 0.02299346 0.01353559 0.999644 0.5671439 0 0 0 1
48 1 0.9996626 -0.01239655 -0.02282603 -2.520117 0.01208317 0.9998316 -0.01381606 114.637 0.02299346 0.01353559 0.999644 0.5671439 0 0 0 1
49 0 0.9996634 -0.01241854 -0.02278185 -1.990928 0.01210586 0.9998313 -0.01381203 114.6369 0.02294954 0.01353159 0.9996451 0.5665339 0 0 0 1
49 1 0.9996634 -0.01241854 -0.02278185 -2.523653 0.01210586 0.9998313 -0.01381203 114.6369 0.02294954 0.01353159 0.9996451 0.5665339 0 0 0 1
50 0 0.9996627 -0.01239054 -0.02282355 -1.988921 0.01207614 0.999831 -0.01386188 114.637 0.02299145 0.01358158 0.9996434 0.5721688 0 0 0 1
50 1 0.9996627 -0.01239054 -0.02282355 -2.521646 0.01207614 0.999831 -0.01386188 114.637 0.02299145 0.01358158 0.9996434 0.5721688 0 0 0 1
51 0 0.9996632 -0.01239155 -0.02280335 -1.990189 0.01207899 0.9998319 -0.01379368 114.637 0.02297044 0.01351359 0.9996448 0.5642682 0 0 0 1
51 1 0.9996632 -0.01239155 -0.02280335 -2.522914 0.01207899 0.9998319 -0.01379368 114.637 0.02297044 0.01351359 0.9996448 0.5642682 0 0 0 1
52 0 0.9996642 -0.01231456 -0.02280127 -1.981788 0.01200167 0.9998326 -0.01380888 114.6371 0.02296751 0.01353059 0.9996446 0.5660226 0 0 0 1
52 1 0.9996642 -0.01231456 -0.02280127 -2.514513 0.01200167 0.9998326 -0.01380888 114.6371 0.02296751 0.01353059 0.9996446 0.5660226 0 0 0 1
53 0 0.999666 -0.01232856 -0.02271437 -1.983945 0.01201726 0.9998327 -0.01379116 114.6371 0.02288059 0.01351359 0.9996468 0.5642182 0 0 0 1
53 1 0.999666 -0.01232856 -0.02271437 -2.51667 0.01201726 0.9998327 -0.01379116 114.6371 0.02288059 0.01351359 0.9996468 0.5642182 0 0 0 1
54 0 0.9996659 -0.01234154 -0.02271204 -1.985988 0.01202825 0.9998313 -0.0138794 114.637 0.0228795 0.01360158 0.9996457 0.5742548 0 0 0 1
54 1 0.9996659 -0.01234154 -0.02271204 -2.518713 0.01202825 0.9998313 -0.0138794 114.637 0.0228795 0.01360158 0.9996457 0.5742549 0 0 0 1
55 0 0.9996663 -0.01234456 -0.02269325 -1.987396 0.01203379 0.9998326 -0.01378027 114.6371 0.02285956 0.01350259 0.9996475 0.5630505 0 0 0 1
55 1 0.9996663 -0.01234456 -0.02269325 -2.520121 0.01203379 0.9998326 -0.01378027 114.6371 0.02285956 0.01350259 0.9996475 0.5630505 0 0 0 1
56 0 0.999665 -0.01234456 -0.0227482 -1.988477 0.01203299 0.9998326 -0.01378294 114.637 0.02291454 0.01350459 0.9996462 0.5634778 0 0 0 1
56 1 0.999665 -0.01234456 -0.0227482 -2.521202 0.01203299 0.9998326 -0.01378294 114.637 0.02291454 0.01350459 0.9996462 0.5634778 0 0 0 1
57 0 0.9996638 -0.01234456 -0.02280315 -1.989558 0.01203218 0.9998326 -0.0137856 114.637 0.02296951 0.01350659 0.9996449 0.5639045 0 0 0 1
57 1 0.9996638 -0.01234456 -0.02280315 -2.522283 0.01203218 0.9998326 -0.0137856 114.637 0.02296951 0.01350659 0.9996449 0.5639045 0 0 0 1
58 0 0.9996638 -0.01232356 -0.02281095 -1.987962 0.01201019 0.9998323 -0.0138242 114.637 0.02297748 0.01354559 0.9996442 0.5688828 0 0 0 1
58 1 0.9996638 -0.01232356 -0.02281095 -2.520688 0.01201019 0.9998323 -0.0138242 114.637 0.02297748 0.01354559 0.9996442 0.5688829 0 0 0 1
59 0 0.9996638 -0.01232356 -0.0228113 -1.988777 0.01201085 0.9998327 -0.01379521 114.637 0.02297749 0.01351659 0.9996446 0.566096 0 0 0 1
59 1 0.9996638 -0.01232356 -0.0228113 -2.521502 0.01201085 0.9998327 -0.01379521 114.637 0.02297749 0.01351659 0.9996446 0.5660958 0 0 0 1
60 0 0.9996635 -0.01231156 -0.02283352 -1.988606 0.01199871 0.9998329 -0.0137882 114.637 0.02299946 0.01350959 0.9996442 0.565851 0 0 0 1
60 1 0.9996635 -0.01231156 -0.02283352 -2.521331 0.01199871 0.9998329 -0.0137882 114.637 0.02299946 0.01350959 0.9996442 0.5658512 0 0 0 1
61 0 0.9996642 -0.01231958 -0.02279654 -1.990426 0.01200923 0.999834 -0.01370097 114.637 0.02296155 0.0134226 0.9996462 0.5563098 0 0 0 1
61 1 0.9996642 -0.01231958 -0.02279654 -2.523151 0.01200923 0.999834 -0.01370097 114.637 0.02296155 0.0134226 0.9996462 0.5563098 0 0 0 1
62 0 0.9996648 -0.01225557 -0.02280571 -1.984727 0.01194195 0.9998329 -0.01383757 114.6371 0.02297149 0.01356059 0.9996442 0.5727115 0 0 0 1
62 1 0.9996648 -0.01225557 -0.02280571 -2.517451 0.01194195 0.9998329 -0.01383757 114.6371 0.02297149 0.01356059 0.9996442 0.5727115 0 0 0 1
63 0 0.9996633 -0.01227457 -0.02286219 -1.987948 0.01196173 0.9998336 -0.0137707 114.637 0.02302742 0.01349259 0.9996438 0.5653311 0 0 0 1
63 1 0.9996633 -0.01227457 -0.02286219 -2.520673 0.01196173 0.9998336 -0.0137707 114.637 0.02302742 0.01349259 0.9996438 0.5653311 0 0 0 1
64 0 0.9996643 -0.01216959 -0.02287227 -1.97703 0.01185586 0.9998345 -0.01380239 114.6372 0.02303646 0.01352659 0.9996431 0.5698019 0 0 0 1
64 1 0.9996643 -0.01216959 -0.02287227 -2.509755 0.01185586 0.9998345 -0.01380239 114.6372 0.02303646 0.01352659 0.9996431 0.5698019 0 0 0 1
65 0 0.9996637 -0.01230057 -0.02282789 -1.992799 0.01198819 0.9998333 -0.01377089 114.637 0.02299348 0.01349259 0.9996446 0.5662777 0 0 0 1
65 1 0.9996637 -0.01230057 -0.02282789 -2.525524 0.01198819 0.9998333 -0.01377089 114.637 0.02299348 0.01349259 0.9996446 0.5662778 0 0 0 1
66 0 0.9996628 -0.01234055 -0.02284566 -1.998498 0.01202658 0.999832 -0.01383 114.6368 0.02301249 0.01355059 0.9996433 0.5735872 0 0 0 1
66 1 0.9996628 -0.01234055 -0.02284566 -2.531223 0.01202658 0.999832 -0.01383 114.6368 0.02301249 0.01355059 0.9996433 0.5735872 0 0 0 1
67 0 0.9996624 -0.01225259 -0.02291124 -1.989551 0.01194037 0.9998347 -0.0137148 114.637 0.02307549 0.0134366 0.9996434 0.5612122 0 0 0 1
67 1 0.9996624 -0.01225259 -0.02291124 -2.522276 0.01194037 0.9998347 -0.0137148 114.637 0.02307549 0.0134366 0.9996434 0.5612122 0 0 0 1
68 0 0.9996653 -0.0122246 -0.02279915 -1.987323 0.01191494 0.9998356 -0.01366883 114.6371 0.02296249 0.0133926 0.9996466 0.556904 0 0 0 1
68 1 0.9996653 -0.0122246 -0.02279915 -2.520048 0.01191494 0.9998356 -0.01366883 114.6371 0.02296249 0.0133926 0.9996466 0.556904 0 0 0 1
69 0 0.9996651 -0.01225258 -0.02279567 -1.991419 0.01194091 0.9998341 -0.0137584 114.637 0.02296047 0.01348159 0.9996455 0.5676026 0 0 0 1
69 1 0.9996651 -0.01225258 -0.02279567 -2.524144 0.01194091 0.9998341 -0.0137584 114.637 0.02296047 0.01348159 0.9996455 0.5676026 0 0 0 1
70 0 0.9996684 -0.01223359 -0.02265888 -1.990081 0.01192542 0.9998352 -0.01368635 114.637 0.02282258 0.0134116 0.9996496 0.560261 0 0 0 1
70 1 0.9996684 -0.01223359 -0.02265888 -2.522806 0.01192542 0.9998352 -0.01368635 114.637 0.02282258 0.0134116 0.9996496 0.560261 0 0 0 1
71 0 0.9996684 -0.01222658 -0.02266202 -1.989523 0.01191658 0.9998342 -0.01376421 114.637 0.02282656 0.01348959 0.9996485 0.5696722 0 0 0 1
71 1 0.9996684 -0.01222658 -0.02266202 -2.522248 0.01191658 0.9998342 -0.01376421 114.637 0.02282656 0.01348959 0.9996485 0.5696722 0 0 0 1
72 0 0.9996688 -0.01226958 -0.02262089 -1.994719 0.01196098 0.9998342 -0.01372771 114.6369 0.02278557 0.01345259 0.9996499 0.5658373 0 0 0 1
72 1 0.9996688 -0.01226958 -0.02262089 -2.527444 0.01196098 0.9998342 -0.01372771 114.6369 0.02278557 0.01345259 0.9996499 0.5658374 0 0 0 1
73 0 0.9996693 -0.01231257 -0.02257791 -1.999525 0.0120037 0.9998332 -0.01376516 114.6368 0.02274363 0.01348959 0.9996503 0.5705266 0 0 0 1
73 1 0.9996693 -0.01231257 -0.02257791 -2.53225 0.0120037 0.9998332 -0.01376516 114.6368 0.02274363 0.01348959 0.9996503 0.5705266 0 0 0 1
74 0 0.9996695 -0.0122386 -0.02260902 -1.991504 0.01193158 0.9998354 -0.01366488 114.637 0.02277254 0.0133906 0.999651 0.5601195 0 0 0 1
74 1 0.9996695 -0.0122386 -0.02260902 -2.524229 0.01193158 0.9998354 -0.01366488 114.637 0.02277254 0.0133906 0.999651 0.5601193 0 0 0 1
75 0 0.9996701 -0.01229957 -0.02254831 -1.999244 0.01199168 0.9998337 -0.01373952 114.6368 0.02271355 0.01346459 0.9996513 0.5695648 0 0 0 1
75 1 0.9996701 -0.01229957 -0.02254831 -2.531969 0.01199168 0.9998337 -0.01373952 114.6368 0.02271355 0.01346459 0.9996513 0.5695648 0 0 0 1
76 0 0.999669 -0.01224559 -0.02262768 -1.993665 0.01193779 0.9998351 -0.01368826 114.6369 0.02279157 0.0134136 0.9996502 0.5644728 0 0 0 1
76 1 0.999669 -0.01224559 -0.02262768 -2.52639 0.01193779 0.9998351 -0.01368826 114.6369 0.02279157 0.0134136 0.9996502 0.5644728 0 0 0 1
77 0 0.9996697 -0.01229359 -0.02257145 -1.998991 0.01198715 0.9998348 -0.01366168 114.6368 0.02273567 0.0133866 0.9996519 0.5620282 0 0 0 1
77 1 0.9996697 -0.01229359 -0.02257145 -2.531716 0.01198715 0.9998348 -0.01366168 114.6368 0.02273567 0.0133866 0.9996519 0.5620282 0 0 0 1
78 0 0.9996706 -0.01232158 -0.02251572 -2.001889 0.01201522 0.9998341 -0.01369164 114.6368 0.02268069 0.0134166 0.9996527 0.5657636 0 0 0 1
78 1 0.9996706 -0.01232158 -0.02251572 -2.534614 0.01201522 0.9998341 -0.01369164 114.6368 0.02268069 0.0134166 0.9996527 0.5657635 0 0 0 1
79 0 0.9996696 -0.01228859 -0.02257773 -1.997973 0.01198248 0.9998351 -0.01364365 114.6368 0.02274167 0.0133686 0.999652 0.5607367 0 0 0 1
79 1 0.9996696 -0.01228859 -0.02257773 -2.530698 0.01198248 0.9998351 -0.01364365 114.6368 0.02274167 0.0133686 0.999652 0.5607367 0 0 0 1
80 0 0.999671 -0.01228658 -0.02251674 -1.997399 0.01197949 0.9998341 -0.01372285 114.6368 0.02268161 0.01344859 0.9996523 0.5704194 0 0 0 1
80 1 0.999671 -0.01228658 -0.02251674 -2.530124 0.01197949 0.9998341 -0.01372285 114.6368 0.02268161 0.01344859 0.9996523 0.5704195 0 0 0 1
81 0 0.9996697 -0.01231359 -0.02255626 -2.000519 0.01200758 0.9998347 -0.01365196 114.6368 0.02272063 0.0133766 0.9996524 0.5626518 0 0 0 1
81 1 0.9996697 -0.01231359 -0.02255626 -2.533245 0.01200758 0.9998347 -0.01365196 114.6368 0.02272063 0.0133766 0.9996524 0.5626519 0 0 0 1
82 0 0.9996726 -0.01230757 -0.02243395 -1.999935 0.01200068 0.9998333 -0.01376332 114.6367 0.0225996 0.01348959 0.9996536 0.5754892 0 0 0 1
82 1 0.9996726 -0.01230757 -0.02243395 -2.53266 0.01200068 0.9998333 -0.01376332 114.6367 0.0225996 0.01348959 0.9996536 0.5754892 0 0 0 1
83 0 0.9996731 -0.01232058 -0.02240472 -2.001882 0.01201574 0.9998341 -0.01369028 114.6367 0.02256967 0.0134166 0.9996552 0.5672133 0 0 0 1
83 1 0.9996731 -0.01232058 -0.02240472 -2.534606 0.01201574 0.9998341 -0.01369028 114.6367 0.02256967 0.0134166 0.9996552 0.5672133 0 0 0 1
84 0 0.9996752 -0.01230558 -0.02231551 -2.000511 0.01200106 0.9998337 -0.01372886 114.6367 0.02248074 0.01345659 0.9996567 0.572022 0 0 0 1
84 1 0.9996752 -0.01230558 -0.02231551 -2.533236 0.01200106 0.9998337 -0.01372886 114.6367 0.02248074 0.01345659 0.9996567 0.572022 0 0 0 1
85 0 0.9996743 -0.01232958 -0.02234462 -2.003592 0.01202567 0.9998341 -0.01368476 114.6367 0.02250964 0.0134116 0.9996567 0.567129 0 0 0 1
85 1 0.9996743 -0.01232958 -0.02234462 -2.536317 0.01202567 0.9998341 -0.01368476 114.6367 0.02250964 0.0134116 0.9996567 0.567129 0 0 0 1
86 0 0.999676 -0.01230958 -0.02227666 -2.001452 0.01200598 0.9998339 -0.01371149 114.6367 0.02244174 0.0134396 0.9996578 0.570828 0 0 0 1
86 1 0.999676 -0.01230958 -0.02227666 -2.534177 0.01200598 0.9998339 -0.01371149 114.6367 0.02244174 0.0134396 0.9996578 0.5708281 0 0 0 1
87 0 0.9996759 -0.01235258 -0.02225989 -2.006409 0.01205077 0.9998343 -0.01364227 114.6367 0.02242472 0.0133696 0.9996591 0.562774 0 0 0 1
87 1 0.9996759 -0.01235258 -0.02225989 -2.539134 0.01205077 0.9998343 -0.01364227 114.6367 0.02242472 0.0133696 0.9996591 0.5627741 0 0 0 1
88 0 0.9996775 -0.01237957 -0.02217113 -2.009168 0.01207822 0.9998335 -0.0136748 114.6366 0.02233673 0.0134026 0.9996607 0.5665683 0 0 0 1
88 1 0.9996775 -0.01237957 -0.02217113 -2.541893 0.01207822 0.9998335 -0.0136748 114.6366 0.02233673 0.0134026 0.9996607 0.5665682 0 0 0 1
89 0 0.9996783 -0.01235258 -0.02215382 -2.006191 0.01205201 0.9998342 -0.01364999 114.6367 0.02231876 0.0133786 0.9996614 0.5643516 0 0 0 1
89 1 0.9996783 -0.01235258 -0.02215382 -2.538917 0.01205201 0.9998342 -0.01364999 114.6367 0.02231876 0.0133786 0.9996614 0.5643517 0 0 0 1
90 0 0.9996799 -0.01237457 -0.02207024 -2.008353 0.01207449 0.9998335 -0.01367847 114.6366 0.02223583 0.0134076 0.9996628 0.5676049 0 0 0 1
90 1 0.9996799 -0.01237457 -0.02207024 -2.541078 0.01207449 0.9998335 -0.01367847 114.6366 0.02223583 0.0134076 0.9996628 0.5676048 0 0 0 1
91 0 0.9996799 -0.01236056 -0.02207766 -2.006883 0.01205903 0.9998329 -0.01373923 114.6366 0.0222438 0.01346859 0.9996619 0.5745324 0 0 0 1
91 1 0.9996799 -0.01236056 -0.02207766 -2.539608 0.01205903 0.9998329 -0.01373923 114.6366 0.0222438 0.01346859 0.9996619 0.5745324 0 0 0 1
92 0 0.9996809 -0.01237057 -0.02202399 -2.008051 0.01207068 0.9998333 -0.01369781 114.6366 0.02218976 0.0134276 0.9996636 0.5700324 0 0 0 1
92 1 0.9996809 -0.01237057 -0.02202399 -2.540776 0.01207068 0.9998333 -0.01369781 114.6366 0.02218976 0.0134276 0.9996636 0.5700324 0 0 0 1
93 0 0.9996807 -0.01230657 -0.02206944 -2.00041 0.01200533 0.9998336 -0.01373093 114.6367 0.02223475 0.01346159 0.9996622 0.5739854 0 0 0 1
93 1 0.9996807 -0.01230657 -0.02206944 -2.533135 0.01200533 0.9998336 -0.01373093 114.6367 0.02223475 0.01346159 0.9996622 0.5739854 0 0 0 1
94 0 0.9996803 -0.01237558 -0.02204844 -2.008076 0.01207635 0.9998339 -0.01365323 114.6366 0.02221374 0.0133826 0.9996637 0.5651136 0 0 0 1
94 1 0.9996803 -0.01237558 -0.02204844 -2.540802 0.01207635 0.9998339 -0.01365323 114.6366 0.02221374 0.0133826 0.9996637 0.5651136 0 0 0 1
95 0 0.9996817 -0.01237357 -0.021985 -2.007505 0.01207432 0.9998333 -0.01369241 114.6366 0.02215076 0.0134226 0.9996645 0.5697859 0 0 0 1
95 1 0.9996817 -0.01237357 -0.021985 -2.540229 0.01207432 0.9998333 -0.01369241 114.6366 0.02215076 0.0134226 0.9996645 0.569786 0 0 0 1
96 0 0.999681 -0.01232858 -0.02204358 -2.002567 0.01202841 0.9998338 -0.01369812 114.6367 0.0222088 0.0134286 0.9996632 0.5706936 0 0 0 1
96 1 0.999681 -0.01232858 -0.02204358 -2.535292 0.01202841 0.9998338 -0.01369812 114.6367 0.0222088 0.0134286 0.9996632 0.5706937 0 0 0 1
97 0 0.9996807 -0.01235157 -0.02204319 -2.004174 0.01205125 0.9998335 -0.01370562 114.6367 0.0222088 0.0134356 0.9996631 0.571091 0 0 0 1
97 1 0.9996807 -0.01235157 -0.02204319 -2.536898 0.01205125 0.9998335 -0.01370562 114.6367 0.0222088 0.0134356 0.9996631 0.5710909 0 0 0 1
98 0 0.9996809 -0.01240356 -0.02200632 -2.009283 0.01210335 0.9998326 -0.01372332 114.6366 0.02217285 0.01345259 0.9996637 0.5724875 0 0 0 1
98 1 0.9996809 -0.01240356 -0.02200632 -2.542008 0.01210335 0.9998326 -0.01372332 114.6366 0.02217285 0.01345259 0.9996637 0.5724875 0 0 0 1
99 0 0.9996802 -0.01243955 -0.02201543 -2.012594 0.01213853 0.9998317 -0.01375422 114.6365 0.02218283 0.01348259 0.999663 0.5750726 0 0 0 1
99 1 0.9996802 -0.01243955 -0.02201543 -2.54532 0.01213853 0.9998317 -0.01375422 114.6365 0.02218283 0.01348259 0.999663 0.5750727 0 0 0 1
100 0 0.9996812 -0.01238456 -0.02200057 -2.006022 0.01208463 0.9998329 -0.01371384 114.6366 0.02216673 0.0134436 0.9996639 0.5702901 0 0 0 1
100 1 0.9996812 -0.01238456 -0.02200057 -2.538747 0.01208463 0.9998329 -0.01371384 114.6366 0.02216673 0.0134436 0.9996639 0.5702901 0 0 0 1
101 0 0.9996807 -0.01238856 -0.02202412 -2.006111 0.01208744 0.9998323 -0.0137532 114.6366 0.02219081 0.01348259 0.9996628 0.574422 0 0 0 1
101 1 0.9996807 -0.01238856 -0.02202412 -2.538836 0.01208744 0.9998323 -0.0137532 114.6366 0.02219081 0.01348259 0.9996628 0.5744219 0 0 0 1
102 0 0.9996823 -0.01239955 -0.02194408 -2.007047 0.01209806 0.9998313 -0.01381846 114.6366 0.02211173 0.01354858 0.9996637 0.581471 0 0 0 1
102 1 0.9996823 -0.01239955 -0.02194408 -2.539772 0.01209806 0.9998313 -0.01381846 114.6366 0.02211173 0.01354858 0.9996637 0.581471 0 0 0 1
103 0 0.9996814 -0.01246254 -0.02194903 -2.013644 0.01216232 0.9998314 -0.01375893 114.6365 0.0221168 0.01348759 0.9996644 0.5741153 0 0 0 1
103 1 0.9996814 -0.01246254 -0.02194903 -2.546369 0.01216232 0.9998314 -0.01375893 114.6365 0.0221168 0.01348759 0.9996644 0.5741153 0 0 0 1
104 0 0.9996816 -0.01242953 -0.0219591 -2.009133 0.01212664 0.9998302 -0.01387329 114.6365 0.02212781 0.01360258 0.9996626 0.5866749 0 0 0 1
104 1 0.9996816 -0.01242953 -0.0219591 -2.541858 0.01212664 0.9998302 -0.01387329 114.6365 0.02212781 0.01360258 0.9996626 0.586675 0 0 0 1
105 0 0.9996833 -0.01243753 -0.02187937 -2.009625 0.01213641 0.9998305 -0.01384251 114.6365 0.02204782 0.01357258 0.9996648 0.5829329 0 0 0 1
105 1 0.9996833 -0.01243753 -0.02187937 -2.54235 0.01213641 0.9998305 -0.01384251 114.6365 0.02204782 0.01357258 0.9996648 0.5829328 0 0 0 1
106 0 0.9996826 -0.01243853 -0.02190718 -2.009624 0.0121368 0.9998304 -0.01385286 114.6365 0.02207577 0.01358258 0.999664 0.5838145 0 0 0 1
106 1 0.9996826 -0.01243853 -0.02190718 -2.542349 0.0121368 0.9998304 -0.01385286 114.6365 0.02207577 0.01358258 0.999664 0.5838146 0 0 0 1
107 0 0.9996796 -0.01251553 -0.02199982 -2.01769 0.01221388 0.9998303 -0.01379271 114.6364 0.02216871 0.01351959 0.9996628 0.5758254 0 0 0 1
107 1 0.9996796 -0.01251553 -0.02199982 -2.550415 0.01221388 0.9998303 -0.01379271 114.6364 0.02216871 0.01351959 0.9996628 0.5758254 0 0 0 1
108 0 0.9996831 -0.01244953 -0.02187969 -2.009765 0.01214762 0.9998299 -0.01387777 114.6365 0.02204874 0.01360758 0.9996643 0.5849983 0 0 0 1
108 1 0.9996831 -0.01244953 -0.02187969 -2.54249 0.01214762 0.9998299 -0.01387777 114.6365 0.02204874 0.01360758 0.9996643 0.5849981 0 0 0 1
109 0 0.9996825 -0.01247853 -0.02188789 -2.01254 0.01217758 0.9998302 -0.01382952 114.6365 0.02205675 0.01355858 0.9996648 0.5789621 0 0 0 1
109 1 0.9996825 -0.01247853 -0.02188789 -2.545264 0.01217758 0.9998302 -0.01382952 114.6365 0.02205675 0.01355858 0.9996648 0.578962 0 0 0 1
110 0 0.999683 -0.01255451 -0.02182469 -2.020127 0.01225397 0.999829 -0.01385041 114.6364 0.02199484 0.01357858 0.9996659 0.5806163 0 0 0 1
110 1 0.999683 -0.01255451 -0.02182469 -2.552852 0.01225397 0.999829 -0.01385041 114.6364 0.02199484 0.01357858 0.9996659 0.5806164 0 0 0 1
111 0 0.999685 -0.01250253 -0.02176063 -2.013788 0.0122032 0.9998298 -0.01383449 114.6365 0.02192989 0.01356458 0.9996675 0.5786523 0 0 0 1
111 1 0.999685 -0.01250253 -0.02176063 -2.546513 0.0122032 0.9998298 -0.01383449 114.6365 0.02192989 0.01356458 0.9996675 0.5786522 0 0 0 1
112 0 0.999686 -0.01247653 -0.02173201 -2.00954 0.01217769 0.9998302 -0.01382957 114.6366 0.02190087 0.01356059 0.9996682 0.5775028 0 0 0 1
112 1 0.999686 -0.01247653 -0.02173201 -2.542265 0.01217769 0.9998302 -0.01382957 114.6366 0.02190087 0.01356059 0.9996682 0.5775028 0 0 0 1
113 0 0.999685 -0.01250552 -0.02175839 -2.012257 0.01220587 0.9998296 -0.01385053 114.6365 0.02192789 0.01358058 0.9996673 0.5793669 0 0 0 1
113 1 0.999685 -0.01250552 -0.02175839 -2.544981 0.01220587 0.9998296 -0.01385053 114.6365 0.02192789 0.01358058 0.9996673 0.5793669 0 0 0 1
114 0 0.9996857 -0.01246054 -0.02175246 -2.006652 0.01216188 0.9998307 -0.01380848 114.6366 0.02192084 0.01353959 0.999668 0.5740913 0 0 0 1
114 1 0.9996857 -0.01246054 -0.02175246 -2.539377 0.01216188 0.9998307 -0.01380848 114.6366 0.02192084 0.01353959 0.999668 0.5740913 0 0 0 1
115 0 0.9996871 -0.01247552 -0.02168339 -2.007658 0.01217633 0.9998296 -0.01387595 114.6366 0.0218528 0.01360758 0.9996686 0.5810293 0 0 0 1
115 1 0.9996871 -0.01247552 -0.02168339 -2.540383 0.01217633 0.9998296 -0.01387595 114.6366 0.0218528 0.01360758 0.9996686 0.5810292 0 0 0 1
116 0 0.999686 -0.01254052 -0.02169447 -2.01441 0.01224279 0.9998298 -0.01380252 114.6365 0.02186387 0.01353259 0.9996694 0.5720893 0 0 0 1
116 1 0.999686 -0.01254052 -0.02169447 -2.547135 0.01224279 0.9998298 -0.01380252 114.6365 0.02186387 0.01353259 0.9996694 0.5720893 0 0 0 1
117 0 0.999687 -0.01246053 -0.02169696 -2.004809 0.01216172 0.9998301 -0.01384979 114.6367 0.02186585 0.01358158 0.9996687 0.5770161 0 0 0 1
117 1 0.999687 -0.01246053 -0.02169696 -2.537534 0.01216172 0.9998301 -0.01384979 114.6367 0.02186585 0.01358158 0.9996687 0.577016 0 0 0 1
118 0 0.9996873 -0.01244453 -0.0216919 -2.002228 0.0121454 0.9998301 -0.01386737 114.6367 0.02186079 0.01359958 0.9996685 0.5780196 0 0 0 1
118 1 0.9996873 -0.01244453 -0.0216919 -2.534953 0.0121454 0.9998301 -0.01386737 114.6367 0.02186079 0.01359958 0.9996685 0.5780194 0 0 0 1
119 0 0.9996866 -0.01242951 -0.02173099 -1.999457 0.01212775 0.9998289 -0.0139635 114.6367 0.02190083 0.01369557 0.9996663 0.5883505 0 0 0 1
119 1 0.9996866 -0.01242951 -0.02173099 -2.532182 0.01212775 0.9998289 -0.0139635 114.6367 0.02190083 0.01369557 0.9996663 0.5883504 0 0 0 1
120 0 0.9996867 -0.01250353 -0.0216846 -2.007346 0.01220524 0.9998298 -0.01383358 114.6366 0.02185388 0.01356458 0.9996691 0.5727622 0 0 0 1
120 1 0.9996867 -0.01250353 -0.0216846 -2.540071 0.01220524 0.9998298 -0.01383358 114.6366 0.02185388 0.01356458 0.9996691 0.5727621 0 0 0 1
121 0 0.999684 -0.0125375 -0.02178973 -2.010481 0.01223549 0.999828 -0.01393859 114.6365 0.02196074 0.01366758 0.9996654 0.5835322 0 0 0 1
121 1 0.999684 -0.0125375 -0.02178973 -2.543206 0.01223549 0.999828 -0.01393859 114.6365 0.02196074 0.01366758 0.9996654 0.583532 0 0 0 1
122 0 0.9996841 -0.01246552 -0.02182428 -2.001513 0.012164 0.9998295 -0.01389444 114.6367 0.02199376 0.01362458 0.9996653 0.577716 0 0 0 1
122 1 0.9996841 -0.01246552 -0.02182428 -2.534238 0.012164 0.9998295 -0.01389444 114.6367 0.02199376 0.01362458 0.9996653 0.577716 0 0 0 1
123 0 0.9996857 -0.01244351 -0.0217648 -1.998494 0.01214138 0.9998289 -0.01395921 114.6368 0.02193477 0.01369057 0.9996657 0.5842456 0 0 0 1
123 1 0.9996857 -0.01244351 -0.0217648 -2.531219 0.01214138 0.9998289 -0.01395921 114.6367 0.02193477 0.01369057 0.9996657 0.5842456 0 0 0 1
124 0 0.9996839 -0.01249151 -0.02181918 -2.003575 0.01218873 0.9998283 -0.01395493 114.6367 0.02198975 0.01368457 0.9996645 0.5826131 0 0 0 1
124 1 0.9996839 -0.01249151 -0.02181918 -2.536301 0.01218873 0.9998283 -0.01395493 114.6367 0.02198975 0.01368457 0.9996645 0.5826131 0 0 0 1
125 0 0.9996835 -0.01248451 -0.02184163 -2.002615 0.01218211 0.9998288 -0.01392406 114.6367 0.02201173 0.01365358 0.9996645 0.5783981 0 0 0 1
125 1 0.9996835 -0.01248451 -0.02184163 -2.53534 0.01218211 0.9998288 -0.01392406 114.6367 0.02201173 0.01365358 0.9996645 0.5783982 0 0 0 1
126 0 0.999683 -0.01245451 -0.02188255 -1.998941 0.01215066 0.9998287 -0.01396389 114.6368 0.02205271 0.01369357 0.9996631 0.582139 0 0 0 1
126 1 0.999683 -0.01245451 -0.02188255 -2.531667 0.01215066 0.9998287 -0.01396389 114.6368 0.02205271 0.01369357 0.9996631 0.582139 0 0 0 1
127 0 0.9996822 -0.0125025 -0.0218899 -2.004003 0.0121986 0.9998281 -0.01396204 114.6367 0.0220607 0.01369057 0.9996629 0.5808673 0 0 0 1
127 1 0.9996822 -0.0125025 -0.0218899 -2.536728 0.0121986 0.9998281 -0.01396204 114.6367 0.0220607 0.01369057 0.9996629 0.5808673 0 0 0 1
128 0 0.9996817 -0.0124405 -0.02195 -1.997058 0.01213435 0.999828 -0.01402638 114.6368 0.02212072 0.01375557 0.9996607 0.5874535 0 0 0 1
128 1 0.9996817 -0.0124405 -0.02195 -2.529783 0.01213435 0.999828 -0.01402638 114.6368 0.02212072 0.01375557 0.9996607 0.5874536 0 0 0 1
129 0 0.9996817 -0.01242953 -0.0219556 -1.995717 0.01212588 0.9998297 -0.01390923 114.6369 0.02212474 0.01363858 0.9996622 0.5735792 0 0 0 1
129 1 0.9996817 -0.01242953 -0.0219556 -2.528442 0.01212588 0.9998297 -0.01390923 114.6369 0.02212474 0.01363858 0.9996622 0.5735791 0 0 0 1
130 0 0.9996819 -0.0124555 -0.02193093 -1.998743 0.01214994 0.999828 -0.01401148 114.6368 0.02210168 0.01374057 0.9996613 0.5847739 0 0 0 1
130 1 0.9996819 -0.0124555 -0.02193093 -2.531468 0.01214994 0.999828 -0.01401148 114.6368 0.02210168 0.01374057 0.9996613 0.584774 0 0 0 1
131 0 0.9996815 -0.01245352 -0.02194883 -1.998442 0.01214918 0.9998289 -0.01394468 114.6368 0.02211874 0.01367357 0.9996619 0.5765593 0 0 0 1
131 1 0.9996815 -0.01245352 -0.02194883 -2.531168 0.01214918 0.9998289 -0.01394468 114.6368 0.02211874 0.01367357 0.9996619 0.5765593 0 0 0 1
132 0 0.9996819 -0.01242053 -0.02194993 -1.994652 0.01211732 0.9998301 -0.01389297 114.6369 0.02211875 0.01362258 0.9996625 0.5701863 0 0 0 1
132 1 0.9996819 -0.01242053 -0.02194993 -2.527376 0.01211732 0.9998301 -0.01389297 114.6369 0.02211875 0.01362258 0.9996625 0.5701863 0 0 0 1
133 0 0.9996784 -0.01248551 -0.0220703 -2.0023 0.01217943 0.9998285 -0.01394886 114.6368 0.02224067 0.01367557 0.9996591 0.5759698 0 0 0 1
133 1 0.9996784 -0.01248551 -0.0220703 -2.535025 0.01217943 0.9998285 -0.01394886 114.6368 0.02224067 0.01367557 0.9996591 0.5759698 0 0 0 1
134 0 0.9996784 -0.01242852 -0.02210505 -1.996113 0.01212175 0.9998291 -0.01395801 114.6369 0.02227475 0.01368557 0.9996582 0.5770189 0 0 0 1
134 1 0.9996784 -0.01242852 -0.02210505 -2.528838 0.01212175 0.9998291 -0.01395801 114.6369 0.02227475 0.01368557 0.9996582 0.5770189 0 0 0 1
135 0 0.9996778 -0.0124235 -0.02213256 -1.995977 0.01211376 0.9998276 -0.01407421 114.6368 0.0223036 0.01380156 0.999656 0.5899566 0 0 0 1
135 1 0.9996778 -0.0124235 -0.02213256 -2.528702 0.01211376 0.9998276 -0.01407421 114.6368 0.0223036 0.01380156 0.999656 0.5899566 0 0 0 1
136 0 0.9996788 -0.01242552 -0.02208945 -1.996341 0.01211982 0.9998296 -0.01391977 114.6369 0.02225865 0.01364758 0.9996591 0.572182 0 0 0 1
136 1 0.9996788 -0.01242552 -0.02208945 -2.529067 0.01211982 0.9998296 -0.01391977 114.6369 0.02225865 0.01364758 0.9996591 0.5721821 0 0 0 1
137 0 0.9996786 -0.01241851 -0.02210269 -1.995839 0.01211089 0.9998287 -0.01399775 114.6369 0.02227274 0.01372557 0.9996577 0.5807679 0 0 0 1
137 1 0.9996786 -0.01241851 -0.02210269 -2.528564 0.01211089 0.9998287 -0.01399775 114.6369 0.02227274 0.01372557 0.9996577 0.5807679 0 0 0 1
138 0 0.9996774 -0.01246452 -0.02213101 -2.000887 0.01215829 0.9998292 -0.01391814 114.6368 0.02230071 0.01364458 0.9996582 0.5713348 0 0 0 1
138 1 0.9996774 -0.01246452 -0.02213101 -2.533612 0.01215829 0.9998292 -0.01391814 114.6368 0.02230071 0.01364458 0.9996582 0.5713347 0 0 0 1
139 0 0.9996785 -0.01236352 -0.02213756 -1.989436 0.0120557 0.9998295 -0.01398495 114.637 0.02230668 0.01371357 0.9996571 0.5791556 0 0 0 1
139 1 0.9996785 -0.01236352 -0.02213756 -2.522161 0.0120557 0.9998295 -0.01398495 114.637 0.02230668 0.01371357 0.9996571 0.5791556 0 0 0 1
140 0 0.9996784 -0.01241252 -0.02211141 -1.995076 0.01210594 0.9998295 -0.01394574 114.6369 0.02228074 0.01367357 0.9996582 0.5741628 0 0 0 1
140 1 0.9996784 -0.01241252 -0.02211141 -2.527801 0.01210594 0.9998295 -0.01394574 114.6369 0.02228074 0.01367357 0.9996582 0.5741628 0 0 0 1
141 0 0.9996769 -0.01244051 -0.0221643 -1.998263 0.01213204 0.9998284 -0.01399799 114.6368 0.02233464 0.01372457 0.9996563 0.5799271 0 0 0 1
141 1 0.9996769 -0.01244051 -0.0221643 -2.530988 0.01213204 0.9998284 -0.01399799 114.6369 0.02233464 0.01372457 0.9996563 0.5799271 0 0 0 1
142 0 0.9996774 -0.01241452 -0.0221607 -1.995223 0.01210785 0.9998298 -0.01391939 114.637 0.02232973 0.01364657 0.9996575 0.5707394 0 0 0 1
142 1 0.9996774 -0.01241452 -0.0221607 -2.527948 0.01210785 0.9998298 -0.01391939 114.637 0.02232973 0.01364657 0.9996575 0.5707394 0 0 0 1
143 0 0.9996759 -0.01232853 -0.0222724 -1.985574 0.01201964 0.9998304 -0.0139498 114.6371 0.0224406 0.01367757 0.9996546 0.5740408 0 0 0 1
143 1 0.9996759 -0.01232853 -0.0222724 -2.5183 0.01201964 0.9998304 -0.0139498 114.6371 0.0224406 0.01367757 0.9996546 0.5740409 0 0 0 1
144 0 0.9996758 -0.01234653 -0.02226935 -1.98758 0.0120379 0.9998304 -0.01394017 114.6371 0.02243768 0.01366758 0.9996548 0.5726229 0 0 0 1
144 1 0.9996758 -0.01234653 -0.02226935 -2.520305 0.0120379 0.9998304 -0.01394017 114.6371 0.02243768 0.01366758 0.9996548 0.5726228 0 0 0 1
145 0 0.9996743 -0.01241652 -0.02229609 -1.995587 0.01210706 0.9998292 -0.01396106 114.6369 0.02246563 0.01368657 0.9996539 0.5743951 0 0 0 1
145 1 0.9996743 -0.01241652 -0.02229609 -2.528312 0.01210706 0.9998292 -0.01396106 114.6369 0.02246563 0.01368657 0.9996539 0.5743951 0 0 0 1
146 0 0.9996757 -0.01232453 -0.0222853 -1.98495 0.01201508 0.9998302 -0.01396686 114.6371 0.02245365 0.01369457 0.9996541 0.575147 0 0 0 1
146 1 0.9996757 -0.01232453 -0.0222853 -2.517675 0.01201508 0.9998302 -0.01396686 114.6371 0.02245365 0.01369457 0.9996541 0.575147 0 0 0 1
147 0 0.999674 -0.01239754 -0.02232069 -1.992809 0.01209013 0.9998309 -0.01385496 114.637 0.02248869 0.01358058 0.9996548 0.5618722 0 0 0 1
147 1 0.999674 -0.01239754 -0.02232069 -2.525534 0.01209013 0.9998309 -0.01385496 114.637 0.02248869 0.01358058 0.9996548 0.5618722 0 0 0 1
148 0 0.9996735 -0.0125115 -0.02228044 -2.005425 0.0122016 0.9998277 -0.013991 114.6368 0.02245164 0.01371457 0.9996539 0.5771427 0 0 0 1
148 1 0.9996735 -0.0125115 -0.02228044 -2.53815 0.0122016 0.9998277 -0.013991 114.6368 0.02245164 0.01371457 0.9996539 0.5771427 0 0 0 1
149 0 0.9996724 -0.0124665 -0.02235293 -2.000172 0.01215559 0.9998282 -0.01399187 114.6368 0.02252352 0.01371557 0.9996522 0.5767953 0 0 0 1
149 1 0.9996724 -0.0124665 -0.02235293 -2.532897 0.01215559 0.9998282 -0.01399187 114.6368 0.02252352 0.01371557 0.9996522 0.5767952 0 0 0 1
150 0 0.9996751 -0.01234453 -0.0222994 -1.986059 0.01203562 0.9998305 -0.01393449 114.6371 0.02246763 0.01366157 0.9996542 0.5703573 0 0 0 1
150 1 0.9996751 -0.01234453 -0.0222994 -2.518784 0.01203562 0.9998305 -0.01393449 114.6371 0.02246763 0.01366157 0.9996542 0.5703573 0 0 0 1
151 0 0.9996749 -0.01239953 -0.02227966 -1.991937 0.01209098 0.9998299 -0.01393049 114.637 0.0224486 0.01365658 0.9996547 0.5690281 0 0 0 1
151 1 0.9996749 -0.01239953 -0.02227966 -2.524662 0.01209098 0.9998299 -0.01393049 114.637 0.0224486 0.01365658 0.9996547 0.5690281 0 0 0 1
152 0 0.9996724 -0.01247151 -0.02234911 -2.00019 0.01216107 0.9998284 -0.01397294 114.6369 0.02251954 0.01369657 0.9996526 0.5732269 0 0 0 1
152 1 0.9996724 -0.01247151 -0.02234911 -2.532915 0.01216107 0.9998284 -0.01397294 114.6369 0.02251954 0.01369657 0.9996526 0.5732269 0 0 0 1
153 0 0.9996744 -0.01241453 -0.02228989 -1.993618 0.01210667 0.9998302 -0.01389396 114.637 0.02245859 0.01361958 0.999655 0.5642394 0 0 0 1
153 1 0.9996744 -0.01241453 -0.02228989 -2.526343 0.01210667 0.9998302 -0.01389396 114.637 0.02245859 0.01361958 0.999655 0.5642394 0 0 0 1
154 0 0.999677 -0.01236054 -0.02220704 -1.987035 0.01205432 0.9998311 -0.01387075 114.6372 0.02237474 0.01359858 0.9996572 0.5612916 0 0 0 1
154 1 0.999677 -0.01236054 -0.02220704 -2.51976 0.01205432 0.9998311 -0.01387075 114.6372 0.02237474 0.01359858 0.9996572 0.5612916 0 0 0 1
155 0 0.999674 -0.01241951 -0.02230871 -1.993151 0.01210918 0.9998288 -0.01399227 114.637 0.02247866 0.01371757 0.9996532 0.5745027 0 0 0 1
155 1 0.999674 -0.01241951 -0.02230871 -2.525876 0.01210918 0.9998288 -0.01399227 114.637 0.02247866 0.01371757 0.9996532 0.5745026 0 0 0 1
156 0 0.9996752 -0.01243152 -0.02224788 -1.993931 0.01212284 0.9998291 -0.01395581 114.637 0.02241758 0.01368157 0.9996551 0.5702773 0 0 0 1
156 1 0.9996752 -0.01243152 -0.02224788 -2.526656 0.01212284 0.9998291 -0.01395581 114.637 0.02241758 0.01368157 0.9996551 0.5702773 0 0 0 1
157 0 0.9996706 -0.01241152 -0.02246221 -1.990727 0.01209986 0.9998294 -0.01395796 114.6371 0.02263162 0.01368157 0.9996502 0.5703057 0 0 0 1
157 1 0.9996706 -0.01241152 -0.02246221 -2.523453 0.01209986 0.9998294 -0.01395796 114.6371 0.02263162 0.01368157 0.9996502 0.5703056 0 0 0 1
158 0 0.9996728 -0.01243852 -0.02235138 -1.992913 0.01212941 0.9998296 -0.01391224 114.637 0.02252062 0.01363658 0.9996534 0.5649886 0 0 0 1
158 1 0.9996728 -0.01243852 -0.02235138 -2.525638 0.01212941 0.9998296 -0.01391224 114.637 0.02252062 0.01363658 0.9996534 0.5649887 0 0 0 1
159 0 0.9996743 -0.01235153 -0.02233106 -1.982273 0.01204184 0.9998302 -0.01395002 114.6372 0.02249958 0.01367657 0.9996533 0.5700636 0 0 0 1
159 1 0.9996743 -0.01235153 -0.02233106 -2.514998 0.01204184 0.9998302 -0.01395002 114.6372 0.02249958 0.01367657 0.9996533 0.5700636 0 0 0 1
160 0 0.9996724 -0.01240155 -0.02238819 -1.987734 0.01209429 0.9998315 -0.01380788 114.6372 0.02255566 0.01353259 0.999654 0.5540558 0 0 0 1
160 1 0.9996724 -0.01240155 -0.02238819 -2.520459 0.01209429 0.9998315 -0.01380788 114.6372 0.02255566 0.01353259 0.999654 0.5540558 0 0 0 1
161 0 0.9996732 -0.01230856 -0.02240504 -1.976897 0.01200035 0.9998322 -0.01383898 114.6373 0.02257162 0.01356559 0.9996532 0.5582439 0 0 0 1
161 1 0.9996732 -0.01230856 -0.02240504 -2.509622 0.01200035 0.9998322 -0.01383898 114.6373 0.02257162 0.01356559 0.9996532 0.5582437 0 0 0 1
162 0 0.9996716 -0.01241553 -0.02241662 -1.988778 0.01210545 0.9998299 -0.01391551 114.6371 0.02258558 0.01363958 0.9996518 0.5668259 0 0 0 1
162 1 0.9996716 -0.01241553 -0.02241662 -2.521503 0.01210545 0.9998299 -0.01391551 114.6371 0.02258558 0.01363958 0.9996518 0.5668259 0 0 0 1
163 0 0.9996719 -0.01243354 -0.02239199 -1.990617 0.01212667 0.9998314 -0.01378865 114.6371 0.02255966 0.01351259 0.9996542 0.5531888 0 0 0 1
163 1 0.9996719 -0.01243354 -0.02239199 -2.523342 0.01212667 0.9998314 -0.01378865 114.6371 0.02255966 0.01351259 0.9996542 0.5531887 0 0 0 1
164 0 0.9996715 -0.01237655 -0.02244653 -1.984162 0.01206865 0.9998319 -0.01380102 114.6372 0.02261357 0.01352559 0.9996528 0.5546286 0 0 0 1
164 1 0.9996715 -0.01237655 -0.02244653 -2.516887 0.01206865 0.9998319 -0.01380102 114.6372 0.02261357 0.01352559 0.9996528 0.5546286 0 0 0 1
165 0 0.9996709 -0.01238255 -0.02246722 -1.985103 0.01207388 0.9998316 -0.0138224 114.6372 0.02263459 0.01354659 0.999652 0.5573359 0 0 0 1
165 1 0.9996709 -0.01238255 -0.02246722 -2.517828 0.01207388 0.9998316 -0.0138224 114.6372 0.02263459 0.01354659 0.999652 0.5573359 0 0 0 1
166 0 0.9996709 -0.01238654 -0.02246301 -1.985312 0.01207764 0.9998313 -0.01383544 114.6372 0.02263059 0.01355959 0.9996519 0.5590392 0 0 0 1
166 1 0.9996709 -0.01238654 -0.02246301 -2.518037 0.01207764 0.9998313 -0.01383544 114.6372 0.02263059 0.01355959 0.9996519 0.5590393 0 0 0 1
167 0 0.9996705 -0.01237456 -0.02248826 -1.98393 0.01206738 0.9998327 -0.01374449 114.6372 0.02265458 0.01346859 0.9996526 0.5488892 0 0 0 1
167 1 0.9996705 -0.01237456 -0.02248826 -2.516655 0.01206738 0.9998327 -0.01374449 114.6372 0.02265458 0.01346859 0.9996526 0.548889 0 0 0 1
168 0 0.9996711 -0.01234655 -0.02247661 -1.980975 0.01203748 0.9998319 -0.0138347 114.6372 0.02264364 0.01355958 0.9996517 0.5594811 0 0 0 1
168 1 0.9996711 -0.01234655 -0.02247661 -2.5137 0.01203748 0.9998319 -0.0138347 114.6372 0.02264364 0.01355958 0.9996517 0.5594811 0 0 0 1
169 0 0.999671 -0.01233556 -0.02248801 -1.979913 0.01202694 0.9998323 -0.01380759 114.6373 0.02265456 0.01353259 0.9996517 0.55644 0 0 0 1
169 1 0.999671 -0.01233556 -0.02248801 -2.512638 0.01202694 0.9998323 -0.01380759 114.6373 0.02265456 0.01353259 0.9996517 0.55644 0 0 0 1
170 0 0.9996717 -0.01233856 -0.02245685 -1.980824 0.01203019 0.9998322 -0.01381528 114.6372 0.02262354 0.01354059 0.9996523 0.5581496 0 0 0 1
170 1 0.9996717 -0.01233856 -0.02245685 -2.51355 0.01203019 0.9998322 -0.01381528 114.6372 0.02262354 0.01354059 0.9996523 0.5581496 0 0 0 1
171 0 0.9996707 -0.01235355 -0.02249358 -1.98271 0.01204454 0.9998319 -0.01382206 114.6372 0.02266055 0.01354659 0.9996514 0.5590762 0 0 0 1
171 1 0.9996707 -0.01235355 -0.02249358 -2.515435 0.01204454 0.9998319 -0.01382206 114.6372 0.02266055 0.01354659 0.9996514 0.5590764 0 0 0 1
172 0 0.9996726 -0.01228656 -0.02244441 -1.975374 0.01197793 0.9998326 -0.01383395 114.6373 0.02261063 0.01356059 0.9996524 0.5609536 0 0 0 1
172 1 0.9996726 -0.01228656 -0.02244441 -2.508099 0.01197793 0.9998326 -0.01383395 114.6373 0.02261063 0.01356059 0.9996524 0.5609536 0 0 0 1
173 0 0.9996702 -0.01232956 -0.02252596 -1.980327 0.01202005 0.9998322 -0.01382391 114.6373 0.02269262 0.01354859 0.9996507 0.5592684 0 0 0 1
173 1 0.9996702 -0.01232956 -0.02252596 -2.513052 0.01202005 0.9998322 -0.01382391 114.6372 0.02269262 0.01354859 0.9996507 0.5592684 0 0 0 1
174 0 0.9996714 -0.01231657 -0.02248095 -1.979128 0.01200928 0.9998333 -0.01375309 114.6373 0.02264659 0.01347859 0.9996527 0.553245 0 0 0 1
174 1 0.9996714 -0.01231657 -0.02248095 -2.511853 0.01200928 0.9998333 -0.01375309 114.6373 0.02264659 0.01347859 0.9996527 0.5532451 0 0 0 1
175 0 0.9996696 -0.01225158 -0.02259758 -1.972077 0.01194232 0.9998339 -0.01377001 114.6374 0.02276253 0.01349559 0.9996498 0.5564189 0 0 0 1
175 1 0.9996696 -0.01225158 -0.02259758 -2.504802 0.01194232 0.9998339 -0.01377001 114.6374 0.02276253 0.01349559 0.9996498 0.5564189 0 0 0 1
176 0 0.9996691 -0.01227558 -0.02260408 -1.975121 0.0119678 0.9998345 -0.01370165 114.6373 0.02276854 0.0134266 0.9996506 0.5502895 0 0 0 1
176 1 0.9996691 -0.01227558 -0.02260408 -2.507846 0.0119678 0.9998345 -0.01370165 114.6373 0.02276854 0.0134266 0.9996506 0.5502895 0 0 0 1
177 0 0.9996678 -0.01234257 -0.02262685 -1.982585 0.0120337 0.9998332 -0.01373644 114.6372 0.02279262 0.01345959 0.9996496 0.5549433 0 0 0 1
177 1 0.9996678 -0.01234257 -0.02262685 -2.51531 0.0120337 0.9998332 -0.01373644 114.6372 0.02279262 0.01345959 0.9996496 0.5549434 0 0 0 1
178 0 0.999667 -0.01234966 -0.02265887 -1.984708 0.0120537 0.9998409 -0.01315215 114.6375 0.02281769 0.01287465 0.9996567 0.4864586 0 0 0 1
178 1 0.999667 -0.01234966 -0.02265887 -2.517433 0.0120537 0.9998409 -0.01315215 114.6375 0.02281769 0.01287465 0.9996567 0.4864587 0 0 0 1
179 0 0.9996687 -0.01218581 -0.02267256 -1.968673 0.01190759 0.9998527 -0.01236578 114.6382 0.02281991 0.01209171 0.9996665 0.3892204 0 0 0 1
179 1 0.9996687 -0.01218581 -0.02267256 -2.501399 0.01190759 0.9998527 -0.01236578 114.6382 0.02281991 0.01209171 0.9996665 0.3892204 0 0 0 1
180 0 0.9996678 -0.01225083 -0.02267665 -1.979648 0.01197793 0.9998547 -0.01213137 114.6383 0.02282197 0.01185572 0.9996693 0.3491891 0 0 0 1
180 1 0.9996678 -0.01225083 -0.02267665 -2.512373 0.01197793 0.9998547 -0.01213137 114.6383 0.02282197 0.01185572 0.9996693 0.3491891 0 0 0 1
181 0 0.9996739 -0.01197385 -0.02255593 -1.954351 0.01169844 0.9998559 -0.01230259 114.6389 0.02269999 0.01203471 0.9996699 0.3517628 0 0 0 1
181 1 0.9996739 -0.01197385 -0.02255593 -2.487076 0.01169844 0.9998559 -0.01230259 114.6389 0.02269999 0.01203471 0.9996699 0.3517627 0 0 0 1
182 0 0.9996778 -0.01147191 -0.02264331 -1.904793 0.01119402 0.9998609 -0.01236116 114.64 0.02278197 0.0121037 0.9996672 0.3346409 0 0 0 1
182 1 0.9996778 -0.01147191 -0.02264331 -2.437517 0.01119402 0.9998609 -0.01236116 114.64 0.02278197 0.0121037 0.9996672 0.3346408 0 0 0 1
183 0 0.9996817 -0.01123995 -0.02258744 -1.886463 0.01096547 0.999865 -0.01223929 114.6407 0.02272196 0.01198771 0.99967 0.294516 0 0 0 1
183 1 0.9996817 -0.01123995 -0.02258744 -2.419188 0.01096547 0.999865 -0.01223929 114.6407 0.02272196 0.01198771 0.99967 0.294516 0 0 0 1
184 0 0.999686 -0.01094803 -0.02253986 -1.863042 0.01067994 0.9998712 -0.01198022 114.6416 0.02266812 0.01173573 0.9996741 0.2317116 0 0 0 1
184 1 0.999686 -0.01094803 -0.02253986 -2.395767 0.01067994 0.9998712 -0.01198022 114.6416 0.02266812 0.01173573 0.9996741 0.2317117 0 0 0 1
185 0 0.9996839 -0.01080111 -0.02270478 -1.856467 0.01054225 0.9998784 -0.01148975 114.6423 0.02282612 0.01124676 0.9996762 0.1409076 0 0 0 1
185 1 0.9996839 -0.01080111 -0.02270478 -2.389192 0.01054225 0.9998784 -0.01148975 114.6423 0.02282612 0.01124676 0.9996762 0.1409076 0 0 0 1
186 0 0.999677 -0.01120817 -0.0228103 -1.91396 0.0109689 0.9998838 -0.01058744 114.6419 0.02292632 0.01033382 0.9996837 -0.004416051 0 0 0 1
186 1 0.999677 -0.01120817 -0.0228103 -2.446685 0.0109689 0.9998838 -0.01058744 114.6419 0.02292632 0.01033382 0.9996837 -0.004415996 0 0 0 1
187 0 0.9996687 -0.0117863 -0.02288072 -1.993825 0.01158793 0.9998943 -0.008782946 114.6409 0.02298182 0.008514896 0.9996996 -0.2665424 0 0 0 1
187 1 0.9996687 -0.0117863 -0.02288072 -2.52655 0.01158793 0.9998943 -0.008782946 114.6409 0.02298182 0.008514896 0.9996996 -0.2665424 0 0 0 1
188 0 0.9996488 -0.01246742 -0.02338532 -2.087076 0.01231298 0.9999015 -0.006736264 114.6389 0.023467 0.006445955 0.9997038 -0.564748 0 0 0 1
188 1 0.9996488 -0.01246742 -0.02338532 -2.619801 0.01231298 0.9999015 -0.006736264 114.6389 0.023467 0.006445955 0.9997038 -0.5647479 0 0 0 1
189 0 0.9996268 -0.01280051 -0.02413591 -2.144429 0.01268265 0.9999069 -0.005029968 114.6372 0.02419805 0.004721983 0.999696 -0.8365777 0 0 0 1
189 1 0.9996268 -0.01280051 -0.02413591 -2.677154 0.01268265 0.9999069 -0.005029968 114.6372 0.02419805 0.004721983 0.999696 -0.8365777 0 0 0 1
190 0 0.9995957 -0.01287455 -0.02535228 -2.179209 0.01277292 0.9999098 -0.004166499 114.6363 0.02540364 0.003840991 0.9996699 -1.037831 0 0 0 1
190 1 0.9995957 -0.01287455 -0.02535228 -2.711934 0.01277292 0.9999098 -0.004166499 114.6363 0.02540364 0.003840991 0.9996699 -1.037831 0 0 0 1
191 0 0.9995635 -0.01291955 -0.02656701 -2.212274 0.01281576 0.9999096 -0.004073246 114.6361 0.02661723 0.003730992 0.9996387 -1.158994 0 0 0 1
191 1 0.9995635 -0.01291955 -0.02656701 -2.744999 0.01281576 0.9999096 -0.004073246 114.6361 0.02661723 0.003730992 0.9996387 -1.158994 0 0 0 1
192 0 0.9995168 -0.01314352 -0.02816625 -2.269422 0.0130284 0.999906 -0.004267013 114.6359 0.02821969 0.003897991 0.9995942 -1.266229 0 0 0 1
192 1 0.9995168 -0.01314352 -0.02816625 -2.802147 0.0130284 0.999906 -0.004267013 114.6359 0.02821969 0.003897991 0.9995942 -1.266229 0 0 0 1
193 0 0.9994571 -0.01316156 -0.03020476 -2.311193 0.01306229 0.9999086 -0.003481429 114.6347 0.03024782 0.003084995 0.9995376 -1.517164 0 0 0 1
193 1 0.9994571 -0.01316156 -0.03020476 -2.843918 0.01306229 0.9999086 -0.003481429 114.6347 0.03024782 0.003084995 0.9995376 -1.517164 0 0 0 1
194 0 0.9993951 -0.01298761 -0.03226048 -2.332317 0.01292182 0.999914 -0.002247222 114.6329 0.0322869 0.001828999 0.999477 -1.823349 0 0 0 1
194 1 0.9993951 -0.01298761 -0.03226048 -2.865042 0.01292182 0.999914 -0.002247222 114.6329 0.0322869 0.001828999 0.999477 -1.823349 0 0 0 1
195 0 0.9993139 -0.01230169 -0.03493414 -2.304211 0.01226094 0.9999239 -0.001380272 114.6324 0.03494846 0.0009509999 0.9993886 -2.122798 0 0 0 1
195 1 0.9993139 -0.01230169 -0.03493414 -2.836936 0.01226094 0.9999239 -0.001380272 114.6324 0.03494846 0.0009509999 0.9993886 -2.122798 0 0 0 1
196 0 0.9992251 -0.01179673 -0.03755125 -2.297026 0.01179524 0.9999304 -0.0002611285 114.6304 0.03755172 -0.000182 0.9992947 -2.453203 0 0 0 1
196 1 0.9992251 -0.01179673 -0.03755125 -2.829751 0.01179524 0.9999304 -0.0002611285 114.6304 0.03755172 -0.000182 0.9992947 -2.453203 0 0 0 1
197 0 0.9991164 -0.01189171 -0.04031267 -2.361436 0.0119423 0.9999282 0.00101447 114.6259 0.04029771 -0.001495 0.9991866 -2.825492 0 0 0 1
197 1 0.9991164 -0.01189171 -0.04031267 -2.894161 0.0119423 0.9999282 0.00101447 114.6259 0.04029771 -0.001495 0.9991866 -2.825492 0 0 0 1
198 0 0.9989622 -0.01254559 -0.04378404 -2.500328 0.01269366 0.9999146 0.003105435 114.6162 0.04374135 -0.003657992 0.9990362 -3.341624 0 0 0 1
198 1 0.9989622 -0.01254559 -0.04378404 -3.033053 0.01269366 0.9999146 0.003105435 114.6162 0.04374135 -0.003657992 0.9990362 -3.341623 0 0 0 1
199 0 0.9988127 -0.01264853 -0.0470449 -2.575982 0.01285181 0.9999093 0.004021146 114.6106 0.04698978 -0.004620984 0.9988847 -3.721221 0 0 0 1
199 1 0.9988127 -0.01264853 -0.0470449 -3.108706 0.01285181 0.9999093 0.004021146 114.6106 0.04698978 -0.004620984 0.9988847 -3.721221 0 0 0 1
200 0 0.9986459 -0.01237353 -0.05052954 -2.613511 0.01260778 0.9999112 0.004319764 114.6078 0.0504716 -0.00495098 0.9987132 -4.051635 0 0 0 1
200 1 0.9986459 -0.01237353 -0.05052954 -3.146236 0.01260778 0.9999112 0.004319764 114.6078 0.0504716 -0.00495098 0.9987132 -4.051635 0 0 0 1
201 0 0.9984549 -0.01118662 -0.05443079 -2.561706 0.01144459 0.9999247 0.004429886 114.6077 0.05437713 -0.005045979 0.9985077 -4.410728 0 0 0 1
201 1 0.9984549 -0.01118662 -0.05443079 -3.09443 0.01144459 0.9999247 0.004429886 114.6077 0.05437713 -0.005045979 0.9985077 -4.410727 0 0 0 1
202 0 0.9982684 -0.01096973 -0.05779254 -2.616256 0.01113352 0.9999349 0.002512912 114.6145 0.05776121 -0.003151995 0.9983255 -4.535041 0 0 0 1
202 1 0.9982684 -0.01096973 -0.05779254 -3.148981 0.01113352 0.9999349 0.002512912 114.6145 0.05776121 -0.003151995 0.9983255 -4.535041 0 0 0 1
203 0 0.9980661 -0.01151273 -0.06108614 -2.771817 0.01159531 0.9999323 0.0009976155 114.6177 0.06107052 -0.001703999 0.998132 -4.770677 0 0 0 1
203 1 0.9980661 -0.01151273 -0.06108614 -3.304543 0.01159531 0.9999323 0.0009976155 114.6177 0.06107052 -0.001703999 0.998132 -4.770677 0 0 0 1
204 0 0.9979312 -0.0106678 -0.06339906 -2.76775 0.01069186 0.9999428 4.022961E-05 114.6234 0.06339501 -0.000718 0.9979883 -5.040302 0 0 0 1
204 1 0.9979312 -0.0106678 -0.06339906 -3.300474 0.01069186 0.9999428 4.022961E-05 114.6234 0.06339501 -0.000718 0.9979883 -5.040301 0 0 0 1
205 0 0.9978589 -0.008423893 -0.06485765 -2.613107 0.008312939 0.9999635 -0.001980397 114.6396 0.06487197 0.001437 0.9978926 -5.189462 0 0 0 1
205 1 0.9978589 -0.008423893 -0.06485765 -3.145832 0.008312939 0.9999635 -0.001980397 114.6396 0.06487197 0.001437 0.9978926 -5.189462 0 0 0 1
206 0 0.9978284 -0.00676392 -0.06551821 -2.541206 0.006556266 0.9999728 -0.003383899 114.652 0.06553931 0.002946996 0.9978456 -5.462838 0 0 0 1
206 1 0.9978284 -0.00676392 -0.06551821 -3.073931 0.006556266 0.9999728 -0.003383899 114.652 0.06553931 0.002946996 0.9978456 -5.462839 0 0 0 1
207 0 0.9978654 -0.005978922 -0.06503017 -2.565111 0.005722678 0.9999751 -0.004125945 114.6592 0.06505322 0.003744991 0.9978748 -5.78641 0 0 0 1
207 1 0.9978654 -0.005978922 -0.06503017 -3.097836 0.005722678 0.9999751 -0.004125945 114.6592 0.06505322 0.003744991 0.9978748 -5.78641 0 0 0 1
208 0 0.997967 -0.005845903 -0.06346365 -2.671724 0.005538433 0.999972 -0.005019677 114.666 0.06349122 0.004657983 0.9979715 -6.104716 0 0 0 1
208 1 0.997967 -0.005845903 -0.06346365 -3.204449 0.005538433 0.999972 -0.005019677 114.666 0.06349122 0.004657983 0.9979715 -6.104716 0 0 0 1
209 0 0.9981401 -0.005102911 -0.06074828 -2.730939 0.004782504 0.9999739 -0.005418585 114.6725 0.06077434 0.005117978 0.9981384 -6.52562 0 0 0 1
209 1 0.9981401 -0.005102911 -0.06074828 -3.263664 0.004782504 0.9999739 -0.005418585 114.6725 0.06077434 0.005117978 0.9981384 -6.525621 0 0 0 1
210 0 0.9983886 -0.003836941 -0.05661626 -2.732522 0.003540801 0.9999796 -0.005330033 114.6775 0.05663555 0.005120977 0.9983818 -6.961893 0 0 0 1
210 1 0.9983886 -0.003836941 -0.05661626 -3.265247 0.003540801 0.9999796 -0.005330033 114.6775 0.05663555 0.005120977 0.9983818 -6.961893 0 0 0 1
211 0 0.9986977 -0.00258896 -0.05095344 -2.751394 0.002312704 0.9999823 -0.005479951 114.6844 0.05096672 0.005354974 0.998686 -7.377431 0 0 0 1
211 1 0.9986977 -0.00258896 -0.05095344 -3.284119 0.002312704 0.9999823 -0.005479951 114.6844 0.05096672 0.005354974 0.998686 -7.377431 0 0 0 1
212 0 0.9990864 -0.0004949917 -0.0427317 -2.711387 0.0002459195 0.999983 -0.005833806 114.6961 0.04273386 0.005817967 0.9990696 -7.81747 0 0 0 1
212 1 0.9990864 -0.0004949917 -0.0427317 -3.244112 0.0002459195 0.999983 -0.005833806 114.6961 0.04273386 0.005817967 0.9990696 -7.817471 0 0 0 1
213 0 0.9994749 0.001645977 -0.03235951 -2.678413 -0.001814106 0.999985 -0.005166986 114.6997 0.03235052 0.005222976 0.999463 -8.33518 0 0 0 1
213 1 0.9994749 0.001645977 -0.03235951 -3.211138 -0.001814106 0.999985 -0.005166986 114.6997 0.03235052 0.005222976 0.999463 -8.33518 0 0 0 1
214 0 0.9998235 0.004850938 -0.01815008 -2.577404 -0.004927234 0.9999792 -0.004161292 114.7029 0.01812951 0.004249987 0.9998266 -8.944152 0 0 0 1
214 1 0.9998235 0.004850938 -0.01815008 -3.110129 -0.004927234 0.9999792 -0.004161292 114.7029 0.01812951 0.004249987 0.9998266 -8.944151 0 0 0 1
215 0 0.9999654 0.007834842 -0.002782478 -2.509384 -0.007847158 0.9999593 -0.004443305 114.7162 0.002747552 0.004464986 0.9999862 -9.37318 0 0 0 1
215 1 0.9999654 0.007834842 -0.002782478 -3.042109 -0.007847158 0.9999593 -0.004443305 114.7162 0.002747552 0.004464986 0.9999862 -9.37318 0 0 0 1
216 0 0.9998453 0.008952718 0.01514203 -2.6871 -0.008860003 0.9999416 -0.006179078 114.7391 -0.01519647 0.006043964 0.9998662 -9.646207 0 0 0 1
216 1 0.9998453 0.008952718 0.01514203 -3.219825 -0.008860003 0.9999416 -0.006179078 114.7391 -0.01519647 0.006043964 0.9998662 -9.646208 0 0 0 1
217 0 0.9993175 0.009391611 0.03572441 -2.976401 -0.00912384 0.9999291 -0.0076511 114.7589 -0.03579373 0.007319935 0.9993324 -9.951112 0 0 0 1
217 1 0.9993175 0.009391611 0.03572441 -3.509126 -0.00912384 0.9999291 -0.0076511 114.7589 -0.03579373 0.007319935 0.9993324 -9.951112 0 0 0 1
218 0 0.998082 0.01037148 0.06103088 -3.280223 -0.009861869 0.999914 -0.008645375 114.777 -0.06111529 0.008026916 0.9980984 -10.35896 0 0 0 1
218 1 0.998082 0.01037148 0.06103088 -3.812948 -0.009861869 0.999914 -0.008645375 114.777 -0.06111529 0.008026916 0.9980984 -10.35896 0 0 0 1
219 0 0.9961506 0.01330694 0.08664203 -3.368544 -0.01239115 0.9998616 -0.01109915 114.8162 -0.08677774 0.009982833 0.9961777 -10.56974 0 0 0 1
219 1 0.9961506 0.01330694 0.08664203 -3.901269 -0.01239115 0.9998616 -0.01109915 114.8162 -0.08677774 0.009982833 0.9961777 -10.56974 0 0 0 1
220 0 0.9932727 0.01329362 0.1150333 -3.838948 -0.01180537 0.9998377 -0.01360926 114.8503 -0.1151955 0.0121597 0.9932684 -10.74166 0 0 0 1
220 1 0.9932727 0.01329362 0.1150333 -4.371673 -0.01180537 0.9998377 -0.01360926 114.8503 -0.1151955 0.0121597 0.9932684 -10.74166 0 0 0 1
221 0 0.9888688 0.01435418 0.1480957 -4.270148 -0.01217757 0.9998043 -0.0155936 114.8839 -0.1482906 0.01361658 0.9888501 -11.02465 0 0 0 1
221 1 0.9888688 0.01435418 0.1480957 -4.802873 -0.01217757 0.9998043 -0.0155936 114.8839 -0.1482906 0.01361658 0.9888501 -11.02465 0 0 0 1
222 0 0.9835347 0.01421998 0.1801592 -4.830579 -0.01133011 0.9997903 -0.01705958 114.9091 -0.180364 0.01473746 0.9834895 -11.28588 0 0 0 1
222 1 0.9835347 0.01421998 0.1801592 -5.363304 -0.01133011 0.9997903 -0.01705958 114.9091 -0.180364 0.01473746 0.9834895 -11.28588 0 0 0 1
223 0 0.9760679 0.01318273 0.2170661 -5.587706 -0.009193294 0.9997699 -0.01937851 114.9437 -0.2172716 0.01691919 0.9759645 -11.4438 0 0 0 1
223 1 0.9760679 0.01318273 0.2170661 -6.12043 -0.009193294 0.9997699 -0.01937851 114.9437 -0.2172716 0.01691919 0.9759645 -11.44381 0 0 0 1
224 0 0.9680007 0.01067307 0.2507207 -6.472748 -0.005822231 0.9997814 -0.02008138 114.9542 -0.2508802 0.01797903 0.9678512 -11.67787 0 0 0 1
224 1 0.9680007 0.01067307 0.2507207 -7.005473 -0.005822231 0.9997814 -0.02008138 114.9542 -0.2508802 0.01797903 0.9678512 -11.67787 0 0 0 1
225 0 0.958462 0.009750368 0.2850537 -7.202506 -0.004381949 0.9998009 -0.01946474 114.9533 -0.2851867 0.01740712 0.9583139 -12.07494 0 0 0 1
225 1 0.958462 0.009750368 0.2850537 -7.73523 -0.004381949 0.9998009 -0.01946474 114.9533 -0.2851867 0.01740712 0.9583139 -12.07494 0 0 0 1
226 0 0.9459466 0.01128413 0.3241261 -7.758827 -0.005165664 0.999792 -0.01973104 114.973 -0.3242813 0.01699018 0.9458081 -12.44959 0 0 0 1
226 1 0.9459466 0.01128413 0.3241261 -8.291553 -0.005165664 0.999792 -0.01973104 114.973 -0.3242813 0.01699018 0.9458081 -12.44959 0 0 0 1
227 0 0.9329268 0.01113429 0.3598939 -8.461988 -0.004522888 0.9998053 -0.01920734 114.9751 -0.3600376 0.01629128 0.9327955 -12.79886 0 0 0 1
227 1 0.9329268 0.01113429 0.3598939 -8.994714 -0.004522888 0.9998053 -0.01920734 114.9751 -0.3600376 0.01629128 0.9327955 -12.79886 0 0 0 1
228 0 0.9181265 0.009889805 0.396164 -9.31682 -0.003351091 0.9998466 -0.01719379 114.9513 -0.3962732 0.0144585 0.9180188 -13.24404 0 0 0 1
228 1 0.9181265 0.009889805 0.396164 -9.849545 -0.003351091 0.9998466 -0.01719379 114.9513 -0.3962732 0.0144585 0.9180188 -13.24404 0 0 0 1
229 0 0.8999254 0.01291602 0.4358526 -9.781351 -0.00471558 0.999791 -0.01989125 115.0113 -0.4360184 0.01584534 0.8997982 -13.31027 0 0 0 1
229 1 0.8999254 0.01291602 0.4358526 -10.31408 -0.00471558 0.999791 -0.01989125 115.0113 -0.4360184 0.01584534 0.8997982 -13.31027 0 0 0 1
230 0 0.8817303 0.01732716 0.4714356 -10.02998 -0.006538309 0.9996781 -0.02451354 115.1051 -0.4717086 0.01853194 0.8815597 -13.17837 0 0 0 1
230 1 0.8817303 0.01732716 0.4714356 -10.5627 -0.006538309 0.9996781 -0.02451354 115.1051 -0.4717086 0.01853194 0.8815597 -13.17837 0 0 0 1
231 0 0.8600355 0.01907148 0.5098777 -10.66932 -0.005494005 0.9995894 -0.02812168 115.1791 -0.5102047 0.02138437 0.8597872 -13.01623 0 0 0 1
231 1 0.8600355 0.01907148 0.5098777 -11.20205 -0.005494005 0.9995894 -0.02812168 115.1791 -0.5102047 0.02138437 0.8597872 -13.01623 0 0 0 1
232 0 0.8386635 0.02163862 0.5442199 -11.14943 -0.005660012 0.9995028 -0.03101873 115.2457 -0.5446205 0.02293399 0.838369 -12.9569 0 0 0 1
232 1 0.8386635 0.02163862 0.5442199 -11.68216 -0.005660012 0.9995028 -0.03101873 115.2457 -0.5446205 0.02293399 0.838369 -12.9569 0 0 0 1
233 0 0.8153834 0.02373837 0.5784343 -11.70355 -0.005916177 0.9994485 -0.03267669 115.2934 -0.578891 0.02322191 0.8150742 -13.00244 0 0 0 1
233 1 0.8153834 0.02373837 0.5784343 -12.23627 -0.005916177 0.9994485 -0.03267669 115.2934 -0.578891 0.02322191 0.8150742 -13.00244 0 0 0 1
234 0 0.7880097 0.02461935 0.6151704 -12.48367 -0.004561213 0.9994062 -0.03415388 115.3381 -0.6156459 0.02410766 0.787654 -12.95253 0 0 0 1
234 1 0.7880097 0.02461935 0.6151704 -13.0164 -0.004561213 0.9994062 -0.03415388 115.3381 -0.6156459 0.02410766 0.787654 -12.95253 0 0 0 1
235 0 0.7619691 0.02443131 0.6471524 -13.30194 -0.00283891 0.9994045 -0.03438696 115.3591 -0.6476072 0.02436459 0.7615847 -12.94757 0 0 0 1
235 1 0.7619691 0.02443131 0.6471524 -13.83466 -0.00283891 0.9994045 -0.03438696 115.3591 -0.6476072 0.02436459 0.7615847 -12.94757 0 0 0 1
236 0 0.7345828 0.02532383 0.6780463 -13.99973 -0.001064046 0.9993451 -0.036171 115.4103 -0.6785182 0.02584912 0.7341287 -12.77359 0 0 0 1
236 1 0.7345828 0.02532383 0.6780463 -14.53245 -0.001064046 0.9993451 -0.036171 115.4103 -0.6785182 0.02584912 0.7341287 -12.77358 0 0 0 1
237 0 0.7031041 0.02478867 0.7106548 -14.93991 0.001504523 0.9993381 -0.0363469 115.4337 -0.7110854 0.02662485 0.7026014 -12.65511 0 0 0 1
237 1 0.7031041 0.02478867 0.7106548 -15.47263 0.001504523 0.9993381 -0.0363469 115.4337 -0.7110854 0.02662485 0.7026014 -12.65511 0 0 0 1
238 0 0.6736348 0.02436649 0.7386626 -15.77896 0.004856957 0.9992888 -0.03739322 115.4725 -0.7390485 0.02877703 0.6730373 -12.36717 0 0 0 1
238 1 0.6736348 0.02436649 0.7386626 -16.31169 0.004856957 0.9992888 -0.03739322 115.4725 -0.7390485 0.02877703 0.6730373 -12.36717 0 0 0 1
239 0 0.6428713 0.0243244 0.7655879 -16.57912 0.007598641 0.9992439 -0.03812882 115.5083 -0.7659366 0.03032935 0.6422004 -12.12229 0 0 0 1
239 1 0.6428713 0.0243244 0.7655879 -17.11185 0.007598641 0.9992439 -0.03812882 115.5083 -0.7659366 0.03032935 0.6422004 -12.12229 0 0 0 1
240 0 0.6076957 0.02540185 0.7937636 -17.33447 0.008373404 0.9992278 -0.03838765 115.5411 -0.7941258 0.02997451 0.6070138 -12.06058 0 0 0 1
240 1 0.6076957 0.02540185 0.7937636 -17.86719 0.008373404 0.9992278 -0.03838765 115.5411 -0.7941258 0.02997451 0.6070138 -12.06057 0 0 0 1
241 0 0.5755471 0.03021118 0.8172103 -17.56596 0.005860061 0.9991393 -0.04106399 115.6254 -0.8177476 0.02842317 0.5748748 -12.14432 0 0 0 1
241 1 0.5755471 0.03021118 0.8172103 -18.09869 0.005860061 0.9991393 -0.04106399 115.6254 -0.8177476 0.02842317 0.5748748 -12.14432 0 0 0 1
242 0 0.5426389 0.02924706 0.8394567 -18.45643 0.00468189 0.9992728 -0.03784158 115.5794 -0.839953 0.02446455 0.5421073 -12.49096 0 0 0 1
242 1 0.5426389 0.02924706 0.8394567 -18.98916 0.00468189 0.9992728 -0.03784158 115.5794 -0.839953 0.02446455 0.5421073 -12.49096 0 0 0 1
243 0 0.506708 0.02687545 0.8616987 -19.55883 0.003519866 0.9994411 -0.03324129 115.4968 -0.8621106 0.01987669 0.5063303 -12.9122 0 0 0 1
243 1 0.506708 0.02687545 0.8616987 -20.09156 0.003519866 0.9994411 -0.03324129 115.4968 -0.8621106 0.01987669 0.5063303 -12.9122 0 0 0 1
244 0 0.4739666 0.03121175 0.8799895 -19.8098 -0.0003920589 0.999379 -0.03523514 115.5563 -0.8805428 0.01635527 0.4736845 -13.21869 0 0 0 1
244 1 0.4739666 0.03121175 0.8799895 -20.34252 -0.0003920589 0.999379 -0.03523514 115.5563 -0.8805428 0.01635527 0.4736845 -13.21869 0 0 0 1
245 0 0.4381394 0.0300588 0.8984044 -20.75043 0.0008852966 0.9994258 -0.03387052 115.5465 -0.8989066 0.01563536 0.4378612 -13.20413 0 0 0 1
245 1 0.4381394 0.0300588 0.8984044 -21.28316 0.0008852966 0.9994258 -0.03387052 115.5465 -0.8989066 0.01563536 0.4378612 -13.20413 0 0 0 1
246 0 0.4078825 0.03207236 0.912471 -21.2072 0.001593818 0.9993563 -0.03583873 115.6156 -0.9130331 0.01607231 0.4075688 -13.12721 0 0 0 1
246 1 0.4078825 0.03207236 0.912471 -21.73993 0.001593818 0.9993563 -0.03583873 115.6156 -0.9130331 0.01607231 0.4075688 -13.12721 0 0 0 1
247 0 0.3769493 0.03288087 0.9256501 -21.80621 0.0005431417 0.9993617 -0.03572042 115.6269 -0.9262338 0.01396755 0.3766907 -13.321 0 0 0 1
247 1 0.3769493 0.03288087 0.9256501 -22.33893 0.0005431417 0.9993617 -0.03572042 115.6269 -0.9262338 0.01396755 0.3766907 -13.321 0 0 0 1
248 0 0.3442411 0.03268941 0.938312 -22.56308 -0.001511346 0.9994117 -0.03426357 115.5979 -0.93888 0.01037681 0.344088 -13.71163 0 0 0 1
248 1 0.3442411 0.03268941 0.938312 -23.09581 -0.001511346 0.9994117 -0.03426357 115.5979 -0.93888 0.01037681 0.344088 -13.71163 0 0 0 1
249 0 0.3150407 0.03516703 0.9484264 -22.93535 -0.005036763 0.9993612 -0.03538259 115.6206 -0.9490648 0.006369959 0.3150166 -14.16043 0 0 0 1
249 1 0.3150407 0.03516703 0.9484264 -23.46807 -0.005036763 0.9993612 -0.03538259 115.6206 -0.9490648 0.006369959 0.3150166 -14.16043 0 0 0 1
250 0 0.2884786 0.03096059 0.9569857 -24.03125 -0.003710278 0.9995057 -0.03121777 115.5293 -0.9574792 0.005454973 0.2884508 -14.32424 0 0 0 1
250 1 0.2884786 0.03096059 0.9569857 -24.56397 -0.003710278 0.9995057 -0.03121777 115.5293 -0.9574792 0.005454973 0.2884508 -14.32424 0 0 0 1
251 0 0.2630662 0.02858776 0.9643542 -24.92302 -0.002776903 0.9995792 -0.02887448 115.4827 -0.9647738 0.00491798 0.2630348 -14.55459 0 0 0 1
251 1 0.2630662 0.02858776 0.9643542 -25.45574 -0.002776903 0.9995792 -0.02887448 115.4827 -0.9647738 0.00491798 0.2630348 -14.55459 0 0 0 1
252 0 0.2431329 0.02541304 0.9696601 -25.80693 -0.00208221 0.9996681 -0.02567741 115.407 -0.9699908 0.004223988 0.2431052 -14.87644 0 0 0 1
252 1 0.2431329 0.02541304 0.9696601 -26.33966 -0.00208221 0.9996681 -0.02567741 115.407 -0.9699908 0.004223988 0.2431052 -14.87644 0 0 0 1
253 0 0.2271653 0.02165714 0.9736155 -26.70075 -0.001018743 0.9997574 -0.02200095 115.3174 -0.9738558 0.00400599 0.2271323 -15.25881 0 0 0 1
253 1 0.2271653 0.02165714 0.9736155 -27.23348 -0.001018743 0.9997574 -0.02200095 115.3174 -0.9738558 0.00400599 0.2271323 -15.25881 0 0 0 1
254 0 0.2127307 0.01897865 0.9769266 -27.47311 0.0005502803 0.9998088 -0.01954301 115.267 -0.9771108 0.004694984 0.2126796 -15.66531 0 0 0 1
254 1 0.2127307 0.01897865 0.9769266 -28.00583 0.0005502803 0.9998088 -0.01954301 115.267 -0.9771108 0.004694984 0.2126796 -15.66531 0 0 0 1
255 0 0.2024209 0.01619712 0.9791648 -28.18107 0.00123021 0.9998582 -0.01679375 115.1974 -0.9792979 0.004603985 0.2023723 -16.20193 0 0 0 1
255 1 0.2024209 0.01619712 0.9791648 -28.7138 0.00123021 0.9998582 -0.01679375 115.1974 -0.9792979 0.004603985 0.2023723 -16.20192 0 0 0 1
256 0 0.1948622 0.01402943 0.9807304 -28.80108 0.001159222 0.9998937 -0.01453389 115.1337 -0.98083 0.003968992 0.1948252 -16.96987 0 0 0 1
256 1 0.1948622 0.01402943 0.9807304 -29.3338 0.001159222 0.9998937 -0.01453389 115.1337 -0.98083 0.003968992 0.1948252 -16.96987 0 0 0 1
257 0 0.1911092 0.01294659 0.9814834 -29.21599 0.0002849987 0.9999123 -0.01324517 115.0885 -0.9815688 0.002810996 0.1910887 -17.83337 0 0 0 1
257 1 0.1911092 0.01294659 0.9814834 -29.74871 0.0002849987 0.9999123 -0.01324517 115.0885 -0.9815688 0.002810996 0.1910887 -17.83337 0 0 0 1
258 0 0.1893212 0.01096078 0.9818541 -29.69998 -0.001414365 0.9999397 -0.01088996 114.9952 -0.9819143 0.0006729998 0.1893252 -18.87198 0 0 0 1
258 1 0.1893212 0.01096078 0.9818541 -30.2327 -0.001414365 0.9999397 -0.01088996 114.9952 -0.9819143 0.0006729998 0.1893252 -18.87198 0 0 0 1
259 0 0.1891355 0.008687889 0.9819126 -30.21271 -0.00096666 0.999962 -0.008661391 114.9305 -0.9819505 0.0006890004 0.1891367 -19.80523 0 0 0 1
259 1 0.1891355 0.008687889 0.9819126 -30.74544 -0.00096666 0.999962 -0.008661391 114.9305 -0.9819505 0.0006890004 0.1891367 -19.80523 0 0 0 1
260 0 0.189549 0.007967886 0.981839 -30.51581 0.001212462 0.9999644 -0.008349052 114.9539 -0.9818706 0.002772997 0.1895326 -20.44019 0 0 0 1
260 1 0.189549 0.007967886 0.981839 -31.04853 0.001212462 0.9999644 -0.008349052 114.9539 -0.9818706 0.002772997 0.1895326 -20.44019 0 0 0 1
261 0 0.1907065 0.008519692 0.9816102 -30.66013 0.005166437 0.9999398 -0.009682513 115.0625 -0.9816335 0.006917945 0.190651 -20.86703 0 0 0 1
261 1 0.1907065 0.008519692 0.9816102 -31.19285 0.005166437 0.9999398 -0.009682513 115.0625 -0.9816335 0.006917945 0.190651 -20.86703 0 0 0 1
262 0 0.1917804 0.01160939 0.9813692 -30.53934 0.005394747 0.9999025 -0.01288288 115.1847 -0.9814231 0.007764922 0.191699 -21.75716 0 0 0 1
262 1 0.1917804 0.01160939 0.9813692 -31.07207 0.005394747 0.9999025 -0.01288288 115.1847 -0.9814231 0.007764922 0.191699 -21.75716 0 0 0 1
263 0 0.1930223 0.01468805 0.9810845 -30.39425 0.004561592 0.9998637 -0.01586667 115.2832 -0.9811838 0.007537929 0.192929 -22.69372 0 0 0 1
263 1 0.1930223 0.01468805 0.9810845 -30.92697 0.004561592 0.9998637 -0.01586667 115.2832 -0.9811838 0.007537929 0.192929 -22.69372 0 0 0 1
264 0 0.1940861 0.01628469 0.9808493 -30.44603 0.005215675 0.999831 -0.01763189 115.3666 -0.9809707 0.008537896 0.1939684 -23.57647 0 0 0 1
264 1 0.1940861 0.01628469 0.9808493 -30.97876 0.005215675 0.999831 -0.01763189 115.3666 -0.9809707 0.008537896 0.1939684 -23.57647 0 0 0 1
265 0 0.19524 0.01738711 0.9806013 -30.52927 0.007163206 0.9997909 -0.01915358 115.4659 -0.9807293 0.01076379 0.1950746 -24.23848 0 0 0 1
265 1 0.19524 0.01738711 0.9806013 -31.062 0.007163206 0.9997909 -0.01915358 115.4659 -0.9807293 0.01076379 0.1950746 -24.23848 0 0 0 1
266 0 0.1962472 0.01744724 0.9803993 -30.73659 0.01094552 0.9997404 -0.01998241 115.5783 -0.9804934 0.01465247 0.1960053 -24.70894 0 0 0 1
266 1 0.1962472 0.01744724 0.9803993 -31.26931 0.01094552 0.9997404 -0.01998241 115.5783 -0.9804934 0.01465247 0.1960053 -24.70894 0 0 0 1
267 0 0.1975452 0.01617351 0.9801604 -31.11094 0.0206528 0.9995733 -0.02065628 115.8014 -0.9800763 0.0243236 0.1971268 -24.61811 0 0 0 1
267 1 0.1975452 0.01617351 0.9801604 -31.64367 0.0206528 0.9995733 -0.02065628 115.8014 -0.9800763 0.0243236 0.1971268 -24.61811 0 0 0 1
268 0 0.198808 0.01943476 0.9798458 -30.94429 0.02759112 0.9992961 -0.02541872 116.1242 -0.9796501 0.03208849 0.1981319 -24.65099 0 0 0 1
268 1 0.198808 0.01943476 0.9798458 -31.47701 0.02759112 0.9992961 -0.02541872 116.1242 -0.9796501 0.03208849 0.1981319 -24.65099 0 0 0 1
269 0 0.1989547 0.01880562 0.9798282 -31.25157 0.02532332 0.9993834 -0.02432285 116.0751 -0.9796814 0.02965165 0.1983558 -25.82703 0 0 0 1
269 1 0.1989547 0.01880562 0.9798282 -31.78429 0.02532332 0.9993834 -0.02432285 116.0751 -0.9796814 0.02965165 0.1983558 -25.82703 0 0 0 1
