frame cameraID r1,1 r1,2 r1,3 t1 r2,1 r2,2 r2,3 t2 r3,1 r3,2 r3,3 t3 0 0 0 1
0 0 0.9972559 0.03758863 -0.06377836 3.202924 -0.03824741 0.9992265 -0.009139465 107.6074 0.06338549 0.01155374 0.9979222 0.4749076 0 0 0 1
0 1 0.9972559 0.03758863 -0.06377836 2.670199 -0.03824741 0.9992265 -0.009139465 107.6073 0.06338549 0.01155374 0.9979222 0.4749076 0 0 0 1
1 0 0.9971854 0.03708325 -0.0651623 2.303635 -0.03771984 0.9992517 -0.008565974 107.6566 0.06479588 0.01099978 0.9978379 -1.044838 0 0 0 1
1 1 0.9971854 0.03708325 -0.0651623 1.77091 -0.03771984 0.9992517 -0.008565974 107.6566 0.06479588 0.01099978 0.9978379 -1.044838 0 0 0 1
2 0 0.9970929 0.03695524 -0.06663383 1.518664 -0.03762235 0.9992534 -0.008784376 107.7008 0.06625945 0.01126576 0.9977388 -2.354094 0 0 0 1
2 1 0.9970929 0.03695524 -0.06663383 0.9859395 -0.03762235 0.9992534 -0.008784376 107.7008 0.06625945 0.01126576 0.9977388 -2.354094 0 0 0 1
3 0 0.9970037 0.03651405 -0.06819346 0.7043602 -0.03727596 0.9992557 -0.009933467 107.7488 0.06777998 0.01244568 0.9976227 -3.563658 0 0 0 1
3 1 0.9970037 0.03651405 -0.06819346 0.1716347 -0.03727596 0.9992557 -0.009933467 107.7488 0.06777998 0.01244568 0.9976227 -3.563659 0 0 0 1
4 0 0.9968765 0.03573655 -0.07042815 -0.2014313 -0.03653302 0.9992819 -0.01005311 107.7978 0.07001831 0.01259467 0.9974662 -5.018712 0 0 0 1
4 1 0.9968765 0.03573655 -0.07042815 -0.7341566 -0.03653302 0.9992819 -0.01005311 107.7978 0.07001831 0.01259467 0.9974662 -5.018712 0 0 0 1
5 0 0.9967194 0.03505221 -0.07295003 -1.016659 -0.03584665 0.9993111 -0.009609208 107.8379 0.07256296 0.0121927 0.9972893 -6.398061 0 0 0 1
5 1 0.9967194 0.03505221 -0.07295003 -1.549384 -0.03584665 0.9993111 -0.009609208 107.8379 0.07256296 0.0121927 0.9972893 -6.398061 0 0 0 1
6 0 0.9965082 0.03441606 -0.07607236 -1.89242 -0.03534117 0.9993165 -0.01084798 107.8932 0.07564702 0.01349859 0.9970433 -7.731431 0 0 0 1
6 1 0.9965082 0.03441606 -0.07607236 -2.425145 -0.03534117 0.9993165 -0.01084798 107.8932 0.07564702 0.01349859 0.9970433 -7.731431 0 0 0 1
7 0 0.9963012 0.03514098 -0.0784161 -2.550394 -0.03618107 0.9992746 -0.01188225 107.9491 0.07794166 0.01467547 0.9968499 -8.940502 0 0 0 1
7 1 0.9963012 0.03514098 -0.0784161 -3.083119 -0.03618107 0.9992746 -0.01188225 107.9491 0.07794166 0.01467547 0.9968499 -8.940503 0 0 0 1
8 0 0.9961311 0.03578909 -0.08026228 -3.218566 -0.03691025 0.99924 -0.01252836 108.0046 0.0797529 0.01544239 0.996695 -10.19124 0 0 0 1
8 1 0.9961311 0.03578909 -0.08026228 -3.75129 -0.03691025 0.99924 -0.01252836 108.0046 0.0797529 0.01544239 0.996695 -10.19124 0 0 0 1
9 0 0.995932 0.03705197 -0.08213715 -3.888924 -0.03821111 0.9991904 -0.012585 108.0639 0.08160436 0.01567236 0.9965416 -11.63493 0 0 0 1
9 1 0.995932 0.03705197 -0.08213715 -4.421647 -0.03821111 0.9991904 -0.012585 108.0639 0.08160436 0.01567236 0.9965416 -11.63492 0 0 0 1
10 0 0.9957579 0.03786231 -0.08386102 -4.533378 -0.03903779 0.9991605 -0.01242131 108.1153 0.08332031 0.01564237 0.9964001 -12.97076 0 0 0 1
10 1 0.9957579 0.03786231 -0.08386102 -5.066103 -0.03903779 0.9991605 -0.01242131 108.1153 0.08332031 0.01564237 0.9964001 -12.97076 0 0 0 1
11 0 0.9955869 0.03847042 -0.08559626 -5.196342 -0.03971672 0.9991276 -0.01290463 108.1756 0.08502515 0.01624729 0.9962463 -14.23992 0 0 0 1
11 1 0.9955869 0.03847042 -0.08559626 -5.729067 -0.03971672 0.9991276 -0.01290463 108.1756 0.08502515 0.01624729 0.9962463 -14.23992 0 0 0 1
12 0 0.995433 0.03862062 -0.08730134 -5.982835 -0.03969022 0.9991564 -0.01054871 108.195 0.08682029 0.01396555 0.9961261 -15.94645 0 0 0 1
12 1 0.995433 0.03862062 -0.08730134 -6.51556 -0.03969022 0.9991564 -0.01054871 108.195 0.08682029 0.01396555 0.9961261 -15.94645 0 0 0 1
13 0 0.9953242 0.03761756 -0.08896431 -6.819278 -0.03869075 0.9991974 -0.01036895 108.2314 0.08850285 0.01376257 0.9959809 -17.29414 0 0 0 1
13 1 0.9953242 0.03761756 -0.08896431 -7.352003 -0.03869075 0.9991974 -0.01036895 108.2314 0.08850285 0.01376257 0.9959809 -17.29414 0 0 0 1
14 0 0.9952086 0.03638367 -0.09075326 -7.749341 -0.03762527 0.9992198 -0.01200731 108.3019 0.09024558 0.0153644 0.995801 -18.58029 0 0 0 1
14 1 0.9952086 0.03638367 -0.09075326 -8.282066 -0.03762527 0.9992198 -0.01200731 108.3019 0.09024558 0.0153644 0.995801 -18.58029 0 0 0 1
15 0 0.9950922 0.0364574 -0.09199157 -8.46993 -0.03774738 0.9992114 -0.01232138 108.3567 0.09146982 0.01573335 0.9956836 -19.85938 0 0 0 1
15 1 0.9950922 0.0364574 -0.09199157 -9.002655 -0.03774738 0.9992114 -0.01232138 108.3567 0.09146982 0.01573335 0.9956836 -19.85938 0 0 0 1
16 0 0.9949848 0.03665815 -0.09306704 -9.17384 -0.03780732 0.9992287 -0.01061415 108.3705 0.09260616 0.01407954 0.9956033 -21.35153 0 0 0 1
16 1 0.9949848 0.03665815 -0.09306704 -9.706564 -0.03780732 0.9992287 -0.01061415 108.3705 0.09260616 0.01407954 0.9956033 -21.35153 0 0 0 1
17 0 0.9948612 0.03726084 -0.09414274 -9.906194 -0.03819189 0.9992375 -0.008106908 108.3706 0.09376888 0.01166074 0.9955257 -23.05215 0 0 0 1
17 1 0.9948612 0.03726084 -0.09414274 -10.43892 -0.03819189 0.9992375 -0.008106908 108.3706 0.09376888 0.01166074 0.9955257 -23.05215 0 0 0 1
18 0 0.9947555 0.03774855 -0.09506048 -10.57999 -0.03866629 0.9992215 -0.00783018 108.4133 0.0946909 0.01146475 0.9954407 -24.38212 0 0 0 1
18 1 0.9947555 0.03774855 -0.09506048 -11.11272 -0.03866629 0.9992215 -0.00783018 108.4133 0.0946909 0.01146475 0.9954407 -24.38212 0 0 0 1
19 0 0.9947018 0.03737513 -0.09576774 -11.41391 -0.03844797 0.9992166 -0.009381261 108.4955 0.09534208 0.01301363 0.9953595 -25.65902 0 0 0 1
19 1 0.9947018 0.03737513 -0.09576774 -11.94663 -0.03844797 0.9992166 -0.009381261 108.4955 0.09534208 0.01301363 0.9953595 -25.65902 0 0 0 1
20 0 0.9946076 0.03768747 -0.09661967 -12.08952 -0.03901827 0.9991674 -0.01192071 108.6132 0.09608997 0.01562636 0.99525 -26.69221 0 0 0 1
20 1 0.9946076 0.03768747 -0.09661967 -12.62224 -0.03901827 0.9991674 -0.01192071 108.6132 0.09608997 0.01562636 0.99525 -26.69221 0 0 0 1
21 0 0.994504 0.03776131 -0.09765161 -12.78522 -0.03927558 0.9991354 -0.01363071 108.7105 0.09705246 0.01739112 0.9951273 -27.81228 0 0 0 1
21 1 0.994504 0.03776131 -0.09765161 -13.31794 -0.03927558 0.9991354 -0.01363071 108.7104 0.09705246 0.01739112 0.9951273 -27.81228 0 0 0 1
22 0 0.9943993 0.03840215 -0.09846439 -13.48897 -0.03986476 0.9991214 -0.01292937 108.7556 0.09788137 0.01678221 0.9950566 -29.31671 0 0 0 1
22 1 0.9943993 0.03840215 -0.09846439 -14.02169 -0.03986476 0.9991214 -0.01292937 108.7556 0.09788137 0.01678221 0.9950566 -29.31671 0 0 0 1
23 0 0.9942862 0.0392551 -0.09926672 -14.09762 -0.04061277 0.9991065 -0.01169268 108.7818 0.09871902 0.01565736 0.9949921 -30.73516 0 0 0 1
23 1 0.9942862 0.0392551 -0.09926672 -14.63035 -0.04061277 0.9991065 -0.01169268 108.7818 0.09871902 0.01565736 0.9949921 -30.73516 0 0 0 1
24 0 0.9942405 0.03857943 -0.09998712 -14.87276 -0.03982155 0.9991521 -0.01045609 108.7785 0.09949896 0.01437751 0.9949338 -32.16947 0 0 0 1
24 1 0.9942405 0.03857943 -0.09998712 -15.40548 -0.03982155 0.9991521 -0.01045609 108.7785 0.09949896 0.01437751 0.9949338 -32.16947 0 0 0 1
25 0 0.9941451 0.03825752 -0.1010539 -15.6712 -0.03935563 0.9991857 -0.008894689 108.7709 0.1006313 0.01281965 0.9948412 -33.76086 0 0 0 1
25 1 0.9941451 0.03825752 -0.1010539 -16.20392 -0.03935563 0.9991857 -0.008894689 108.7709 0.1006313 0.01281965 0.9948412 -33.76086 0 0 0 1
26 0 0.9940108 0.03658529 -0.1029756 -16.5012 -0.03760359 0.999261 -0.007964173 108.7488 0.1026082 0.01178873 0.994652 -35.18264 0 0 0 1
26 1 0.9940108 0.03658529 -0.1029756 -17.03392 -0.03760359 0.999261 -0.007964173 108.7488 0.1026082 0.01178873 0.994652 -35.18264 0 0 0 1
27 0 0.9937577 0.03545612 -0.1057753 -17.31514 -0.03649713 0.9993024 -0.007921685 108.7697 0.1054207 0.01173273 0.9943585 -36.63713 0 0 0 1
27 1 0.9937577 0.03545612 -0.1057753 -17.84787 -0.03649713 0.9993024 -0.007921685 108.7697 0.1054207 0.01173273 0.9943585 -36.63712 0 0 0 1
28 0 0.9935393 0.03497832 -0.1079642 -18.0095 -0.03607544 0.9993152 -0.008224991 108.8117 0.1076026 0.01206671 0.9941208 -37.89626 0 0 0 1
28 1 0.9935393 0.03497832 -0.1079642 -18.54222 -0.03607544 0.9993152 -0.008224991 108.8117 0.1076026 0.01206671 0.9941208 -37.89626 0 0 0 1
29 0 0.9933746 0.03477903 -0.1095321 -18.69604 -0.03599624 0.99931 -0.009154543 108.8847 0.1091381 0.01303663 0.9939411 -39.07106 0 0 0 1
29 1 0.9933746 0.03477903 -0.1095321 -19.22877 -0.03599624 0.99931 -0.009154543 108.8847 0.1091381 0.01303663 0.9939411 -39.07106 0 0 0 1
30 0 0.9931657 0.03436478 -0.1115385 -19.45604 -0.03572887 0.9993089 -0.01025345 108.9657 0.1111091 0.01416853 0.9937072 -40.35948 0 0 0 1
30 1 0.9931657 0.03436478 -0.1115385 -19.98877 -0.03572887 0.9993089 -0.01025345 108.9657 0.1111091 0.01416853 0.9937072 -40.35948 0 0 0 1
31 0 0.9929017 0.03429221 -0.1138868 -20.08594 -0.03582154 0.9992931 -0.01140877 109.0556 0.1134151 0.01540739 0.9934282 -41.52012 0 0 0 1
31 1 0.9929017 0.03429221 -0.1138868 -20.61866 -0.03582154 0.9992931 -0.01140877 109.0556 0.1134151 0.01540739 0.9934282 -41.52012 0 0 0 1
32 0 0.9926071 0.03380303 -0.1165701 -20.74025 -0.03547758 0.9992945 -0.01231973 109.1271 0.1160714 0.01636427 0.9931061 -42.71927 0 0 0 1
32 1 0.9926071 0.03380303 -0.1165701 -21.27297 -0.03547758 0.9992945 -0.01231973 109.1271 0.1160714 0.01636427 0.9931061 -42.71927 0 0 0 1
33 0 0.9922718 0.03380929 -0.1193886 -21.40141 -0.03546213 0.999302 -0.01174634 109.1519 0.1189081 0.01588933 0.9927781 -44.18959 0 0 0 1
33 1 0.9922718 0.03380929 -0.1193886 -21.93413 -0.03546213 0.999302 -0.01174634 109.1519 0.1189081 0.01588933 0.9927781 -44.18959 0 0 0 1
34 0 0.9920173 0.03358081 -0.1215486 -22.03671 -0.03517736 0.9993204 -0.01101257 109.1566 0.1210962 0.01520042 0.9925244 -45.55045 0 0 0 1
34 1 0.9920173 0.03358081 -0.1215486 -22.56944 -0.03517736 0.9993204 -0.01101257 109.1566 0.1210962 0.01520042 0.9925244 -45.55045 0 0 0 1
35 0 0.9917179 0.03467132 -0.1236673 -22.60529 -0.03621562 0.9992913 -0.01026077 109.2 0.1232239 0.01465448 0.9922707 -47.00748 0 0 0 1
35 1 0.9917179 0.03467132 -0.1236673 -23.13801 -0.03621562 0.9992913 -0.01026077 109.2 0.1232239 0.01465448 0.9922707 -47.00748 0 0 0 1
36 0 0.9914868 0.03531507 -0.1253267 -23.16746 -0.03682142 0.9992746 -0.00972258 109.2362 0.1248925 0.01425452 0.9920679 -48.31886 0 0 0 1
36 1 0.9914868 0.03531507 -0.1253267 -23.70018 -0.03682142 0.9992746 -0.00972258 109.2362 0.1248925 0.01425452 0.9920679 -48.31887 0 0 0 1
37 0 0.9913193 0.03481081 -0.1267841 -23.86088 -0.03623736 0.999303 -0.008962069 109.2262 0.1263838 0.01347859 0.9918898 -49.66721 0 0 0 1
37 1 0.9913193 0.03481081 -0.1267841 -24.3936 -0.03623736 0.999303 -0.008962069 109.2262 0.1263838 0.01347859 0.9918898 -49.66721 0 0 0 1
38 0 0.9910984 0.0342946 -0.1286382 -24.60194 -0.03561585 0.9993337 -0.007984187 109.2059 0.1282787 0.01249467 0.9916595 -51.17294 0 0 0 1
38 1 0.9910984 0.0342946 -0.1286382 -25.13467 -0.03561585 0.9993337 -0.007984187 109.2059 0.1282787 0.01249467 0.9916595 -51.17294 0 0 0 1
39 0 0.9909014 0.03327767 -0.1304112 -25.32056 -0.03448609 0.9993805 -0.007018235 109.1621 0.1300968 0.01145175 0.9914352 -52.55821 0 0 0 1
39 1 0.9909014 0.03327767 -0.1304112 -25.85328 -0.03448609 0.9993805 -0.007018235 109.1621 0.1300968 0.01145175 0.9914352 -52.5582 0 0 0 1
40 0 0.9906774 0.03260064 -0.1322709 -26.06278 -0.03397716 0.9993893 -0.008162577 109.2437 0.131924 0.01258067 0.99118 -53.8389 0 0 0 1
40 1 0.9906774 0.03260064 -0.1322709 -26.5955 -0.03397716 0.9993893 -0.008162577 109.2437 0.131924 0.01258067 0.99118 -53.8389 0 0 0 1
41 0 0.9904683 0.0332343 -0.1336715 -26.61637 -0.03489629 0.9993398 -0.01010919 109.4122 0.1332473 0.01467747 0.9909741 -54.87585 0 0 0 1
41 1 0.9904683 0.0332343 -0.1336715 -27.1491 -0.03489629 0.9993398 -0.01010919 109.4122 0.1332473 0.01467747 0.9909741 -54.87585 0 0 0 1
42 0 0.9902351 0.03444792 -0.1350845 -27.10539 -0.03625569 0.9992826 -0.01094465 109.5439 0.1346106 0.01573535 0.9907736 -56.02619 0 0 0 1
42 1 0.9902351 0.03444792 -0.1350845 -27.63812 -0.03625569 0.9992826 -0.01094465 109.5439 0.1346106 0.01573535 0.9907736 -56.02618 0 0 0 1
43 0 0.9899899 0.03457934 -0.1368363 -27.75536 -0.03627077 0.9992931 -0.009886268 109.5359 0.1363977 0.01475046 0.9905443 -57.53465 0 0 0 1
43 1 0.9899899 0.03457934 -0.1368363 -28.28809 -0.03627077 0.9992931 -0.009886268 109.5359 0.1363977 0.01475046 0.9905443 -57.53465 0 0 0 1
44 0 0.9896823 0.03382133 -0.13923 -28.38767 -0.03541172 0.9993326 -0.008960645 109.4965 0.138834 0.01379856 0.9902195 -58.94166 0 0 0 1
44 1 0.9896823 0.03382133 -0.13923 -28.9204 -0.03541172 0.9993326 -0.008960645 109.4965 0.138834 0.01379856 0.9902195 -58.94165 0 0 0 1
45 0 0.9893091 0.0319786 -0.1422847 -29.08979 -0.03358413 0.9993963 -0.008896185 109.4651 0.1419143 0.01357958 0.9897858 -60.2957 0 0 0 1
45 1 0.9893091 0.0319786 -0.1422847 -29.62251 -0.03358413 0.9993963 -0.008896185 109.4651 0.1419143 0.01357958 0.9897858 -60.29569 0 0 0 1
46 0 0.9888462 0.03106747 -0.1456637 -29.73148 -0.03259413 0.9994358 -0.008105275 109.4248 0.1453297 0.01276265 0.989301 -61.8521 0 0 0 1
46 1 0.9888462 0.03106747 -0.1456637 -30.26421 -0.03259413 0.9994358 -0.008105275 109.4248 0.1453297 0.01276265 0.989301 -61.8521 0 0 0 1
47 0 0.9884726 0.03076199 -0.1482415 -30.29214 -0.03217778 0.9994565 -0.007161191 109.3909 0.1479407 0.01184872 0.9889253 -63.26428 0 0 0 1
47 1 0.9884726 0.03076199 -0.1482415 -30.82486 -0.03217778 0.9994565 -0.007161191 109.3909 0.1479407 0.01184872 0.9889253 -63.26428 0 0 0 1
48 0 0.9881142 0.03086336 -0.1505912 -30.88851 -0.03210846 0.9994673 -0.005843 109.3494 0.1503306 0.0106088 0.9885789 -64.83961 0 0 0 1
48 1 0.9881142 0.03086336 -0.1505912 -31.42124 -0.03210846 0.9994673 -0.005843 109.3494 0.1503306 0.0106088 0.9885789 -64.83961 0 0 0 1
49 0 0.9877774 0.03143684 -0.1526681 -31.38364 -0.03277907 0.9994429 -0.006282233 109.4383 0.1523855 0.01120977 0.9882575 -66.08222 0 0 0 1
49 1 0.9877774 0.03143684 -0.1526681 -31.91636 -0.03277907 0.9994429 -0.006282233 109.4383 0.1523855 0.01120977 0.9882575 -66.08222 0 0 0 1
50 0 0.987473 0.03205013 -0.1544987 -31.88576 -0.03354902 0.9994118 -0.007103404 109.5569 0.1541802 0.0121977 0.9879674 -67.271 0 0 0 1
50 1 0.987473 0.03205013 -0.1544987 -32.41848 -0.03354902 0.9994118 -0.007103404 109.5569 0.1541802 0.0121977 0.9879674 -67.27099 0 0 0 1
51 0 0.9871219 0.03291926 -0.1565462 -32.4143 -0.03455354 0.999373 -0.007728943 109.6803 0.1561936 0.01303863 0.9876404 -68.60445 0 0 0 1
51 1 0.9871219 0.03291926 -0.1565462 -32.94703 -0.03455354 0.999373 -0.007728943 109.6803 0.1561936 0.01303863 0.9876404 -68.60445 0 0 0 1
52 0 0.9868495 0.03377165 -0.1580746 -32.90858 -0.03542561 0.999343 -0.007656416 109.7527 0.1577122 0.01315562 0.9873975 -69.87522 0 0 0 1
52 1 0.9868495 0.03377165 -0.1580746 -33.4413 -0.03542561 0.999343 -0.007656416 109.7527 0.1577122 0.01315562 0.9873975 -69.87522 0 0 0 1
53 0 0.9865966 0.03411287 -0.1595726 -33.46166 -0.03561313 0.9993442 -0.006550625 109.7289 0.1592445 0.0121457 0.9871644 -71.25835 0 0 0 1
53 1 0.9865966 0.03411287 -0.1595726 -33.99439 -0.03561313 0.9993442 -0.006550625 109.7289 0.1592445 0.0121457 0.9871644 -71.25835 0 0 0 1
54 0 0.986401 0.03402295 -0.1607964 -34.14873 -0.03552381 0.9993479 -0.006467556 109.7618 0.1604715 0.01209171 0.9869664 -72.64723 0 0 0 1
54 1 0.986401 0.03402295 -0.1607964 -34.68146 -0.03552381 0.9993479 -0.006467556 109.7618 0.1604715 0.01209171 0.9869664 -72.64723 0 0 0 1
55 0 0.9862177 0.03370328 -0.1619835 -34.79015 -0.03553599 0.9993328 -0.00842947 109.9327 0.1615914 0.01406954 0.9867575 -73.69093 0 0 0 1
55 1 0.9862177 0.03370328 -0.1619835 -35.32288 -0.03553599 0.9993328 -0.00842947 109.9327 0.1615914 0.01406954 0.9867575 -73.69092 0 0 0 1
56 0 0.9860023 0.03358374 -0.1633145 -35.46568 -0.03593214 0.9992887 -0.01144614 110.2015 0.1628139 0.01715416 0.9865077 -74.73508 0 0 0 1
56 1 0.9860023 0.03358374 -0.1633145 -35.99841 -0.03593214 0.9992887 -0.01144614 110.2015 0.1628139 0.01715416 0.9865077 -74.73509 0 0 0 1
57 0 0.9857855 0.03422044 -0.1644865 -36.00031 -0.03680079 0.9992424 -0.01266473 110.3714 0.1639285 0.01853794 0.986298 -75.83463 0 0 0 1
57 1 0.9857855 0.03422044 -0.1644865 -36.53303 -0.03680079 0.9992424 -0.01266473 110.3714 0.1639285 0.01853794 0.986298 -75.83463 0 0 0 1
58 0 0.9856274 0.0345425 -0.1653648 -36.58802 -0.03704855 0.9992403 -0.01209331 110.3896 0.1648215 0.01804602 0.9861583 -77.12796 0 0 0 1
58 1 0.9856274 0.0345425 -0.1653648 -37.12074 -0.03704855 0.9992403 -0.01209331 110.3896 0.1648215 0.01804602 0.9861583 -77.12796 0 0 0 1
59 0 0.9853964 0.03519922 -0.1665984 -37.17738 -0.03736985 0.9992524 -0.009911303 110.3 0.1661249 0.01599232 0.985975 -78.72141 0 0 0 1
59 1 0.9853964 0.03519922 -0.1665984 -37.71011 -0.03736985 0.9992524 -0.009911303 110.3 0.1661249 0.01599232 0.985975 -78.7214 0 0 0 1
60 0 0.9852628 0.03432979 -0.1675671 -37.88391 -0.03622041 0.9993098 -0.008238591 110.1637 0.1671686 0.01418653 0.9858263 -80.15511 0 0 0 1
60 1 0.9852628 0.03432979 -0.1675671 -38.41663 -0.03622041 0.9993098 -0.008238591 110.1637 0.1671686 0.01418653 0.9858263 -80.15511 0 0 0 1
61 0 0.9851008 0.03383477 -0.1686168 -38.54469 -0.03550604 0.9993456 -0.006905622 110.0691 0.1682728 0.01278965 0.9856575 -81.54282 0 0 0 1
61 1 0.9851008 0.03383477 -0.1686168 -39.07742 -0.03550604 0.9993456 -0.006905622 110.0691 0.1682728 0.01278965 0.9856575 -81.54282 0 0 0 1
62 0 0.9849326 0.03326405 -0.1697093 -39.27644 -0.03455425 0.999392 -0.004653755 109.8921 0.1694513 0.01044781 0.9854832 -83.15526 0 0 0 1
62 1 0.9849326 0.03326405 -0.1697093 -39.80916 -0.03455425 0.999392 -0.004653755 109.8921 0.1694513 0.01044781 0.9854832 -83.15526 0 0 0 1
63 0 0.9847671 0.03382415 -0.1705572 -39.83944 -0.03487565 0.9993866 -0.003171899 109.8317 0.1703453 0.009071876 0.9853427 -84.527 0 0 0 1
63 1 0.9847671 0.03382415 -0.1705572 -40.37216 -0.03487565 0.9993866 -0.003171899 109.8317 0.1703453 0.009071876 0.9853427 -84.52699 0 0 0 1
64 0 0.9846332 0.03412718 -0.1712681 -40.50471 -0.03505598 0.9993825 -0.002400824 109.8193 0.1710804 0.008367904 0.9852215 -85.93804 0 0 0 1
64 1 0.9846332 0.03412718 -0.1712681 -41.03743 -0.03505598 0.9993825 -0.002400824 109.8193 0.1710804 0.008367904 0.9852215 -85.93804 0 0 0 1
65 0 0.9844729 0.03436068 -0.172141 -41.09617 -0.03548338 0.9993643 -0.003448253 109.959 0.1719131 0.009502857 0.9850663 -87.03131 0 0 0 1
65 1 0.9844729 0.03436068 -0.172141 -41.62889 -0.03548338 0.9993643 -0.003448253 109.959 0.1719131 0.009502857 0.9850663 -87.0313 0 0 0 1
66 0 0.9842048 0.03331886 -0.1738699 -41.73836 -0.03470349 0.9993855 -0.004928744 110.0677 0.1735988 0.01088479 0.9847563 -88.13676 0 0 0 1
66 1 0.9842048 0.03331886 -0.1738699 -42.27109 -0.03470349 0.9993855 -0.004928744 110.0677 0.1735988 0.01088479 0.9847563 -88.13676 0 0 0 1
67 0 0.9836838 0.03296361 -0.1768602 -42.25197 -0.03458754 0.999383 -0.006106175 110.195 0.1765498 0.0121237 0.984217 -89.43026 0 0 0 1
67 1 0.9836838 0.03296361 -0.1768602 -42.78469 -0.03458754 0.999383 -0.006106175 110.195 0.1765498 0.0121237 0.984217 -89.43027 0 0 0 1
68 0 0.983256 0.03300341 -0.179216 -42.70829 -0.0347182 0.9993764 -0.006439437 110.2664 0.1788917 0.01255367 0.9837887 -90.65899 0 0 0 1
68 1 0.983256 0.03300341 -0.179216 -43.24101 -0.0347182 0.9993764 -0.006439437 110.2664 0.1788917 0.01255367 0.9837887 -90.65899 0 0 0 1
69 0 0.9829245 0.03492719 -0.1806644 -43.10422 -0.03659942 0.9993124 -0.005929722 110.3761 0.1803331 0.01244068 0.9835269 -92.01244 0 0 0 1
69 1 0.9829245 0.03492719 -0.1806644 -43.63694 -0.03659942 0.9993124 -0.005929722 110.3761 0.1803331 0.01244068 0.9835269 -92.01244 0 0 0 1
70 0 0.9827752 0.03588936 -0.1812866 -43.60857 -0.03761151 0.999274 -0.006069742 110.4861 0.1809371 0.01278365 0.9834116 -93.15375 0 0 0 1
70 1 0.9827752 0.03588936 -0.1812866 -44.14129 -0.03761151 0.999274 -0.006069742 110.4861 0.1809371 0.01278365 0.9834116 -93.15375 0 0 0 1
71 0 0.9825787 0.03633297 -0.1822609 -44.12871 -0.03807828 0.9992563 -0.006084457 110.5541 0.1819043 0.01291864 0.9832314 -94.3251 0 0 0 1
71 1 0.9825787 0.03633297 -0.1822609 -44.66143 -0.03807828 0.9992563 -0.006084457 110.5541 0.1819043 0.01291864 0.9832314 -94.3251 0 0 0 1
72 0 0.9823717 0.03576123 -0.1834856 -44.79099 -0.03758518 0.9992725 -0.006471354 110.5991 0.1831207 0.01325361 0.9830011 -95.58757 0 0 0 1
72 1 0.9823717 0.03576123 -0.1834856 -45.32372 -0.03758518 0.9992725 -0.006471354 110.5991 0.1831207 0.01325361 0.9830011 -95.58756 0 0 0 1
73 0 0.9822468 0.0341705 -0.1844553 -45.51334 -0.0359625 0.9993328 -0.006377389 110.5273 0.1841143 0.01289764 0.9828202 -96.79074 0 0 0 1
73 1 0.9822468 0.0341705 -0.1844553 -46.04607 -0.0359625 0.9993328 -0.006377389 110.5273 0.1841143 0.01289764 0.9828202 -96.79073 0 0 0 1
74 0 0.9820433 0.03349406 -0.1856588 -46.10225 -0.03525497 0.9993592 -0.006190431 110.5019 0.1853325 0.01262467 0.9825948 -97.97962 0 0 0 1
74 1 0.9820433 0.03349406 -0.1856588 -46.63498 -0.03525497 0.9993592 -0.006190431 110.5019 0.1853325 0.01262467 0.9825948 -97.97962 0 0 0 1
75 0 0.981675 0.0321607 -0.1878297 -46.71606 -0.03404934 0.9993967 -0.006836428 110.5197 0.1874965 0.01310663 0.9821778 -99.23379 0 0 0 1
75 1 0.981675 0.0321607 -0.1878297 -47.24878 -0.03404934 0.9993967 -0.006836428 110.5197 0.1874965 0.01310663 0.9821778 -99.23378 0 0 0 1
76 0 0.9812762 0.03188732 -0.1899482 -47.14511 -0.03402968 0.9993886 -0.008026926 110.659 0.1895761 0.01434051 0.9817613 -100.2776 0 0 0 1
76 1 0.9812762 0.03188732 -0.1899482 -47.67784 -0.03402968 0.9993886 -0.008026926 110.659 0.1895761 0.01434051 0.9817613 -100.2776 0 0 0 1
77 0 0.9808914 0.03328191 -0.1916882 -47.48058 -0.03596642 0.9992974 -0.01054124 111.0525 0.1912027 0.01723415 0.9813992 -101.2071 0 0 0 1
77 1 0.9808914 0.03328191 -0.1916882 -48.0133 -0.03596642 0.9992974 -0.01054124 111.0525 0.1912027 0.01723415 0.9813992 -101.2071 0 0 0 1
78 0 0.9805548 0.03478606 -0.1931381 -47.76241 -0.03769257 0.9992244 -0.01139364 111.2833 0.1925919 0.01845196 0.9811054 -102.1836 0 0 0 1
78 1 0.9805548 0.03478606 -0.1931381 -48.29513 -0.03769257 0.9992244 -0.01139364 111.2833 0.1925919 0.01845196 0.9811054 -102.1836 0 0 0 1
79 0 0.9802323 0.03639985 -0.1944728 -48.0335 -0.03896113 0.9991969 -0.009360369 111.221 0.1939759 0.01675222 0.9808632 -103.464 0 0 0 1
79 1 0.9802323 0.03639985 -0.1944728 -48.56623 -0.03896113 0.9991969 -0.009360369 111.221 0.1939759 0.01675222 0.9808632 -103.464 0 0 0 1
80 0 0.9799805 0.03649002 -0.1957209 -48.52776 -0.03863645 0.9992277 -0.007158838 111.0354 0.1953086 0.01457748 0.9806335 -104.8768 0 0 0 1
80 1 0.9799805 0.03649002 -0.1957209 -49.06048 -0.03863645 0.9992277 -0.007158838 111.0354 0.1953086 0.01457748 0.9806335 -104.8768 0 0 0 1
81 0 0.979655 0.03622576 -0.1973927 -48.94652 -0.03818335 0.999252 -0.006118965 110.9415 0.1970234 0.01353159 0.9803054 -106.0734 0 0 0 1
81 1 0.979655 0.03622576 -0.1973927 -49.47925 -0.03818335 0.999252 -0.006118965 110.9415 0.1970234 0.01353159 0.9803054 -106.0734 0 0 0 1
82 0 0.9793681 0.03546153 -0.1989487 -49.4231 -0.03735085 0.9992857 -0.005750369 110.882 0.1986026 0.01306263 0.979993 -107.188 0 0 0 1
82 1 0.9793681 0.03546153 -0.1989487 -49.95583 -0.03735085 0.9992857 -0.005750369 110.882 0.1986026 0.01306263 0.979993 -107.188 0 0 0 1
83 0 0.979044 0.03496419 -0.2006253 -49.90064 -0.03673651 0.9993119 -0.005116635 110.8131 0.2003083 0.01237968 0.9796547 -108.4124 0 0 0 1
83 1 0.979044 0.03496419 -0.2006253 -50.43336 -0.03673651 0.9993119 -0.005116635 110.8131 0.2003083 0.01237968 0.9796547 -108.4124 0 0 0 1
84 0 0.9787527 0.0350343 -0.2020291 -50.28115 -0.03674203 0.9993137 -0.004707783 110.8047 0.2017255 0.01203071 0.9793682 -109.4749 0 0 0 1
84 1 0.9787527 0.0350343 -0.2020291 -50.81388 -0.03674203 0.9993137 -0.004707783 110.8047 0.2017255 0.01203071 0.9793682 -109.4749 0 0 0 1
85 0 0.978488 0.03470553 -0.2033635 -50.75845 -0.03642163 0.9993255 -0.004701011 110.8141 0.2030632 0.01200671 0.979092 -110.5827 0 0 0 1
85 1 0.978488 0.03470553 -0.2033635 -51.29116 -0.03642163 0.9993255 -0.004701011 110.8141 0.2030632 0.01200671 0.979092 -110.5827 0 0 0 1
86 0 0.9781985 0.03537213 -0.2046377 -51.07336 -0.03705263 0.9993037 -0.004384957 110.8586 0.2043401 0.01187172 0.978828 -111.5925 0 0 0 1
86 1 0.9781985 0.03537213 -0.2046377 -51.60609 -0.03705263 0.9993037 -0.004384957 110.8586 0.2043401 0.01187172 0.978828 -111.5925 0 0 0 1
87 0 0.9779888 0.0355772 -0.2056017 -51.4672 -0.03715182 0.9993024 -0.003801964 110.8373 0.205323 0.01135676 0.9786284 -112.6169 0 0 0 1
87 1 0.9779888 0.0355772 -0.2056017 -51.99992 -0.03715182 0.9993024 -0.003801964 110.8373 0.205323 0.01135676 0.9786284 -112.6169 0 0 0 1
88 0 0.9777207 0.03561687 -0.2068663 -51.89147 -0.03734126 0.9992927 -0.004435886 110.947 0.206562 0.01206171 0.9783592 -113.6094 0 0 0 1
88 1 0.9777207 0.03561687 -0.2068663 -52.4242 -0.03734126 0.9992927 -0.004435886 110.947 0.206562 0.01206171 0.9783592 -113.6094 0 0 0 1
89 0 0.9775122 0.03543442 -0.2078805 -52.31274 -0.03743819 0.9992826 -0.005711372 111.1127 0.207529 0.0133656 0.9781376 -114.4213 0 0 0 1
89 1 0.9775122 0.03543442 -0.2078805 -52.84547 -0.03743819 0.9992826 -0.005711372 111.1127 0.207529 0.0133656 0.9781376 -114.4213 0 0 0 1
90 0 0.9772606 0.03506917 -0.2091217 -52.77237 -0.03730296 0.9992812 -0.006746046 111.241 0.2087348 0.0143935 0.9778664 -115.3578 0 0 0 1
90 1 0.9772606 0.03506917 -0.2091217 -53.30509 -0.03730296 0.9992812 -0.006746046 111.241 0.2087348 0.0143935 0.9778664 -115.3578 0 0 0 1
91 0 0.9770696 0.03429564 -0.2101402 -53.24965 -0.03658873 0.9993057 -0.007032992 111.2466 0.2097531 0.01456049 0.9776459 -116.2797 0 0 0 1
91 1 0.9770696 0.03429564 -0.2101402 -53.78238 -0.03658873 0.9993057 -0.007032992 111.2466 0.2097531 0.01456049 0.9776459 -116.2797 0 0 0 1
92 0 0.9768825 0.03403194 -0.2110509 -53.67705 -0.03628818 0.9993181 -0.006825648 111.2321 0.2106747 0.01432651 0.9774512 -117.2314 0 0 0 1
92 1 0.9768825 0.03403194 -0.2110509 -54.20977 -0.03628818 0.9993181 -0.006825648 111.2321 0.2106747 0.01432651 0.9774512 -117.2314 0 0 0 1
93 0 0.976629 0.03462411 -0.2121248 -54.03555 -0.03661375 0.9993146 -0.005457488 111.1475 0.2117905 0.01309663 0.9772273 -118.3828 0 0 0 1
93 1 0.976629 0.03462411 -0.2121248 -54.56827 -0.03661375 0.9993146 -0.005457488 111.1475 0.2117905 0.01309663 0.9772273 -118.3828 0 0 0 1
94 0 0.9764267 0.03496243 -0.2129987 -54.38822 -0.03667571 0.9993188 -0.004096411 111.038 0.2127104 0.01181173 0.9770439 -119.4423 0 0 0 1
94 1 0.9764267 0.03496243 -0.2129987 -54.92094 -0.03667571 0.9993188 -0.004096411 111.038 0.2127104 0.01181173 0.9770439 -119.4423 0 0 0 1
95 0 0.9761635 0.03519636 -0.2141636 -54.76904 -0.03686136 0.9993132 -0.003784592 111.0502 0.2138833 0.01158874 0.9767905 -120.4829 0 0 0 1
95 1 0.9761635 0.03519636 -0.2141636 -55.30176 -0.03686136 0.9993132 -0.003784592 111.0502 0.2138833 0.01158874 0.9767905 -120.4829 0 0 0 1
96 0 0.9759798 0.03543618 -0.2149598 -55.14261 -0.03710939 0.9993042 -0.003751832 111.0941 0.2146773 0.01163874 0.9766157 -121.3816 0 0 0 1
96 1 0.9759798 0.03543618 -0.2149598 -55.67533 -0.03710939 0.9993042 -0.003751832 111.0941 0.2146773 0.01163874 0.9766157 -121.3816 0 0 0 1
97 0 0.9757615 0.03618363 -0.2158246 -55.44956 -0.03785118 0.9992769 -0.003596698 111.1649 0.2155384 0.01167873 0.9764255 -122.2826 0 0 0 1
97 1 0.9757615 0.03618363 -0.2158246 -55.98228 -0.03785118 0.9992769 -0.003596698 111.1649 0.2155384 0.01167873 0.9764255 -122.2826 0 0 0 1
98 0 0.9755601 0.03672745 -0.2166414 -55.83107 -0.03827446 0.9992629 -0.002947986 111.1597 0.2163735 0.01116777 0.9762468 -123.3243 0 0 0 1
98 1 0.9755601 0.03672745 -0.2166414 -56.36379 -0.03827446 0.9992629 -0.002947986 111.1597 0.2163735 0.01116777 0.9762468 -123.3243 0 0 0 1
99 0 0.9753928 0.03673683 -0.2173923 -56.2268 -0.03807141 0.9992731 -0.001952438 111.0621 0.2171626 0.01018082 0.9760824 -124.3281 0 0 0 1
99 1 0.9753928 0.03673683 -0.2173923 -56.75952 -0.03807141 0.9992731 -0.001952438 111.0621 0.2171626 0.01018082 0.9760824 -124.3281 0 0 0 1
100 0 0.9751876 0.036768 -0.2183054 -56.64629 -0.03798601 0.9992773 -0.001383631 111.0218 0.2180968 0.00964185 0.9758795 -125.3702 0 0 0 1
100 1 0.9751876 0.036768 -0.2183054 -57.17902 -0.03798601 0.9992773 -0.001383631 111.0218 0.2180968 0.00964185 0.9758795 -125.3702 0 0 0 1
101 0 0.9750491 0.03697089 -0.218889 -57.03695 -0.03816204 0.9992708 -0.001214921 111.0439 0.2186844 0.009537856 0.975749 -126.2573 0 0 0 1
101 1 0.9750491 0.03697089 -0.218889 -57.56968 -0.03816204 0.9992708 -0.001214921 111.0439 0.2186844 0.009537856 0.975749 -126.2573 0 0 0 1
102 0 0.9749355 0.0369579 -0.2193965 -57.46051 -0.03815306 0.9992712 -0.001211578 111.0688 0.2191918 0.009551855 0.9756351 -127.1229 0 0 0 1
102 1 0.9749355 0.0369579 -0.2193965 -57.99323 -0.03815306 0.9992712 -0.001211578 111.0688 0.2191918 0.009551855 0.9756351 -127.1229 0 0 0 1
103 0 0.9748689 0.03615974 -0.2198253 -58.02349 -0.03719275 0.9993079 -0.0005610837 110.9428 0.2196529 0.00872289 0.9755391 -128.1569 0 0 0 1
103 1 0.9748689 0.03615974 -0.2198253 -58.55621 -0.03719275 0.9993079 -0.0005610837 110.9428 0.2196529 0.00872289 0.9755391 -128.1569 0 0 0 1
104 0 0.9747307 0.03588304 -0.2204825 -58.44724 -0.03684563 0.9993209 -0.0002534906 110.903 0.2203237 0.008370904 0.9753909 -129.065 0 0 0 1
104 1 0.9747307 0.03588304 -0.2204825 -58.97997 -0.03684563 0.9993209 -0.0002534906 110.903 0.2203237 0.008370904 0.9753909 -129.0651 0 0 0 1
105 0 0.9746512 0.03536502 -0.2209169 -58.96799 -0.03659496 0.9993291 -0.001475822 111.0466 0.2207165 0.009522855 0.9752916 -129.864 0 0 0 1
105 1 0.9746512 0.03536502 -0.2209169 -59.50072 -0.03659496 0.9993291 -0.001475822 111.0466 0.2207165 0.009522855 0.9752916 -129.864 0 0 0 1
106 0 0.9744608 0.03469758 -0.2218607 -59.38496 -0.03646669 0.9993274 -0.003881323 111.3345 0.2215768 0.01187272 0.9750707 -130.4723 0 0 0 1
106 1 0.9744608 0.03469758 -0.2218607 -59.91768 -0.03646669 0.9993274 -0.003881323 111.3345 0.2215768 0.01187272 0.9750707 -130.4723 0 0 0 1
107 0 0.9742267 0.03470103 -0.2228859 -59.70974 -0.0367574 0.9993113 -0.005082916 111.5233 0.222556 0.01314462 0.9748313 -131.1965 0 0 0 1
107 1 0.9742267 0.03470103 -0.2228859 -60.24247 -0.0367574 0.9993113 -0.005082916 111.5233 0.222556 0.01314462 0.9748313 -131.1966 0 0 0 1
108 0 0.9739355 0.03564083 -0.2240076 -59.95984 -0.03792803 0.999263 -0.005914512 111.7514 0.2236317 0.01425652 0.9745694 -132.0123 0 0 0 1
108 1 0.9739355 0.03564083 -0.2240076 -60.49256 -0.03792803 0.999263 -0.005914512 111.7514 0.2236317 0.01425652 0.9745694 -132.0123 0 0 0 1
109 0 0.973638 0.03650089 -0.2251593 -60.15986 -0.03889401 0.9992241 -0.00620057 111.8975 0.2247583 0.01479446 0.9743022 -132.8027 0 0 0 1
109 1 0.973638 0.03650089 -0.2251593 -60.69259 -0.03889401 0.9992241 -0.00620057 111.8975 0.2247583 0.01479446 0.9743022 -132.8027 0 0 0 1
110 0 0.9733023 0.03733575 -0.2264701 -60.37864 -0.03990463 0.9991806 -0.006774009 112.0848 0.2260316 0.01563036 0.9739946 -133.6313 0 0 0 1
110 1 0.9733023 0.03733575 -0.2264701 -60.91136 -0.03990463 0.9991806 -0.006774009 112.0848 0.2260316 0.01563036 0.9739946 -133.6313 0 0 0 1
111 0 0.9729986 0.0384281 -0.2275894 -60.53934 -0.04087428 0.999146 -0.006043033 112.1143 0.2271628 0.01518242 0.9737384 -134.5034 0 0 0 1
111 1 0.9729986 0.0384281 -0.2275894 -61.07206 -0.04087428 0.999146 -0.006043033 112.1143 0.2271628 0.01518242 0.9737384 -134.5034 0 0 0 1
112 0 0.9727335 0.03903252 -0.2286177 -60.75824 -0.04149397 0.999121 -0.005967876 112.189 0.2281837 0.01529141 0.973498 -135.2959 0 0 0 1
112 1 0.9727335 0.03903252 -0.2286177 -61.29096 -0.04149397 0.999121 -0.005967876 112.189 0.2281837 0.01529141 0.973498 -135.2959 0 0 0 1
113 0 0.9724162 0.04045195 -0.2297181 -60.90894 -0.04298432 0.9990575 -0.006028358 112.3617 0.2292577 0.01573635 0.9732385 -136.1144 0 0 0 1
113 1 0.9724162 0.04045195 -0.2297181 -61.44167 -0.04298432 0.9990575 -0.006028358 112.3617 0.2292577 0.01573635 0.9732385 -136.1144 0 0 0 1
114 0 0.9722475 0.04077942 -0.230373 -61.1899 -0.04338344 0.9990389 -0.006247312 112.452 0.2298969 0.01606831 0.9730824 -136.8321 0 0 0 1
114 1 0.9722475 0.04077942 -0.230373 -61.72263 -0.04338344 0.9990389 -0.006247312 112.452 0.2298969 0.01606831 0.9730824 -136.8321 0 0 0 1
115 0 0.9720467 0.04049244 -0.2312695 -61.5332 -0.04320097 0.9990442 -0.006657284 112.5146 0.2307789 0.01646226 0.972867 -137.6161 0 0 0 1
115 1 0.9720467 0.04049244 -0.2312695 -62.06593 -0.04320097 0.9990442 -0.006657284 112.5146 0.2307789 0.01646226 0.972867 -137.6161 0 0 0 1
116 0 0.9718962 0.03998701 -0.2319886 -61.87508 -0.04268155 0.9990669 -0.006605274 112.4874 0.231508 0.01632128 0.9726961 -138.3617 0 0 0 1
116 1 0.9718962 0.03998701 -0.2319886 -62.4078 -0.04268155 0.9990669 -0.006605274 112.4874 0.231508 0.01632128 0.9726961 -138.3617 0 0 0 1
117 0 0.9717346 0.0400292 -0.2326575 -62.15338 -0.04264557 0.9990709 -0.00622445 112.4641 0.2321921 0.01597032 0.9725388 -139.1117 0 0 0 1
117 1 0.9717346 0.0400292 -0.2326575 -62.6861 -0.04264557 0.9990709 -0.00622445 112.4641 0.2321921 0.01597032 0.9725388 -139.1117 0 0 0 1
118 0 0.9715978 0.03929899 -0.2333524 -62.53935 -0.04189214 0.9991031 -0.00616481 112.414 0.2329008 0.01576535 0.9723727 -139.8912 0 0 0 1
118 1 0.9715978 0.03929899 -0.2333524 -63.07207 -0.04189214 0.9991031 -0.00616481 112.414 0.2329008 0.01576535 0.9723727 -139.8912 0 0 0 1
119 0 0.9714106 0.03883354 -0.2342082 -62.82529 -0.04139007 0.999125 -0.006008255 112.3718 0.2337699 0.01553037 0.9721679 -140.61 0 0 0 1
119 1 0.9714106 0.03883354 -0.2342082 -63.35802 -0.04139007 0.999125 -0.006008255 112.3718 0.2337699 0.01553037 0.9721679 -140.61 0 0 0 1
120 0 0.9712248 0.03809531 -0.235098 -63.16009 -0.04062679 0.9991568 -0.005931818 112.3155 0.2346738 0.0153124 0.9719536 -141.3699 0 0 0 1
120 1 0.9712248 0.03809531 -0.235098 -63.69281 -0.04062679 0.9991568 -0.005931818 112.3155 0.2346738 0.0153124 0.9719536 -141.3699 0 0 0 1
121 0 0.9710279 0.03818823 -0.2358952 -63.36852 -0.0407243 0.9991531 -0.005886273 112.3412 0.2354706 0.0153224 0.9717607 -142.0233 0 0 0 1
121 1 0.9710279 0.03818823 -0.2358952 -63.90125 -0.0407243 0.9991531 -0.005886273 112.3412 0.2354706 0.0153224 0.9717607 -142.0233 0 0 0 1
122 0 0.9708703 0.03789435 -0.2365902 -63.62512 -0.0404966 0.9991608 -0.006147347 112.373 0.2361587 0.01554937 0.9715901 -142.624 0 0 0 1
122 1 0.9708703 0.03789435 -0.2365902 -64.15784 -0.0404966 0.9991608 -0.006147347 112.3731 0.2361587 0.01554937 0.9715901 -142.624 0 0 0 1
123 0 0.9706168 0.03802786 -0.2376067 -63.80608 -0.04077772 0.999146 -0.006667141 112.4874 0.2371503 0.0161603 0.9713386 -143.2462 0 0 0 1
123 1 0.9706168 0.03802786 -0.2376067 -64.33881 -0.04077772 0.999146 -0.006667141 112.4874 0.2371503 0.0161603 0.9713386 -143.2462 0 0 0 1
124 0 0.9704103 0.0370926 -0.2385956 -64.06715 -0.03989194 0.9991801 -0.006912794 112.4528 0.2381436 0.01622629 0.9710944 -143.8542 0 0 0 1
124 1 0.9704103 0.0370926 -0.2385956 -64.59988 -0.03989194 0.9991801 -0.006912794 112.4528 0.2381436 0.01622629 0.9710944 -143.8542 0 0 0 1
125 0 0.9699674 0.0376258 -0.2403075 -64.07765 -0.04056016 0.9991506 -0.007274784 112.5845 0.2398296 0.01680321 0.9706696 -144.492 0 0 0 1
125 1 0.9699674 0.0376258 -0.2403075 -64.61038 -0.04056016 0.9991506 -0.007274784 112.5845 0.2398296 0.01680321 0.9706696 -144.492 0 0 0 1
126 0 0.969655 0.03771954 -0.2415498 -64.16759 -0.04072675 0.9991424 -0.007467222 112.6443 0.241061 0.01707817 0.9703597 -145.0564 0 0 0 1
126 1 0.969655 0.03771954 -0.2415498 -64.70032 -0.04072675 0.9991424 -0.007467222 112.6443 0.241061 0.01707817 0.9703597 -145.0564 0 0 0 1
127 0 0.9693338 0.03708437 -0.2429336 -64.33759 -0.04001128 0.9991738 -0.007123603 112.5521 0.2424687 0.01662523 0.9700168 -145.7526 0 0 0 1
127 1 0.9693338 0.03708437 -0.2429336 -64.87031 -0.04001128 0.9991738 -0.007123603 112.5521 0.2424687 0.01662523 0.9700168 -145.7526 0 0 0 1
128 0 0.9690946 0.03595476 -0.2440552 -64.5667 -0.03871924 0.9992287 -0.006537761 112.3693 0.2436319 0.01578534 0.9697393 -146.4124 0 0 0 1
128 1 0.9690946 0.03595476 -0.2440552 -65.09942 -0.03871924 0.9992287 -0.006537761 112.3693 0.2436319 0.01578534 0.9697393 -146.4124 0 0 0 1
129 0 0.9687802 0.03618428 -0.2452665 -64.6284 -0.03864165 0.9992396 -0.005212728 112.2111 0.2448913 0.01452749 0.9694417 -147.117 0 0 0 1
129 1 0.9687802 0.03618428 -0.2452665 -65.16113 -0.03864165 0.9992396 -0.005212728 112.2111 0.2448913 0.01452749 0.9694417 -147.117 0 0 0 1
130 0 0.9684747 0.03717039 -0.2463232 -64.65611 -0.03917871 0.9992269 -0.003255658 112.0336 0.2460118 0.01280365 0.9691823 -147.9029 0 0 0 1
130 1 0.9684747 0.03717039 -0.2463232 -65.18884 -0.03917871 0.9992269 -0.003255658 112.0336 0.2460118 0.01280365 0.9691823 -147.9029 0 0 0 1
131 0 0.9682168 0.03724971 -0.2473228 -64.76495 -0.039053 0.9992343 -0.002387913 111.9262 0.2470445 0.01197071 0.9689302 -148.5347 0 0 0 1
131 1 0.9682168 0.03724971 -0.2473228 -65.29768 -0.039053 0.9992343 -0.002387913 111.9262 0.2470445 0.01197071 0.9689302 -148.5347 0 0 0 1
132 0 0.9678504 0.03713589 -0.2487702 -64.85092 -0.0388963 0.9992409 -0.002163031 111.899 0.248501 0.01176973 0.9685601 -149.1746 0 0 0 1
132 1 0.9678504 0.03713589 -0.2487702 -65.38364 -0.0388963 0.9992409 -0.002163031 111.899 0.248501 0.01176973 0.9685601 -149.1746 0 0 0 1
133 0 0.9675822 0.03639166 -0.2499208 -65.02219 -0.03804581 0.9992744 -0.001789331 111.7809 0.2496744 0.01123976 0.9682646 -149.781 0 0 0 1
133 1 0.9675822 0.03639166 -0.2499208 -65.55491 -0.03804581 0.9992744 -0.001789331 111.7809 0.2496744 0.01123976 0.9682646 -149.781 0 0 0 1
134 0 0.9673688 0.036142 -0.2507814 -65.18201 -0.03770842 0.9992877 -0.001442282 111.717 0.2505506 0.01085179 0.9680427 -150.3539 0 0 0 1
134 1 0.9673688 0.036142 -0.2507814 -65.71474 -0.03770842 0.9992877 -0.001442282 111.717 0.2505506 0.01085179 0.9680427 -150.3539 0 0 0 1
135 0 0.9670914 0.03602704 -0.2518654 -65.31651 -0.03763275 0.9992904 -0.001559723 111.7406 0.2516305 0.01098678 0.967761 -150.924 0 0 0 1
135 1 0.9670914 0.03602704 -0.2518654 -65.84922 -0.03763275 0.9992904 -0.001559723 111.7406 0.2516305 0.01098678 0.967761 -150.924 0 0 0 1
136 0 0.9667969 0.03617198 -0.252973 -65.39016 -0.03774187 0.9992866 -0.001354074 111.7396 0.2527435 0.01085679 0.9674724 -151.4771 0 0 0 1
136 1 0.9667969 0.03617198 -0.252973 -65.92288 -0.03774187 0.9992866 -0.001354074 111.7396 0.2527435 0.01085679 0.9674724 -151.4771 0 0 0 1
137 0 0.9665637 0.0358385 -0.2539097 -65.56734 -0.037233 0.9993064 -0.0006869794 111.6164 0.253709 0.01011783 0.9672277 -152.1264 0 0 0 1
137 1 0.9665637 0.0358385 -0.2539097 -66.10007 -0.037233 0.9993064 -0.0006869794 111.6165 0.253709 0.01011783 0.9672277 -152.1264 0 0 0 1
138 0 0.966385 0.03506298 -0.2546971 -65.78909 -0.03651466 0.9993327 -0.0009723287 111.5941 0.254493 0.01023982 0.9670204 -152.6256 0 0 0 1
138 1 0.966385 0.03506298 -0.2546971 -66.32181 -0.03651466 0.9993327 -0.0009723287 111.5941 0.254493 0.01023982 0.9670204 -152.6256 0 0 0 1
139 0 0.9661355 0.03513094 -0.2556326 -65.89217 -0.03656724 0.9993308 -0.0008663852 111.5994 0.2554311 0.01018482 0.9667736 -153.1526 0 0 0 1
139 1 0.9661355 0.03513094 -0.2556326 -66.4249 -0.03656724 0.9993308 -0.0008663852 111.5994 0.2554311 0.01018482 0.9667736 -153.1526 0 0 0 1
140 0 0.9658664 0.03582273 -0.2565517 -65.9527 -0.03704968 0.9993134 5.103927E-05 111.5435 0.2563773 0.00945586 0.9665305 -153.7976 0 0 0 1
140 1 0.9658664 0.03582273 -0.2565517 -66.48543 -0.03704968 0.9993134 5.103927E-05 111.5435 0.2563773 0.00945586 0.9665305 -153.7976 0 0 0 1
141 0 0.965634 0.03633456 -0.2573532 -66.02512 -0.03740241 0.9993 0.0007463945 111.5017 0.2572002 0.008904885 0.9663171 -154.3662 0 0 0 1
141 1 0.965634 0.03633456 -0.2573532 -66.55785 -0.03740241 0.9993 0.0007463945 111.5017 0.2572002 0.008904885 0.9663171 -154.3663 0 0 0 1
142 0 0.9654001 0.03616469 -0.2582532 -66.1805 -0.0372319 0.9993064 0.0007586256 111.4969 0.2581016 0.008882882 0.966077 -154.9286 0 0 0 1
142 1 0.9654001 0.03616469 -0.2582532 -66.71323 -0.0372319 0.9993064 0.0007586256 111.497 0.2581016 0.008882882 0.966077 -154.9286 0 0 0 1
143 0 0.9652092 0.035662 -0.2590356 -66.36406 -0.03676803 0.9993237 0.0005753646 111.4861 0.2588809 0.008968881 0.9658676 -155.4261 0 0 0 1
143 1 0.9652092 0.035662 -0.2590356 -66.89677 -0.03676803 0.9993237 0.0005753646 111.4861 0.2588809 0.008968881 0.9658676 -155.4261 0 0 0 1
144 0 0.9650377 0.03544303 -0.2597038 -66.53308 -0.03666056 0.9993278 0.0001554592 111.5438 0.2595347 0.009370863 0.9656883 -155.8769 0 0 0 1
144 1 0.9650377 0.03544303 -0.2597038 -67.0658 -0.03666056 0.9993278 0.0001554592 111.5438 0.2595347 0.009370863 0.9656883 -155.8769 0 0 0 1
145 0 0.9648549 0.03604555 -0.2602994 -66.64719 -0.03728802 0.9993045 0.0001649922 111.623 0.2601243 0.009546855 0.965528 -156.388 0 0 0 1
145 1 0.9648549 0.03604555 -0.2602994 -67.17992 -0.03728802 0.9993045 0.0001649922 111.623 0.2601243 0.009546855 0.965528 -156.388 0 0 0 1
146 0 0.9646894 0.03731268 -0.2607338 -66.68758 -0.03847422 0.9992594 0.0006496031 111.6964 0.2605649 0.009404861 0.9654105 -156.8743 0 0 0 1
146 1 0.9646894 0.03731268 -0.2607338 -67.22031 -0.03847422 0.9992594 0.0006496031 111.6964 0.2605649 0.009404861 0.9654105 -156.8743 0 0 0 1
147 0 0.9645506 0.03804314 -0.2611413 -66.81602 -0.03917931 0.9992318 0.0008558119 111.7581 0.2609733 0.009405863 0.9653002 -157.384 0 0 0 1
147 1 0.9645506 0.03804314 -0.2611413 -67.34874 -0.03917931 0.9992318 0.0008558119 111.7581 0.2609733 0.009405863 0.9653002 -157.384 0 0 0 1
148 0 0.9644193 0.03782036 -0.2616583 -67.00393 -0.03892092 0.9992418 0.0009768689 111.7279 0.2614969 0.009241869 0.9651601 -157.8746 0 0 0 1
148 1 0.9644193 0.03782036 -0.2616583 -67.53665 -0.03892092 0.9992418 0.0009768689 111.7279 0.2614969 0.009241869 0.9651601 -157.8746 0 0 0 1
149 0 0.9643866 0.0372408 -0.2618618 -67.2814 -0.03835823 0.9992637 0.0008447738 111.6992 0.2617005 0.00922987 0.965105 -158.3281 0 0 0 1
149 1 0.9643866 0.0372408 -0.2618618 -67.81413 -0.03835823 0.9992637 0.0008447738 111.6992 0.2617005 0.00922987 0.965105 -158.3281 0 0 0 1
150 0 0.9643029 0.03784043 -0.2620841 -67.44775 -0.03888139 0.9992431 0.001214674 111.7194 0.2619317 0.009018878 0.9650443 -158.8423 0 0 0 1
150 1 0.9643029 0.03784043 -0.2620841 -67.98048 -0.03888139 0.9992431 0.001214674 111.7194 0.2619317 0.009018878 0.9650443 -158.8423 0 0 0 1
151 0 0.9641908 0.03858671 -0.2623875 -67.55941 -0.0397082 0.9992108 0.001028917 111.8464 0.2622201 0.009426862 0.964962 -159.251 0 0 0 1
151 1 0.9641908 0.03858671 -0.2623875 -68.09213 -0.0397082 0.9992108 0.001028917 111.8464 0.2622201 0.009426862 0.964962 -159.251 0 0 0 1
152 0 0.9641116 0.03852554 -0.2626871 -67.78534 -0.03980306 0.9992074 0.000458369 111.9492 0.2624966 0.01001383 0.9648809 -159.6763 0 0 0 1
152 1 0.9641116 0.03852554 -0.2626871 -68.31805 -0.03980306 0.9992074 0.000458369 111.9492 0.2624966 0.01001383 0.9648809 -159.6763 0 0 0 1
153 0 0.9639993 0.03907006 -0.2630187 -67.9133 -0.04035035 0.9991854 0.0005343026 112.0115 0.2628253 0.01009783 0.9647906 -160.1178 0 0 0 1
153 1 0.9639993 0.03907006 -0.2630187 -68.44603 -0.04035035 0.9991854 0.0005343026 112.0115 0.2628253 0.01009783 0.9647906 -160.1178 0 0 0 1
154 0 0.9639351 0.03912017 -0.2632464 -68.11197 -0.04029273 0.9991875 0.0009451569 111.9627 0.2630695 0.009695848 0.9647282 -160.6019 0 0 0 1
154 1 0.9639351 0.03912017 -0.2632464 -68.64469 -0.04029273 0.9991875 0.0009451569 111.9627 0.2630695 0.009695848 0.9647282 -160.6019 0 0 0 1
155 0 0.9638335 0.03919718 -0.2636068 -68.30895 -0.04031973 0.9991862 0.001152376 111.9521 0.2634375 0.009517858 0.9646295 -161.1118 0 0 0 1
155 1 0.9638335 0.03919718 -0.2636068 -68.84167 -0.04031973 0.9991862 0.001152376 111.9521 0.2634375 0.009517858 0.9646295 -161.1118 0 0 0 1
156 0 0.9638764 0.03917034 -0.2634539 -68.57915 -0.04019521 0.9991907 0.001500929 111.904 0.2632995 0.009142873 0.9646708 -161.56 0 0 0 1
156 1 0.9638764 0.03917034 -0.2634539 -69.11187 -0.04019521 0.9991907 0.001500929 111.904 0.2632995 0.009142873 0.9646708 -161.56 0 0 0 1
157 0 0.9640608 0.03949645 -0.2627297 -68.93103 -0.04021979 0.9991874 0.002626408 111.7657 0.2626199 0.008034915 0.9648659 -162.0901 0 0 0 1
157 1 0.9640608 0.03949645 -0.2627297 -69.46376 -0.04021979 0.9991874 0.002626408 111.7657 0.2626199 0.008034915 0.9648659 -162.0901 0 0 0 1
158 0 0.9641519 0.04017318 -0.2622922 -69.17046 -0.04062024 0.9991677 0.003719775 111.6709 0.2622233 0.007067941 0.9649813 -162.584 0 0 0 1
158 1 0.9641519 0.04017318 -0.2622922 -69.70318 -0.04062024 0.9991677 0.003719775 111.6709 0.2622233 0.007067941 0.9649813 -162.584 0 0 0 1
159 0 0.9642593 0.04019015 -0.2618944 -69.50131 -0.04065439 0.9991666 0.003647584 111.6986 0.2618228 0.007129941 0.9650896 -163.0074 0 0 0 1
159 1 0.9642593 0.04019015 -0.2618944 -70.03404 -0.04065439 0.9991666 0.003647584 111.6986 0.2618228 0.007129941 0.9650896 -163.0074 0 0 0 1
160 0 0.9643868 0.03967566 -0.2615033 -69.86606 -0.04008368 0.9991892 0.003775526 111.6305 0.2614411 0.006840947 0.9651952 -163.4282 0 0 0 1
160 1 0.9643868 0.03967566 -0.2615033 -70.39879 -0.04008368 0.9991892 0.003775526 111.6305 0.2614411 0.006840947 0.9651952 -163.4282 0 0 0 1
161 0 0.9644896 0.03896341 -0.2612308 -70.23347 -0.03920124 0.9992221 0.004302387 111.4716 0.2611952 0.006090962 0.9652668 -163.9096 0 0 0 1
161 1 0.9644896 0.03896341 -0.2612308 -70.76619 -0.03920124 0.9992221 0.004302387 111.4716 0.2611952 0.006090962 0.9652668 -163.9096 0 0 0 1
162 0 0.9644187 0.03910851 -0.2614711 -70.44484 -0.03907724 0.999222 0.005320914 111.3283 0.2614757 0.005085979 0.9651967 -164.5016 0 0 0 1
162 1 0.9644187 0.03910851 -0.2614711 -70.97757 -0.03907724 0.999222 0.005320914 111.3283 0.2614757 0.005085979 0.9651967 -164.5016 0 0 0 1
163 0 0.9643697 0.03947432 -0.2615967 -70.62781 -0.03929973 0.9992101 0.005900949 111.2832 0.261623 0.004589983 0.9651592 -164.9883 0 0 0 1
163 1 0.9643697 0.03947432 -0.2615967 -71.16052 -0.03929973 0.9992101 0.005900949 111.2832 0.261623 0.004589983 0.9651592 -164.9883 0 0 0 1
164 0 0.9643759 0.04004589 -0.2614873 -70.85605 -0.03982612 0.9991878 0.006141836 111.321 0.2615209 0.004490987 0.9651874 -165.4581 0 0 0 1
164 1 0.9643759 0.04004589 -0.2614873 -71.38878 -0.03982612 0.9991878 0.006141836 111.321 0.2615209 0.004490987 0.9651874 -165.4581 0 0 0 1
165 0 0.9643307 0.04015576 -0.2616368 -71.0669 -0.03997572 0.9991826 0.006012603 111.3679 0.2616644 0.004660983 0.9651477 -165.8772 0 0 0 1
165 1 0.9643307 0.04015576 -0.2616368 -71.59962 -0.03997572 0.9991826 0.006012603 111.3679 0.2616644 0.004660983 0.9651477 -165.8772 0 0 0 1
166 0 0.9642837 0.04004297 -0.2618272 -71.29642 -0.03970031 0.9991899 0.006600372 111.2656 0.2618793 0.004029989 0.9650922 -166.3915 0 0 0 1
166 1 0.9642837 0.04004297 -0.2618272 -71.82915 -0.03970031 0.9991899 0.006600372 111.2656 0.2618793 0.004029989 0.9650922 -166.3915 0 0 0 1
167 0 0.9642205 0.04061057 -0.2619726 -71.48334 -0.04012851 0.9991686 0.007191897 111.2427 0.2620469 0.003577994 0.9650485 -166.929 0 0 0 1
167 1 0.9642205 0.04061057 -0.2619726 -72.01606 -0.04012851 0.9991686 0.007191897 111.2427 0.2620469 0.003577994 0.9650485 -166.929 0 0 0 1
168 0 0.964244 0.04013794 -0.2619588 -71.79042 -0.0397137 0.9991872 0.006915636 111.247 0.2620235 0.003734992 0.9650543 -167.353 0 0 0 1
168 1 0.964244 0.04013794 -0.2619588 -72.32315 -0.0397137 0.9991872 0.006915636 111.247 0.2620235 0.003734992 0.9650543 -167.353 0 0 0 1
169 0 0.9642051 0.04006999 -0.2621122 -72.05006 -0.03965071 0.9991899 0.00689059 111.2564 0.262176 0.003748992 0.9650128 -167.8479 0 0 0 1
169 1 0.9642051 0.04006999 -0.2621122 -72.58278 -0.03965071 0.9991899 0.00689059 111.2564 0.262176 0.003748992 0.9650128 -167.8479 0 0 0 1
170 0 0.9641305 0.040098 -0.2623826 -72.2545 -0.0396083 0.9991897 0.007157263 111.2252 0.262457 0.003491993 0.9649374 -168.3409 0 0 0 1
170 1 0.9641305 0.040098 -0.2623826 -72.78724 -0.0396083 0.9991897 0.007157263 111.2252 0.262457 0.003491993 0.9649374 -168.3409 0 0 0 1
171 0 0.9641277 0.03931454 -0.2625114 -72.57431 -0.03901042 0.9992185 0.006372276 111.2815 0.2625567 0.004096989 0.9649079 -168.7271 0 0 0 1
171 1 0.9641277 0.03931454 -0.2625114 -73.10704 -0.03901042 0.9992185 0.006372276 111.2815 0.2625567 0.004096989 0.9649079 -168.7271 0 0 0 1
172 0 0.9641184 0.0395142 -0.2625155 -72.83076 -0.03946604 0.999206 0.00545832 111.4785 0.2625228 0.005097979 0.9649124 -169.1087 0 0 0 1
172 1 0.9641184 0.0395142 -0.2625155 -73.36349 -0.03946604 0.999206 0.00545832 111.4785 0.2625228 0.005097979 0.9649124 -169.1087 0 0 0 1
173 0 0.9640722 0.03967891 -0.2626601 -73.04032 -0.03982206 0.9991953 0.00478045 111.6296 0.2626384 0.005850967 0.9648766 -169.4822 0 0 0 1
173 1 0.9640722 0.03967891 -0.2626601 -73.57304 -0.03982206 0.9991953 0.00478045 111.6296 0.2626384 0.005850967 0.9648766 -169.4822 0 0 0 1
174 0 0.9639802 0.03979364 -0.2629803 -73.24844 -0.04010774 0.9991866 0.00417601 111.7639 0.2629325 0.006521954 0.9647922 -169.9211 0 0 0 1
174 1 0.9639802 0.03979364 -0.2629803 -73.78116 -0.04010774 0.9991866 0.00417601 111.7639 0.2629325 0.006521954 0.9647922 -169.9212 0 0 0 1
175 0 0.9639906 0.03948983 -0.2629878 -73.53187 -0.0398775 0.9991971 0.00386554 111.7952 0.2629293 0.006760949 0.9647914 -170.3348 0 0 0 1
175 1 0.9639906 0.03948983 -0.2629878 -74.06459 -0.0398775 0.9991971 0.00386554 111.7952 0.2629293 0.006760949 0.9647914 -170.3348 0 0 0 1
176 0 0.9640008 0.03880635 -0.2630522 -73.84645 -0.0392326 0.9992235 0.003634099 111.7666 0.262989 0.006816947 0.9647748 -170.771 0 0 0 1
176 1 0.9640008 0.03880635 -0.2630522 -74.37918 -0.0392326 0.9992235 0.003634099 111.7666 0.262989 0.006816947 0.9647748 -170.771 0 0 0 1
177 0 0.9638834 0.03782499 -0.2636248 -74.12672 -0.03839196 0.9992582 0.003002578 111.7744 0.2635428 0.007226937 0.9646206 -171.2573 0 0 0 1
177 1 0.9638834 0.03782499 -0.2636248 -74.65944 -0.03839196 0.9992582 0.003002578 111.7744 0.2635428 0.007226937 0.9646206 -171.2573 0 0 0 1
178 0 0.9636705 0.03704958 -0.2645119 -74.3013 -0.03761258 0.9992881 0.002937761 111.7051 0.2644324 0.00711794 0.9643779 -171.7769 0 0 0 1
178 1 0.9636705 0.03704958 -0.2645119 -74.83403 -0.03761258 0.9992881 0.002937761 111.7051 0.2644324 0.00711794 0.9643779 -171.7769 0 0 0 1
179 0 0.9633454 0.03685488 -0.2657205 -74.37701 -0.03725449 0.9992995 0.003538013 111.5885 0.2656648 0.006490955 0.9640436 -172.4204 0 0 0 1
179 1 0.9633454 0.03685488 -0.2657205 -74.90973 -0.03725449 0.9992995 0.003538013 111.5885 0.2656648 0.006490955 0.9640436 -172.4204 0 0 0 1
180 0 0.9630775 0.03662014 -0.2667221 -74.46848 -0.03691515 0.9993107 0.003909473 111.5058 0.2666815 0.006080963 0.9637656 -172.9748 0 0 0 1
180 1 0.9630775 0.03662014 -0.2667221 -75.0012 -0.03691515 0.9993107 0.003909473 111.5058 0.2666815 0.006080963 0.9637656 -172.9747 0 0 0 1
181 0 0.9627936 0.03691698 -0.2677041 -74.50063 -0.03713929 0.9993011 0.004234938 111.4959 0.2676733 0.005864967 0.9634919 -173.5066 0 0 0 1
181 1 0.9627936 0.03691698 -0.2677041 -75.03336 -0.03713929 0.9993011 0.004234938 111.4959 0.2676733 0.005864967 0.9634919 -173.5066 0 0 0 1
182 0 0.9624328 0.03663449 -0.2690372 -74.55606 -0.03639638 0.9993201 0.005874688 111.178 0.2690696 0.004137988 0.9631119 -174.2728 0 0 0 1
182 1 0.9624328 0.03663449 -0.2690372 -75.08878 -0.03639638 0.9993201 0.005874688 111.178 0.2690696 0.004137988 0.9631119 -174.2728 0 0 0 1
183 0 0.9621691 0.03559041 -0.2701183 -74.71484 -0.03480872 0.9993644 0.007685211 110.7309 0.2702202 0.002008 0.9627964 -175.0163 0 0 0 1
183 1 0.9621691 0.03559041 -0.2701183 -75.24757 -0.03480872 0.9993644 0.007685211 110.7309 0.2702202 0.002008 0.9627964 -175.0163 0 0 0 1
184 0 0.9619082 0.03478896 -0.2711501 -74.87819 -0.03380437 0.999394 0.008302308 110.5292 0.2712746 0.001179999 0.9625013 -175.6504 0 0 0 1
184 1 0.9619082 0.03478896 -0.2711501 -75.41092 -0.03380437 0.999394 0.008302308 110.5292 0.2712746 0.001179999 0.9625013 -175.6504 0 0 0 1
185 0 0.961562 0.03478795 -0.2723751 -74.89162 -0.03382252 0.9993939 0.00824015 110.5494 0.2724967 0.001288999 0.9621558 -176.1546 0 0 0 1
185 1 0.961562 0.03478795 -0.2723751 -75.42434 -0.03382252 0.9993939 0.00824015 110.5494 0.2724967 0.001288999 0.9621558 -176.1546 0 0 0 1
186 0 0.9612332 0.03514764 -0.2734874 -74.88492 -0.03451698 0.9993787 0.00711894 110.8093 0.2735677 0.002596997 0.9618492 -176.5164 0 0 0 1
186 1 0.9612332 0.03514764 -0.2734874 -75.41763 -0.03451698 0.9993787 0.00711894 110.8093 0.2735677 0.002596997 0.9618492 -176.5164 0 0 0 1
187 0 0.9609025 0.0359799 -0.2745393 -74.85713 -0.03578087 0.9993432 0.005734471 111.1792 0.2745653 0.004312987 0.9615588 -176.871 0 0 0 1
187 1 0.9609025 0.0359799 -0.2745393 -75.38985 -0.03578087 0.9993432 0.005734471 111.1792 0.2745653 0.004312987 0.9615588 -176.871 0 0 0 1
188 0 0.9605424 0.03709771 -0.2756484 -74.7625 -0.03745354 0.9992905 0.003974895 111.6551 0.2756003 0.006505955 0.9612503 -177.1287 0 0 0 1
188 1 0.9605424 0.03709771 -0.2756484 -75.29523 -0.03745354 0.9992905 0.003974895 111.6551 0.2756003 0.006505955 0.9612503 -177.1286 0 0 0 1
189 0 0.9601544 0.03757667 -0.2769324 -74.72609 -0.03856415 0.9992543 0.001881757 112.1158 0.2767967 0.008872884 0.9608876 -177.4196 0 0 0 1
189 1 0.9601544 0.03757667 -0.2769324 -75.2588 -0.03856415 0.9992543 0.001881757 112.1158 0.2767967 0.008872884 0.9608876 -177.4196 0 0 0 1
190 0 0.9598731 0.0370807 -0.2779723 -74.81689 -0.03835756 0.9992637 0.0008454248 112.2584 0.277799 0.00985084 0.9605887 -177.7984 0 0 0 1
190 1 0.9598731 0.0370807 -0.2779723 -75.34962 -0.03835756 0.9992637 0.0008454248 112.2584 0.277799 0.00985084 0.9605887 -177.7984 0 0 0 1
191 0 0.9596779 0.03634029 -0.2787429 -75.00332 -0.0376015 0.9992925 0.000822464 112.1833 0.2785756 0.009691848 0.9603654 -178.3197 0 0 0 1
191 1 0.9596779 0.03634029 -0.2787429 -75.53605 -0.0376015 0.9992925 0.000822464 112.1833 0.2785756 0.009691848 0.9603654 -178.3197 0 0 0 1
192 0 0.9594223 0.03678305 -0.2795638 -75.0242 -0.03796493 0.9992784 0.001187965 112.1845 0.2794057 0.009473858 0.9601264 -178.8045 0 0 0 1
192 1 0.9594223 0.03678305 -0.2795638 -75.55692 -0.03796493 0.9992784 0.001187965 112.1845 0.2794057 0.009473858 0.9601264 -178.8045 0 0 0 1
193 0 0.9591135 0.03805509 -0.2804515 -74.93754 -0.03919347 0.9992304 0.001550398 112.292 0.2802947 0.009504858 0.9598669 -179.2605 0 0 0 1
193 1 0.9591135 0.03805509 -0.2804515 -75.47026 -0.03919347 0.9992304 0.001550398 112.292 0.2802947 0.009504858 0.9598669 -179.2605 0 0 0 1
194 0 0.9588584 0.03918104 -0.281168 -74.91742 -0.0403957 0.9991826 0.0014769 112.4637 0.280996 0.009941837 0.9596574 -179.6872 0 0 0 1
194 1 0.9588584 0.03918104 -0.281168 -75.45014 -0.0403957 0.9991826 0.0014769 112.4637 0.280996 0.009941837 0.9596574 -179.6872 0 0 0 1
195 0 0.9586459 0.03966756 -0.2818237 -74.95367 -0.04090939 0.9991618 0.001478551 112.5386 0.2816461 0.01011183 0.9594651 -180.0938 0 0 0 1
195 1 0.9586459 0.03966756 -0.2818237 -75.4864 -0.04090939 0.9991618 0.001478551 112.5386 0.2816461 0.01011183 0.9594651 -180.0938 0 0 0 1
196 0 0.958333 0.04013975 -0.2828194 -74.94128 -0.04163256 0.9991327 0.0007322286 112.7542 0.2826035 0.01107278 0.9591729 -180.4708 0 0 0 1
196 1 0.958333 0.04013975 -0.2828194 -75.47401 -0.04163256 0.9991327 0.0007322286 112.7542 0.2826035 0.01107278 0.9591729 -180.4708 0 0 0 1
197 0 0.9580964 0.03967066 -0.2836856 -75.03352 -0.04148644 0.999139 -0.0003930675 112.9196 0.2834257 0.0121457 0.9589173 -180.7791 0 0 0 1
197 1 0.9580964 0.03967066 -0.2836856 -75.56625 -0.04148644 0.999139 -0.0003930675 112.9195 0.2834257 0.0121457 0.9589173 -180.779 0 0 0 1
198 0 0.9579115 0.039227 -0.284371 -75.15105 -0.04108781 0.9991553 -0.0005788789 112.9106 0.2841081 0.01223869 0.9587141 -181.174 0 0 0 1
198 1 0.9579115 0.039227 -0.284371 -75.68377 -0.04108781 0.9991553 -0.0005788789 112.9106 0.2841081 0.01223869 0.9587141 -181.1739 0 0 0 1
199 0 0.9577379 0.03912738 -0.2849687 -75.26376 -0.04081145 0.9991668 2.844865E-05 112.7967 0.2847324 0.01160274 0.9585368 -181.668 0 0 0 1
199 1 0.9577379 0.03912738 -0.2849687 -75.79648 -0.04081145 0.9991668 2.844865E-05 112.7967 0.2847324 0.01160274 0.9585368 -181.668 0 0 0 1
200 0 0.9575523 0.03962816 -0.2855227 -75.29426 -0.04115859 0.9991524 0.0006411565 112.7575 0.2853061 0.01113777 0.9583718 -182.1013 0 0 0 1
200 1 0.9575523 0.03962816 -0.2855227 -75.82698 -0.04115859 0.9991524 0.0006411565 112.7575 0.2853061 0.01113777 0.9583718 -182.1013 0 0 0 1
201 0 0.9573165 0.03943149 -0.2863396 -75.3683 -0.04086823 0.9991641 0.0009593465 112.6849 0.2861381 0.01078379 0.9581277 -182.5748 0 0 0 1
201 1 0.9573165 0.03943149 -0.2863396 -75.90102 -0.04086823 0.9991641 0.0009593465 112.6849 0.2861381 0.01078379 0.9581277 -182.5748 0 0 0 1
202 0 0.9570889 0.04030506 -0.2869779 -75.33411 -0.04147621 0.9991375 0.001999733 112.6119 0.286811 0.009988835 0.9579351 -183.0465 0 0 0 1
202 1 0.9570889 0.04030506 -0.2869779 -75.86684 -0.04147621 0.9991375 0.001999733 112.6119 0.286811 0.009988835 0.9579351 -183.0465 0 0 0 1
203 0 0.9569367 0.04111959 -0.2873699 -75.35249 -0.04207674 0.9991103 0.002847341 112.5672 0.2872313 0.009366862 0.9578155 -183.4727 0 0 0 1
203 1 0.9569367 0.04111959 -0.2873699 -75.88521 -0.04207674 0.9991103 0.002847341 112.5672 0.2872313 0.009366862 0.9578155 -183.4727 0 0 0 1
204 0 0.9566452 0.04151211 -0.2882823 -75.33237 -0.04255279 0.9990907 0.002658633 112.6675 0.2881306 0.009723848 0.9575418 -183.8617 0 0 0 1
204 1 0.9566452 0.04151211 -0.2882823 -75.86508 -0.04255279 0.9990907 0.002658633 112.6675 0.2881306 0.009723848 0.9575418 -183.8616 0 0 0 1
205 0 0.9564292 0.04175885 -0.2889626 -75.35452 -0.04280646 0.9990798 0.002696089 112.7042 0.2888092 0.009790845 0.9573366 -184.2277 0 0 0 1
205 1 0.9564292 0.04175885 -0.2889626 -75.88724 -0.04280646 0.9990798 0.002696089 112.7042 0.2888092 0.009790845 0.9573366 -184.2278 0 0 0 1
206 0 0.9561526 0.04246513 -0.2897738 -75.31496 -0.04352417 0.9990485 0.002791737 112.7913 0.2896166 0.009942837 0.9570911 -184.6276 0 0 0 1
206 1 0.9561526 0.04246513 -0.2897738 -75.84769 -0.04352417 0.9990485 0.002791737 112.7913 0.2896166 0.009942837 0.9570911 -184.6275 0 0 0 1
207 0 0.9559627 0.04255787 -0.2903864 -75.3629 -0.04372644 0.9990405 0.002466355 112.8779 0.2902127 0.01033982 0.9569063 -184.9504 0 0 0 1
207 1 0.9559627 0.04255787 -0.2903864 -75.89563 -0.04372644 0.9990405 0.002466355 112.8779 0.2902127 0.01033982 0.9569063 -184.9504 0 0 0 1
208 0 0.9557278 0.0419803 -0.2912422 -75.43575 -0.04325501 0.9990619 0.002063226 112.8917 0.2910557 0.0106258 0.9566471 -185.3028 0 0 0 1
208 1 0.9557278 0.0419803 -0.2912422 -75.96848 -0.04325501 0.9990619 0.002063226 112.8917 0.2910557 0.0106258 0.9566471 -185.3029 0 0 0 1
209 0 0.9554781 0.04138176 -0.2921459 -75.51482 -0.04273995 0.9990847 0.001734745 112.8891 0.2919503 0.01082879 0.9563722 -185.6959 0 0 0 1
209 1 0.9554781 0.04138176 -0.2921459 -76.04755 -0.04273995 0.9990847 0.001734745 112.8891 0.2919503 0.01082879 0.9563722 -185.6959 0 0 0 1
210 0 0.9552503 0.04204509 -0.2927953 -75.48402 -0.04340785 0.9990557 0.001844367 112.9672 0.2925964 0.01094778 0.9561734 -186.0472 0 0 0 1
210 1 0.9552503 0.04204509 -0.2927953 -76.01674 -0.04340785 0.9990557 0.001844367 112.9672 0.2925964 0.01094778 0.9561734 -186.0472 0 0 0 1
211 0 0.9548947 0.04255969 -0.2938789 -75.40025 -0.04383263 0.9990363 0.002256467 112.9685 0.2936917 0.01072679 0.95584 -186.506 0 0 0 1
211 1 0.9548947 0.04255969 -0.2938789 -75.93298 -0.04383263 0.9990363 0.002256467 112.9685 0.2936917 0.01072679 0.95584 -186.506 0 0 0 1
212 0 0.9546705 0.04301821 -0.2945395 -75.39375 -0.0435788 0.9990391 0.004663151 112.5704 0.2944571 0.008383904 0.9556279 -187.1378 0 0 0 1
212 1 0.9546705 0.04301821 -0.2945395 -75.92647 -0.0435788 0.9990391 0.004663151 112.5704 0.2944571 0.008383904 0.9556279 -187.1378 0 0 0 1
213 0 0.9544411 0.04309477 -0.2952712 -75.41799 -0.04305852 0.9990506 0.006627944 112.206 0.2952765 0.006387957 0.9553905 -187.7456 0 0 0 1
213 1 0.9544411 0.04309477 -0.2952712 -75.95071 -0.04305852 0.9990506 0.006627944 112.206 0.2952765 0.006387957 0.9553905 -187.7456 0 0 0 1
214 0 0.9541466 0.04279136 -0.2962652 -75.46017 -0.04239884 0.9990707 0.007752817 111.9556 0.2963217 0.005163977 0.9550743 -188.3281 0 0 0 1
214 1 0.9541466 0.04279136 -0.2962652 -75.9929 -0.04239884 0.9990707 0.007752817 111.9556 0.2963217 0.005163977 0.9550743 -188.3281 0 0 0 1
215 0 0.953896 0.04206111 -0.2971755 -75.551 -0.04158953 0.9991034 0.007912188 111.8365 0.2972418 0.004811983 0.9547901 -188.7893 0 0 0 1
215 1 0.953896 0.04206111 -0.2971755 -76.08372 -0.04158953 0.9991034 0.007912188 111.8365 0.2972418 0.004811983 0.9547901 -188.7893 0 0 0 1
216 0 0.953611 0.04272538 -0.2979945 -75.53137 -0.04237275 0.9990726 0.00764659 111.9903 0.2980449 0.005334974 0.954537 -189.188 0 0 0 1
216 1 0.953611 0.04272538 -0.2979945 -76.06409 -0.04237275 0.9990726 0.00764659 111.9903 0.2980449 0.005334974 0.954537 -189.188 0 0 0 1
217 0 0.9533117 0.04315902 -0.2988881 -75.50748 -0.04272845 0.9990548 0.00797855 111.9942 0.2989499 0.005164977 0.9542548 -189.6476 0 0 0 1
217 1 0.9533117 0.04315902 -0.2988881 -76.04021 -0.04272845 0.9990548 0.00797855 111.9942 0.2989499 0.005164977 0.9542548 -189.6476 0 0 0 1
218 0 0.9530115 0.04342985 -0.2998049 -75.5033 -0.04285603 0.9990452 0.008492512 111.9401 0.2998874 0.004754981 0.9539627 -190.1425 0 0 0 1
218 1 0.9530115 0.04342985 -0.2998049 -76.03603 -0.04285603 0.9990452 0.008492512 111.9401 0.2998874 0.004754981 0.9539627 -190.1425 0 0 0 1
219 0 0.9527774 0.04242691 -0.300691 -75.67131 -0.04169394 0.9990911 0.008857269 111.7436 0.3007936 0.004097989 0.9536805 -190.7138 0 0 0 1
219 1 0.9527774 0.04242691 -0.300691 -76.20404 -0.04169394 0.9990911 0.008857269 111.7436 0.3007936 0.004097989 0.9536805 -190.7138 0 0 0 1
220 0 0.9525907 0.04184655 -0.3013633 -75.81956 -0.04089964 0.9991185 0.00945386 111.5561 0.3014933 0.003319994 0.9534625 -191.2545 0 0 0 1
220 1 0.9525907 0.04184655 -0.3013633 -76.35226 -0.04089964 0.9991185 0.00945386 111.5561 0.3014933 0.003319994 0.9534625 -191.2545 0 0 0 1
221 0 0.9522859 0.04172571 -0.3023417 -75.88498 -0.04064396 0.9991249 0.00987137 111.4679 0.302489 0.002887996 0.9531485 -191.8324 0 0 0 1
221 1 0.9522859 0.04172571 -0.3023417 -76.41772 -0.04064396 0.9991249 0.00987137 111.4679 0.302489 0.002887996 0.9531485 -191.8324 0 0 0 1
222 0 0.9520004 0.04279373 -0.3030907 -75.84779 -0.04171719 0.9990791 0.01002846 111.5941 0.3032407 0.003096995 0.9529089 -192.2868 0 0 0 1
222 1 0.9520004 0.04279373 -0.3030907 -76.38052 -0.04171719 0.9990791 0.01002846 111.5941 0.3032407 0.003096995 0.9529089 -192.2868 0 0 0 1
223 0 0.9517365 0.04353101 -0.3038135 -75.85918 -0.04246936 0.9990467 0.01010445 111.6921 0.3039638 0.003285995 0.9526779 -192.7478 0 0 0 1
223 1 0.9517365 0.04353101 -0.3038135 -76.39191 -0.04246936 0.9990467 0.01010445 111.6921 0.3039638 0.003285995 0.9526779 -192.7478 0 0 0 1
224 0 0.9514629 0.04504053 -0.30445 -75.82872 -0.04388886 0.9989799 0.01062886 111.8074 0.3046182 0.003248995 0.952469 -193.2795 0 0 0 1
224 1 0.9514629 0.04504053 -0.30445 -76.36143 -0.04388886 0.9989799 0.01062886 111.8074 0.3046182 0.003248995 0.952469 -193.2795 0 0 0 1
225 0 0.951313 0.0447658 -0.3049583 -76.00515 -0.04362251 0.9989922 0.01056545 111.7952 0.305124 0.003251995 0.9523071 -193.763 0 0 0 1
225 1 0.951313 0.0447658 -0.3049583 -76.53788 -0.04362251 0.9989922 0.01056545 111.7952 0.305124 0.003251995 0.9523071 -193.763 0 0 0 1
226 0 0.9512003 0.04393352 -0.3054305 -76.2787 -0.04302833 0.9990268 0.009698454 111.8708 0.3055594 0.003916991 0.952165 -194.2245 0 0 0 1
226 1 0.9512003 0.04393352 -0.3054305 -76.81143 -0.04302833 0.9990268 0.009698454 111.8708 0.3055594 0.003916991 0.952165 -194.2245 0 0 0 1
227 0 0.9511479 0.04298836 -0.3057281 -76.58018 -0.04222842 0.9990665 0.009102084 111.8744 0.305834 0.004252987 0.9520754 -194.6666 0 0 0 1
227 1 0.9511479 0.04298836 -0.3057281 -77.11292 -0.04222842 0.9990665 0.009102084 111.8744 0.305834 0.004252987 0.9520754 -194.6666 0 0 0 1
228 0 0.9510565 0.04338395 -0.3059564 -76.76923 -0.04266497 0.9990485 0.009040089 111.9568 0.3060575 0.004455985 0.9520026 -195.1711 0 0 0 1
228 1 0.9510565 0.04338395 -0.3059564 -77.30196 -0.04266497 0.9990485 0.009040089 111.9568 0.3060575 0.004455985 0.9520026 -195.1711 0 0 0 1
229 0 0.9509215 0.04500537 -0.3061417 -76.80742 -0.04418411 0.9989771 0.009615527 112.0789 0.3062613 0.004382987 0.9519374 -195.6582 0 0 0 1
229 1 0.9509215 0.04500537 -0.3061417 -77.34015 -0.04418411 0.9989771 0.009615527 112.079 0.3062613 0.004382987 0.9519374 -195.6582 0 0 0 1
230 0 0.9508493 0.04476563 -0.3064011 -77.04025 -0.04391466 0.9989884 0.009673997 112.0472 0.3065242 0.004256988 0.9518533 -196.1642 0 0 0 1
230 1 0.9508493 0.04476563 -0.3064011 -77.57298 -0.04391466 0.9989884 0.009673997 112.0472 0.3065242 0.004256988 0.9518533 -196.1642 0 0 0 1
231 0 0.9507242 0.04401834 -0.3068971 -77.30939 -0.04325537 0.9990209 0.009290775 112.0365 0.3070056 0.004441985 0.9516973 -196.7025 0 0 0 1
231 1 0.9507242 0.04401834 -0.3068971 -77.8421 -0.04325537 0.9990209 0.009290775 112.0365 0.3070056 0.004441985 0.9516973 -196.7025 0 0 0 1
232 0 0.9506636 0.04287234 -0.307247 -77.62695 -0.04231231 0.9990684 0.008487068 112.0548 0.3073246 0.00493198 0.951592 -197.1484 0 0 0 1
232 1 0.9506636 0.04287234 -0.307247 -78.15967 -0.04231231 0.9990684 0.008487068 112.0548 0.3073246 0.00493198 0.951592 -197.1485 0 0 0 1
233 0 0.9505337 0.04332287 -0.3075856 -77.7968 -0.04279611 0.999048 0.008461021 112.1394 0.3076593 0.005120978 0.9514828 -197.6772 0 0 0 1
233 1 0.9505337 0.04332287 -0.3075856 -78.32954 -0.04279611 0.999048 0.008461021 112.1394 0.3076593 0.005120978 0.9514828 -197.6772 0 0 0 1
234 0 0.95057 0.04360366 -0.3074335 -78.05962 -0.04298396 0.9990371 0.008790227 112.1246 0.3075207 0.004858981 0.951529 -198.1747 0 0 0 1
234 1 0.95057 0.04360366 -0.3074335 -78.59235 -0.04298396 0.9990371 0.008790227 112.1246 0.3075207 0.004858981 0.951529 -198.1748 0 0 0 1
235 0 0.9504834 0.04361077 -0.3077003 -78.27373 -0.04280339 0.9990395 0.009375894 112.0177 0.3078137 0.004258987 0.9514371 -198.7511 0 0 0 1
235 1 0.9504834 0.04361077 -0.3077003 -78.80646 -0.04280339 0.9990395 0.009375894 112.0176 0.3078137 0.004258987 0.9514371 -198.7511 0 0 0 1
236 0 0.9504636 0.04280755 -0.307874 -78.62634 -0.04199385 0.9990749 0.009271082 111.94 0.3079861 0.004116989 0.951382 -199.3237 0 0 0 1
236 1 0.9504636 0.04280755 -0.307874 -79.15906 -0.04199385 0.9990749 0.009271082 111.94 0.3079861 0.004116989 0.951382 -199.3237 0 0 0 1
237 0 0.9504272 0.04247393 -0.3080328 -78.90605 -0.04154264 0.9990908 0.00958359 111.8403 0.3081598 0.003687992 0.9513274 -199.8842 0 0 0 1
237 1 0.9504272 0.04247393 -0.3080328 -79.43878 -0.04154264 0.9990908 0.00958359 111.8403 0.3081598 0.003687992 0.9513274 -199.8842 0 0 0 1
238 0 0.9502988 0.04305454 -0.308348 -79.08208 -0.04175232 0.9990694 0.01082317 111.6781 0.3085271 0.002588997 0.951212 -200.5909 0 0 0 1
238 1 0.9502988 0.04305454 -0.308348 -79.61479 -0.04175232 0.9990694 0.01082317 111.6781 0.3085271 0.002588997 0.951212 -200.5909 0 0 0 1
239 0 0.9500307 0.04345924 -0.3091163 -79.16519 -0.04188808 0.9990535 0.01172098 111.5609 0.3093332 0.001813 0.950952 -201.2626 0 0 0 1
239 1 0.9500307 0.04345924 -0.3091163 -79.69792 -0.04188808 0.9990535 0.01172098 111.5609 0.3093332 0.001813 0.950952 -201.2626 0 0 0 1
240 0 0.9497988 0.042681 -0.3099363 -79.37889 -0.04097617 0.9990879 0.01201202 111.4003 0.3101663 0.001291 0.9506814 -201.9186 0 0 0 1
240 1 0.9497988 0.042681 -0.3099363 -79.91161 -0.04097617 0.9990879 0.01201202 111.4003 0.3101663 0.001291 0.9506814 -201.9186 0 0 0 1
241 0 0.9495131 0.04211653 -0.3108875 -79.57916 -0.04021725 0.9991125 0.01252014 111.2249 0.3111389 0.0006150012 0.9503642 -202.6666 0 0 0 1
241 1 0.9495131 0.04211653 -0.3108875 -80.1119 -0.04021725 0.9991125 0.01252014 111.2249 0.3111389 0.0006150012 0.9503642 -202.6665 0 0 0 1
242 0 0.9492941 0.0424932 -0.3115043 -79.71986 -0.04038812 0.9990968 0.01320884 111.1465 0.3117842 4.199939E-05 0.9501529 -203.3294 0 0 0 1
242 1 0.9492941 0.0424932 -0.3115043 -80.25257 -0.04038812 0.9990968 0.01320884 111.1465 0.3117842 4.199939E-05 0.9501529 -203.3294 0 0 0 1
243 0 0.9489712 0.04286087 -0.3124366 -79.82959 -0.04080066 0.999081 0.01313171 111.2321 0.3127123 0.0002859998 0.9498479 -203.9986 0 0 0 1
243 1 0.9489712 0.04286087 -0.3124366 -80.36233 -0.04080066 0.999081 0.01313171 111.2321 0.3127123 0.0002859998 0.9498479 -203.9986 0 0 0 1
244 0 0.9487249 0.04243722 -0.3132413 -80.02836 -0.04068476 0.9990984 0.01213223 111.399 0.3134738 0.001234 0.949596 -204.5327 0 0 0 1
244 1 0.9487249 0.04243722 -0.3132413 -80.5611 -0.04068476 0.9990984 0.01213223 111.399 0.3134738 0.001234 0.949596 -204.5327 0 0 0 1
245 0 0.948405 0.04206344 -0.3142588 -80.17705 -0.04075697 0.9991115 0.01072985 111.6614 0.3144309 0.002631997 0.9492767 -205.0428 0 0 0 1
245 1 0.948405 0.04206344 -0.3142588 -80.70977 -0.04075697 0.9991115 0.01072985 111.6614 0.3144309 0.002631997 0.9492767 -205.0428 0 0 0 1
246 0 0.94801 0.04220789 -0.3154291 -80.26988 -0.04167223 0.9990956 0.00844575 112.1954 0.3155003 0.005137976 0.9489115 -205.5044 0 0 0 1
246 1 0.94801 0.04220789 -0.3154291 -80.80261 -0.04167223 0.9990956 0.00844575 112.1954 0.3155003 0.005137976 0.9489115 -205.5044 0 0 0 1
247 0 0.9476928 0.04307755 -0.3162638 -80.31749 -0.0431393 0.9990458 0.006809654 112.6981 0.3162554 0.007189939 0.9486468 -205.9318 0 0 0 1
247 1 0.9476928 0.04307755 -0.3162638 -80.8502 -0.0431393 0.9990458 0.006809654 112.698 0.3162554 0.007189939 0.9486468 -205.9318 0 0 0 1
248 0 0.9473271 0.04361754 -0.3172835 -80.39395 -0.04409616 0.9990112 0.005676063 113.0471 0.3172173 0.008613893 0.9483138 -206.4969 0 0 0 1
248 1 0.9473271 0.04361754 -0.3172835 -80.92668 -0.04409616 0.9990112 0.005676063 113.0471 0.3172173 0.008613893 0.9483138 -206.4969 0 0 0 1
249 0 0.9470519 0.04314175 -0.3181689 -80.57433 -0.04385345 0.9990258 0.004928912 113.1591 0.3180716 0.009284867 0.9480212 -207.086 0 0 0 1
249 1 0.9470519 0.04314175 -0.3181689 -81.10706 -0.04385345 0.9990258 0.004928912 113.1591 0.3180716 0.009284867 0.9480212 -207.086 0 0 0 1
250 0 0.9467881 0.04293192 -0.3189816 -80.74242 -0.04367333 0.9990342 0.004831203 113.1694 0.3188809 0.009356862 0.9477486 -207.7288 0 0 0 1
250 1 0.9467881 0.04293192 -0.3189816 -81.27515 -0.04367333 0.9990342 0.004831203 113.1694 0.3188809 0.009356862 0.9477486 -207.7288 0 0 0 1
251 0 0.9464752 0.04355143 -0.3198249 -80.84244 -0.04416856 0.9990099 0.005327482 113.1766 0.3197403 0.009083875 0.9474617 -208.4665 0 0 0 1
251 1 0.9464752 0.04355143 -0.3198249 -81.37517 -0.04416856 0.9990099 0.005327482 113.1766 0.3197403 0.009083875 0.9474617 -208.4665 0 0 0 1
252 0 0.9462385 0.04257946 -0.3206552 -81.091 -0.04316118 0.9990541 0.005296731 113.056 0.3205774 0.008827885 0.9471812 -209.1395 0 0 0 1
252 1 0.9462385 0.04257946 -0.3206552 -81.62373 -0.04316118 0.9990541 0.005296731 113.056 0.3205774 0.008827885 0.9471812 -209.1395 0 0 0 1
253 0 0.9459172 0.04177516 -0.321707 -81.30027 -0.04244239 0.9990867 0.004942434 113.0337 0.3216197 0.00897888 0.9468263 -209.8435 0 0 0 1
253 1 0.9459172 0.04177516 -0.321707 -81.83299 -0.04244239 0.9990867 0.004942434 113.0337 0.3216197 0.00897888 0.9468263 -209.8435 0 0 0 1
254 0 0.9456366 0.04109175 -0.3226189 -81.49461 -0.04181146 0.9991145 0.004701897 113.0022 0.3225264 0.009042877 0.9465173 -210.486 0 0 0 1
254 1 0.9456366 0.04109175 -0.3226189 -82.02733 -0.04181146 0.9991145 0.004701897 113.0022 0.3225264 0.009042877 0.9465173 -210.486 0 0 0 1
255 0 0.9453118 0.04200385 -0.323452 -81.52396 -0.04273049 0.9990748 0.004858069 113.1272 0.3233568 0.00922887 0.9462321 -211.1031 0 0 0 1
255 1 0.9453118 0.04200385 -0.323452 -82.05667 -0.04273049 0.9990748 0.004858069 113.1272 0.3233568 0.00922887 0.9462321 -211.103 0 0 0 1
256 0 0.9449915 0.04218933 -0.3243626 -81.64824 -0.04317448 0.9990589 0.004162325 113.3334 0.324233 0.01007083 0.9459236 -211.7074 0 0 0 1
256 1 0.9449915 0.04218933 -0.3243626 -82.18095 -0.04317448 0.9990589 0.004162325 113.3334 0.324233 0.01007083 0.9459236 -211.7074 0 0 0 1
257 0 0.944608 0.04263445 -0.3254198 -81.67534 -0.04392501 0.9990291 0.003383728 113.5979 0.3252481 0.01109777 0.9455636 -212.2446 0 0 0 1
257 1 0.944608 0.04263445 -0.3254198 -82.20805 -0.04392501 0.9990291 0.003383728 113.5979 0.3252481 0.01109777 0.9455636 -212.2446 0 0 0 1
258 0 0.9444191 0.04178721 -0.3260771 -81.96741 -0.04315373 0.9990638 0.003044916 113.5652 0.3258991 0.01119577 0.9453382 -212.9068 0 0 0 1
258 1 0.9444191 0.04178721 -0.3260771 -82.50014 -0.04315373 0.9990638 0.003044916 113.5652 0.3258991 0.01119577 0.9453382 -212.9068 0 0 0 1
259 0 0.9441645 0.04250526 -0.3267213 -82.0527 -0.0440038 0.9990274 0.002806977 113.7515 0.3265229 0.01172673 0.9451166 -213.4601 0 0 0 1
259 1 0.9441645 0.04250526 -0.3267213 -82.58543 -0.0440038 0.9990274 0.002806977 113.7515 0.3265229 0.01172673 0.9451166 -213.4601 0 0 0 1
260 0 0.9438998 0.0438053 -0.3273137 -82.08101 -0.04563081 0.9989561 0.002103981 114.135 0.3270642 0.01294964 0.9449134 -213.9291 0 0 0 1
260 1 0.9438998 0.0438053 -0.3273137 -82.61374 -0.04563081 0.9989561 0.002103981 114.135 0.3270642 0.01294964 0.9449134 -213.9291 0 0 0 1
261 0 0.9436553 0.04595393 -0.3277239 -82.14372 -0.04767616 0.998859 0.002781713 114.346 0.3274778 0.01299964 0.9447694 -214.6734 0 0 0 1
261 1 0.9436553 0.04595393 -0.3277239 -82.67645 -0.04767616 0.998859 0.002781713 114.346 0.3274778 0.01299964 0.9447694 -214.6734 0 0 0 1
262 0 0.9435412 0.04605094 -0.3280386 -82.30569 -0.04769369 0.9988574 0.003040371 114.32 0.3278038 0.01277665 0.9446595 -215.1653 0 0 0 1
262 1 0.9435412 0.04605094 -0.3280386 -82.83842 -0.04769369 0.9988574 0.003040371 114.32 0.3278038 0.01277665 0.9446595 -215.1654 0 0 0 1
263 0 0.9434173 0.04530725 -0.3284982 -82.6219 -0.04671378 0.9989018 0.003613117 114.0958 0.3283012 0.01193672 0.9444977 -215.9012 0 0 0 1
263 1 0.9434173 0.04530725 -0.3284982 -83.15462 -0.04671378 0.9989018 0.003613117 114.0958 0.3283012 0.01193672 0.9444977 -215.9012 0 0 0 1
264 0 0.9433737 0.04497445 -0.3286691 -82.92508 -0.04585 0.9989353 0.005089879 113.7251 0.3285481 0.01026782 0.9444314 -216.6496 0 0 0 1
264 1 0.9433737 0.04497445 -0.3286691 -83.45781 -0.04585 0.9989353 0.005089879 113.7251 0.3285481 0.01026782 0.9444314 -216.6496 0 0 0 1
265 0 0.9432557 0.04623075 -0.3288334 -83.04819 -0.04653189 0.9988925 0.006958186 113.5145 0.3287909 0.008737889 0.9443623 -217.3726 0 0 0 1
265 1 0.9432557 0.04623075 -0.3288334 -83.58093 -0.04653189 0.9988925 0.006958186 113.5145 0.3287909 0.008737889 0.9443623 -217.3726 0 0 0 1
266 0 0.9431393 0.04680718 -0.3290856 -83.257 -0.04701629 0.9988673 0.007327108 113.5421 0.3290558 0.008561896 0.9442717 -217.9995 0 0 0 1
266 1 0.9431393 0.04680718 -0.3290856 -83.78974 -0.04701629 0.9988673 0.007327108 113.5421 0.3290558 0.008561896 0.9442717 -217.9995 0 0 0 1
267 0 0.943032 0.04648314 -0.329439 -83.50803 -0.04702155 0.9988738 0.006337938 113.7381 0.3293626 0.009513856 0.9441556 -218.4463 0 0 0 1
267 1 0.943032 0.04648314 -0.329439 -84.04075 -0.04702155 0.9988738 0.006337938 113.7381 0.3293626 0.009513856 0.9441556 -218.4463 0 0 0 1
268 0 0.942852 0.0463113 -0.3299778 -83.7177 -0.04754817 0.9988596 0.004326346 114.198 0.3298019 0.01161074 0.9439788 -218.8204 0 0 0 1
268 1 0.942852 0.0463113 -0.3299778 -84.2504 -0.04754817 0.9988596 0.004326346 114.198 0.3298019 0.01161074 0.9439788 -218.8204 0 0 0 1
269 0 0.9427905 0.04640731 -0.3301399 -83.94627 -0.04814569 0.9988361 0.002913896 114.5604 0.3298909 0.01314762 0.9439275 -219.1525 0 0 0 1
269 1 0.9427905 0.04640731 -0.3301399 -84.47899 -0.04814569 0.9988361 0.002913896 114.5604 0.3298909 0.01314762 0.9439275 -219.1525 0 0 0 1
270 0 0.9427478 0.04608579 -0.330307 -84.23761 -0.04778587 0.9988531 0.00297574 114.515 0.3300654 0.01297864 0.9438689 -219.7097 0 0 0 1
270 1 0.9427478 0.04608579 -0.330307 -84.77035 -0.04778587 0.9988531 0.00297574 114.515 0.3300654 0.01297864 0.9438689 -219.7097 0 0 0 1
271 0 0.9427865 0.04528057 -0.3303079 -84.5858 -0.04709494 0.9988872 0.002511928 114.5107 0.3300541 0.01318762 0.9438699 -220.1424 0 0 0 1
271 1 0.9427865 0.04528057 -0.3303079 -85.11853 -0.04709494 0.9988872 0.002511928 114.5107 0.3300541 0.01318762 0.9438699 -220.1424 0 0 0 1
272 0 0.9430416 0.04430935 -0.3297108 -85.08372 -0.04633892 0.9989243 0.00170498 114.5572 0.3294317 0.01367057 0.9440805 -220.4685 0 0 0 1
272 1 0.9430416 0.04430935 -0.3297108 -85.61644 -0.04633892 0.9989243 0.00170498 114.5572 0.3294317 0.01367057 0.9440805 -220.4684 0 0 0 1
273 0 0.9434748 0.04346898 -0.3285815 -85.70322 -0.04568559 0.9989554 0.0009750132 114.6062 0.3282806 0.01409153 0.9444751 -220.7764 0 0 0 1
273 1 0.9434748 0.04346898 -0.3285815 -86.23593 -0.04568559 0.9989554 0.0009750132 114.6062 0.3282806 0.01409153 0.9444751 -220.7764 0 0 0 1
274 0 0.9437657 0.04332196 -0.3277645 -86.1364 -0.04563864 0.9989578 0.000624327 114.6777 0.3274499 0.01436951 0.9447592 -221.0668 0 0 0 1
274 1 0.9437657 0.04332196 -0.3277645 -86.66911 -0.04563864 0.9989578 0.000624327 114.6777 0.3274499 0.01436951 0.9447592 -221.0668 0 0 0 1
275 0 0.9439946 0.04397216 -0.3270178 -86.47298 -0.04679896 0.998904 -0.0007767188 115.1264 0.3266253 0.01603731 0.9450178 -221.2209 0 0 0 1
275 1 0.9439946 0.04397216 -0.3270178 -87.00569 -0.04679896 0.998904 -0.0007767188 115.1264 0.3266253 0.01603731 0.9450178 -221.2209 0 0 0 1
276 0 0.9442776 0.04413312 -0.3261781 -86.85646 -0.04733029 0.9988775 -0.001868147 115.4207 0.3257295 0.01720215 0.9453065 -221.364 0 0 0 1
276 1 0.9442776 0.04413312 -0.3261781 -87.38919 -0.04733029 0.9988775 -0.001868147 115.4207 0.3257295 0.01720215 0.9453065 -221.364 0 0 0 1
277 0 0.9444309 0.0445267 -0.3256801 -87.12246 -0.04769329 0.9988605 -0.001741156 115.4683 0.3252315 0.01717716 0.9454784 -221.6596 0 0 0 1
277 1 0.9444309 0.0445267 -0.3256801 -87.6552 -0.04769329 0.9988605 -0.001741156 115.4683 0.3252315 0.01717716 0.9454784 -221.6596 0 0 0 1
278 0 0.9446695 0.04352136 -0.3251235 -87.56985 -0.04694136 0.998894 -0.002678524 115.5369 0.3246474 0.01779206 0.9456677 -221.8928 0 0 0 1
278 1 0.9446695 0.04352136 -0.3251235 -88.10258 -0.04694136 0.998894 -0.002678524 115.5369 0.3246474 0.01779206 0.9456677 -221.8928 0 0 0 1
279 0 0.9448435 0.04302901 -0.3246832 -87.90355 -0.04683881 0.9988948 -0.003923504 115.76 0.3241556 0.01891487 0.9458147 -222.028 0 0 0 1
279 1 0.9448435 0.04302901 -0.3246832 -88.43629 -0.04683881 0.9988948 -0.003923504 115.76 0.3241556 0.01891487 0.9458147 -222.028 0 0 0 1
280 0 0.9450765 0.043268 -0.3239726 -88.22517 -0.04735266 0.998867 -0.004731623 116.0005 0.3234008 0.01981271 0.9460546 -222.1689 0 0 0 1
280 1 0.9450765 0.043268 -0.3239726 -88.7579 -0.04735266 0.998867 -0.004731623 116.0005 0.3234008 0.01981271 0.9460546 -222.1689 0 0 0 1
281 0 0.9452613 0.04367908 -0.3233778 -88.47437 -0.0478996 0.9988391 -0.005100112 116.1648 0.3227797 0.0203106 0.9462562 -222.3204 0 0 0 1
281 1 0.9452613 0.04367908 -0.3233778 -89.0071 -0.0478996 0.9988391 -0.005100112 116.1648 0.3227797 0.0203106 0.9462562 -222.3205 0 0 0 1
282 0 0.9454128 0.04380522 -0.3229176 -88.71459 -0.04790939 0.9988403 -0.004768168 116.1174 0.3223342 0.01997867 0.9464151 -222.5662 0 0 0 1
282 1 0.9454128 0.04380522 -0.3229176 -89.24731 -0.04790939 0.9988403 -0.004768168 116.1174 0.3223342 0.01997867 0.9464151 -222.5662 0 0 0 1
283 0 0.9456671 0.04315483 -0.3222597 -89.09325 -0.04655738 0.9989116 -0.002854609 115.569 0.3217857 0.01770308 0.946647 -223.0343 0 0 0 1
283 1 0.9456671 0.04315483 -0.3222597 -89.62596 -0.04655738 0.9989116 -0.002854609 115.569 0.3217857 0.01770308 0.946647 -223.0343 0 0 0 1
284 0 0.9459555 0.04302907 -0.3214293 -89.43607 -0.04546858 0.9989657 -8.302834E-05 114.9017 0.3210933 0.01469347 0.9469336 -223.5357 0 0 0 1
284 1 0.9459555 0.04302907 -0.3214293 -89.9688 -0.04546858 0.9989657 -8.302834E-05 114.9017 0.3210933 0.01469347 0.9469336 -223.5358 0 0 0 1
285 0 0.9462968 0.04278051 -0.3204564 -89.83826 -0.04458025 0.9990043 0.001721831 114.4415 0.320211 0.01265666 0.9472617 -223.9326 0 0 0 1
285 1 0.9462968 0.04278051 -0.3204564 -90.37099 -0.04458025 0.9990043 0.001721831 114.4415 0.320211 0.01265666 0.9472617 -223.9326 0 0 0 1
286 0 0.9465266 0.04300365 -0.319747 -90.11095 -0.04457643 0.9990031 0.002401903 114.3246 0.3195315 0.01197972 0.9474999 -224.1743 0 0 0 1
286 1 0.9465266 0.04300365 -0.319747 -90.64368 -0.04457643 0.9990031 0.002401903 114.3246 0.3195315 0.01197972 0.9474999 -224.1743 0 0 0 1
287 0 0.9467844 0.04323456 -0.3189516 -90.40189 -0.04470475 0.9989966 0.002713311 114.2959 0.3187489 0.01168974 0.9477671 -224.3631 0 0 0 1
287 1 0.9467844 0.04323456 -0.3189516 -90.93461 -0.04470475 0.9989966 0.002713311 114.2959 0.3187489 0.01168974 0.9477671 -224.3631 0 0 0 1
288 0 0.9469079 0.04384102 -0.3185019 -90.57738 -0.04523596 0.9989718 0.003019297 114.3323 0.3183068 0.01154874 0.9479174 -224.5935 0 0 0 1
288 1 0.9469079 0.04384102 -0.3185019 -91.1101 -0.04523596 0.9989718 0.003019297 114.3323 0.3183068 0.01154874 0.9479174 -224.5935 0 0 0 1
289 0 0.9470323 0.04433057 -0.3180638 -90.75102 -0.04566518 0.9989515 0.003262494 114.3634 0.3178749 0.01143475 0.9480637 -224.7937 0 0 0 1
289 1 0.9470323 0.04433057 -0.3180638 -91.28375 -0.04566518 0.9989515 0.003262494 114.3634 0.3178749 0.01143475 0.9480637 -224.7937 0 0 0 1
290 0 0.9470344 0.04389636 -0.3181178 -90.92145 -0.04503251 0.9989784 0.003785337 114.1759 0.3179589 0.0107408 0.9480436 -225.1305 0 0 0 1
290 1 0.9470344 0.04389636 -0.3181178 -91.45415 -0.04503251 0.9989784 0.003785337 114.1759 0.3179589 0.0107408 0.9480436 -225.1305 0 0 0 1
291 0 0.9471269 0.04261195 -0.318017 -91.21497 -0.04359731 0.9990411 0.004021481 113.9129 0.3178834 0.01005583 0.9480765 -225.4261 0 0 0 1
291 1 0.9471269 0.04261195 -0.318017 -91.7477 -0.04359731 0.9990411 0.004021481 113.9129 0.3178834 0.01005583 0.9480765 -225.4261 0 0 0 1
292 0 0.9471988 0.04213145 -0.317867 -91.44119 -0.04310169 0.9990628 0.003983078 113.8497 0.3177368 0.009927837 0.948127 -225.6745 0 0 0 1
292 1 0.9471988 0.04213145 -0.317867 -91.97392 -0.04310169 0.9990628 0.003983078 113.8497 0.3177368 0.009927837 0.948127 -225.6745 0 0 0 1
293 0 0.9470896 0.04253394 -0.3181387 -91.45328 -0.04357663 0.9990427 0.003841864 113.9586 0.3179975 0.01022482 0.9480364 -225.891 0 0 0 1
293 1 0.9470896 0.04253394 -0.3181387 -91.98599 -0.04357663 0.9990427 0.003841864 113.9587 0.3179975 0.01022482 0.9480364 -225.891 0 0 0 1
294 0 0.9469664 0.04315125 -0.318422 -91.43634 -0.04422497 0.9990141 0.003860109 114.0657 0.3182746 0.01042681 0.9479412 -226.1154 0 0 0 1
294 1 0.9469664 0.04315125 -0.318422 -91.96907 -0.04422497 0.9990141 0.003860109 114.0657 0.3182746 0.01042681 0.9479412 -226.1154 0 0 0 1
295 0 0.9469348 0.04248684 -0.3186053 -91.60271 -0.04363878 0.9990411 0.003524787 114.0429 0.3184496 0.0105658 0.9478809 -226.3572 0 0 0 1
295 1 0.9469348 0.04248684 -0.3186053 -92.13542 -0.04363878 0.9990411 0.003524787 114.0429 0.3184496 0.0105658 0.9478809 -226.3572 0 0 0 1
296 0 0.9469172 0.04135606 -0.3188064 -91.80484 -0.04243812 0.9990928 0.003554393 113.8535 0.3186642 0.01016383 0.9478132 -226.6394 0 0 0 1
296 1 0.9469172 0.04135606 -0.3188064 -92.33755 -0.04243812 0.9990928 0.003554393 113.8535 0.3186642 0.01016383 0.9478132 -226.6394 0 0 0 1
297 0 0.9468795 0.0402921 -0.3190546 -92.00109 -0.0413593 0.9991384 0.003432365 113.7119 0.318918 0.009945836 0.9477301 -226.927 0 0 0 1
297 1 0.9468795 0.0402921 -0.3190546 -92.53381 -0.0413593 0.9991384 0.003432365 113.7119 0.318918 0.009945836 0.9477301 -226.927 0 0 0 1
298 0 0.9468018 0.0412095 -0.3191679 -91.99265 -0.0420603 0.9991061 0.004229435 113.6829 0.319057 0.009419862 0.9476887 -227.2121 0 0 0 1
298 1 0.9468018 0.0412095 -0.3191679 -92.52536 -0.0420603 0.9991061 0.004229435 113.6829 0.319057 0.009419862 0.9476887 -227.2121 0 0 0 1
299 0 0.9467169 0.04223083 -0.3192862 -91.97043 -0.04281287 0.9990696 0.005198671 113.63 0.3192087 0.00874789 0.9476441 -227.5139 0 0 0 1
299 1 0.9467169 0.04223083 -0.3192862 -92.50314 -0.04281287 0.9990696 0.005198671 113.63 0.3192087 0.00874789 0.9476441 -227.5138 0 0 0 1
300 0 0.9465485 0.04225574 -0.3197819 -91.98179 -0.04288527 0.9990671 0.005076389 113.6721 0.3196981 0.008908882 0.9474776 -227.7788 0 0 0 1
300 1 0.9465485 0.04225574 -0.3197819 -92.51453 -0.04288527 0.9990671 0.005076389 113.6721 0.3196981 0.008908882 0.9474776 -227.7788 0 0 0 1
301 0 0.9464272 0.04152643 -0.320236 -92.07496 -0.04216828 0.9990984 0.004933199 113.5907 0.3201521 0.008834885 0.9473249 -228.0436 0 0 0 1
301 1 0.9464272 0.04152643 -0.320236 -92.60768 -0.04216828 0.9990984 0.004933199 113.5907 0.3201521 0.008834885 0.9473249 -228.0436 0 0 0 1
302 0 0.9463643 0.04115375 -0.3204698 -92.19057 -0.04183041 0.9991133 0.004775641 113.5733 0.3203821 0.008885886 0.9472467 -228.2944 0 0 0 1
302 1 0.9463643 0.04115375 -0.3204698 -92.7233 -0.04183041 0.9991133 0.004775641 113.5733 0.3203821 0.008885886 0.9472467 -228.2944 0 0 0 1
303 0 0.9462671 0.04129366 -0.3207388 -92.2272 -0.04193813 0.9991082 0.004901677 113.5738 0.3206551 0.008812886 0.947155 -228.5391 0 0 0 1
303 1 0.9462671 0.04129366 -0.3207388 -92.75993 -0.04193813 0.9991082 0.004901677 113.5738 0.3206551 0.008812886 0.947155 -228.539 0 0 0 1
304 0 0.946166 0.04139048 -0.3210246 -92.26445 -0.04210221 0.9991021 0.004727468 113.6395 0.3209321 0.009042878 0.947059 -228.7493 0 0 0 1
304 1 0.946166 0.04139048 -0.3210246 -92.79718 -0.04210221 0.9991021 0.004727468 113.6395 0.3209321 0.009042878 0.947059 -228.7492 0 0 0 1
305 0 0.9460745 0.04148431 -0.3212818 -92.31938 -0.04226981 0.999096 0.004533105 113.7102 0.3211794 0.009291868 0.9469728 -228.9739 0 0 0 1
305 1 0.9460745 0.04148431 -0.3212818 -92.8521 -0.04226981 0.999096 0.004533105 113.7102 0.3211794 0.009291868 0.9469728 -228.9739 0 0 0 1
306 0 0.9459566 0.041812 -0.3215863 -92.32456 -0.04258988 0.999082 0.004619083 113.7525 0.3214842 0.009326867 0.946869 -229.2061 0 0 0 1
306 1 0.9459566 0.041812 -0.3215863 -92.85728 -0.04258988 0.999082 0.004619083 113.7525 0.3214842 0.009326867 0.946869 -229.2061 0 0 0 1
307 0 0.9459425 0.04087682 -0.3217483 -92.51834 -0.04171047 0.9991205 0.00430513 113.6767 0.3216413 0.009347865 0.9468154 -229.4472 0 0 0 1
307 1 0.9459425 0.04087682 -0.3217483 -93.05106 -0.04171047 0.9991205 0.00430513 113.6767 0.3216413 0.009347865 0.9468154 -229.4472 0 0 0 1
308 0 0.9460088 0.04012981 -0.3216472 -92.7421 -0.04069761 0.9991592 0.004961234 113.3962 0.3215758 0.0083969 0.9468466 -229.7489 0 0 0 1
308 1 0.9460088 0.04012981 -0.3216472 -93.27483 -0.04069761 0.9991592 0.004961234 113.3963 0.3215758 0.0083969 0.9468466 -229.7489 0 0 0 1
309 0 0.9459808 0.03986025 -0.3217629 -92.85918 -0.04021515 0.9991757 0.005546432 113.2144 0.3217188 0.007692924 0.946804 -230.0425 0 0 0 1
309 1 0.9459808 0.03986025 -0.3217629 -93.39191 -0.04021515 0.9991757 0.005546432 113.2144 0.3217188 0.007692924 0.946804 -230.0425 0 0 0 1
310 0 0.9458384 0.04037388 -0.3221175 -92.83969 -0.04065124 0.9991562 0.005868387 113.2313 0.3220827 0.007543929 0.9466815 -230.3164 0 0 0 1
310 1 0.9458384 0.04037388 -0.3221175 -93.37242 -0.04065124 0.9991562 0.005868387 113.2313 0.3220827 0.007543929 0.9466815 -230.3164 0 0 0 1
311 0 0.9457872 0.0404009 -0.3222645 -92.91342 -0.04062366 0.9991563 0.006036906 113.2012 0.3222365 0.007381934 0.9466304 -230.5498 0 0 0 1
311 1 0.9457872 0.0404009 -0.3222645 -93.44615 -0.04062366 0.9991563 0.006036906 113.2012 0.3222365 0.007381934 0.9466304 -230.5498 0 0 0 1
312 0 0.9458014 0.03997032 -0.3222762 -93.08215 -0.04014958 0.9991751 0.00609358 113.12 0.3222539 0.00717594 0.9466261 -230.795 0 0 0 1
312 1 0.9458014 0.03997032 -0.3222762 -93.61487 -0.04014958 0.9991751 0.00609358 113.12 0.3222539 0.00717594 0.9466261 -230.795 0 0 0 1
313 0 0.9457615 0.03930688 -0.322475 -93.22004 -0.03949616 0.999202 0.005958781 113.0449 0.3224519 0.007100941 0.9465592 -231.0247 0 0 0 1
313 1 0.9457615 0.03930688 -0.322475 -93.75276 -0.03949616 0.999202 0.005958781 113.0449 0.3224519 0.007100941 0.9465592 -231.0247 0 0 0 1
314 0 0.9456506 0.03955168 -0.32277 -93.24235 -0.03972178 0.9991924 0.006062557 113.0685 0.3227492 0.00708794 0.946458 -231.2726 0 0 0 1
314 1 0.9456506 0.03955168 -0.32277 -93.77508 -0.03972178 0.9991924 0.006062557 113.0685 0.3227492 0.00708794 0.946458 -231.2726 0 0 0 1
315 0 0.9456139 0.03986843 -0.3228389 -93.29945 -0.04002788 0.9991797 0.00614798 113.108 0.3228192 0.007108941 0.946434 -231.4729 0 0 0 1
315 1 0.9456139 0.03986843 -0.3228389 -93.83219 -0.04002788 0.9991797 0.00614798 113.108 0.3228192 0.007108941 0.946434 -231.4729 0 0 0 1
316 0 0.9455962 0.04008432 -0.3228638 -93.37811 -0.04014898 0.9991728 0.006462279 113.0741 0.3228558 0.006851947 0.9464234 -231.6998 0 0 0 1
316 1 0.9455962 0.04008432 -0.3228638 -93.91083 -0.04014898 0.9991728 0.006462279 113.0741 0.3228558 0.006851947 0.9464234 -231.6998 0 0 0 1
317 0 0.9455706 0.03997555 -0.3229522 -93.49041 -0.03988222 0.9991805 0.006909155 112.9522 0.3229638 0.006346958 0.94639 -231.9774 0 0 0 1
317 1 0.9455706 0.03997555 -0.3229522 -94.02312 -0.03988222 0.9991805 0.006909155 112.9522 0.3229638 0.006346958 0.94639 -231.9773 0 0 0 1
318 0 0.9455178 0.03958583 -0.3231548 -93.59305 -0.03954012 0.9991955 0.006709153 112.9397 0.3231604 0.006433956 0.9463223 -232.1789 0 0 0 1
318 1 0.9455178 0.03958583 -0.3231548 -94.12577 -0.03954012 0.9991955 0.006709153 112.9397 0.3231604 0.006433956 0.9463223 -232.1789 0 0 0 1
319 0 0.9454441 0.03849144 -0.3235025 -93.74583 -0.03880652 0.9992317 0.005478987 113.0583 0.3234649 0.007373933 0.9462115 -232.3142 0 0 0 1
319 1 0.9454441 0.03849144 -0.3235025 -94.27857 -0.03880652 0.9992317 0.005478987 113.0583 0.3234649 0.007373933 0.9462115 -232.3143 0 0 0 1
320 0 0.9454296 0.0373698 -0.3236763 -93.92918 -0.03825924 0.9992613 0.003617114 113.3264 0.3235723 0.008963881 0.946161 -232.3329 0 0 0 1
320 1 0.9454296 0.0373698 -0.3236763 -94.46191 -0.03825924 0.9992613 0.003617114 113.3264 0.3235723 0.008963881 0.946161 -232.3329 0 0 0 1
321 0 0.9453616 0.03710143 -0.3239058 -93.99803 -0.03850925 0.9992561 0.002064358 113.6668 0.3237415 0.01052181 0.9460871 -232.3539 0 0 0 1
321 1 0.9453616 0.03710143 -0.3239058 -94.53076 -0.03850925 0.9992561 0.002064358 113.6668 0.3237415 0.01052181 0.9460871 -232.3539 0 0 0 1
322 0 0.9452618 0.03751973 -0.3241485 -93.99058 -0.03920366 0.9992303 0.001336201 113.9246 0.3239492 0.01144475 0.9460052 -232.4549 0 0 0 1
322 1 0.9452618 0.03751973 -0.3241485 -94.52332 -0.03920366 0.9992303 0.001336201 113.9246 0.3239492 0.01144475 0.9460052 -232.4549 0 0 0 1
323 0 0.9452354 0.03818892 -0.3241475 -94.00115 -0.04003996 0.9991976 0.0009597065 114.1385 0.3239241 0.01207171 0.9460061 -232.5353 0 0 0 1
323 1 0.9452354 0.03818892 -0.3241475 -94.53389 -0.04003996 0.9991976 0.0009597065 114.1385 0.3239241 0.01207171 0.9460061 -232.5353 0 0 0 1
324 0 0.9451162 0.03810969 -0.3245044 -94.00832 -0.04017299 0.9991927 0.0003413879 114.2828 0.3242554 0.01271366 0.9458842 -232.6546 0 0 0 1
324 1 0.9451162 0.03810969 -0.3245044 -94.54105 -0.04017299 0.9991927 0.0003413879 114.2828 0.3242554 0.01271366 0.9458842 -232.6547 0 0 0 1
325 0 0.9450713 0.03734806 -0.3247236 -94.11076 -0.03960679 0.9992153 -0.0003463863 114.3243 0.3244558 0.01318862 0.9458089 -232.7553 0 0 0 1
325 1 0.9450713 0.03734806 -0.3247236 -94.64348 -0.03960679 0.9992153 -0.0003463863 114.3243 0.3244558 0.01318862 0.9458089 -232.7553 0 0 0 1
326 0 0.94509 0.0368602 -0.3247249 -94.22768 -0.0392999 0.999227 -0.0009553819 114.3931 0.3244387 0.01366458 0.9458081 -232.8228 0 0 0 1
326 1 0.94509 0.0368602 -0.3247249 -94.7604 -0.0392999 0.999227 -0.0009553819 114.3931 0.3244387 0.01366458 0.9458081 -232.8228 0 0 0 1
327 0 0.945002 0.03705787 -0.3249582 -94.20786 -0.03959852 0.9992149 -0.001206005 114.4937 0.3246584 0.01400754 0.9457276 -232.9214 0 0 0 1
327 1 0.945002 0.03705787 -0.3249582 -94.74059 -0.03959852 0.9992149 -0.001206005 114.4937 0.3246584 0.01400754 0.9457276 -232.9214 0 0 0 1
328 0 0.9449649 0.03779845 -0.324981 -94.16702 -0.04019853 0.9991915 -0.000671783 114.4943 0.3246929 0.01369857 0.9457203 -233.0467 0 0 0 1
328 1 0.9449649 0.03779845 -0.324981 -94.69973 -0.04019853 0.9991915 -0.000671783 114.4943 0.3246929 0.01369857 0.9457203 -233.0467 0 0 0 1
329 0 0.9449557 0.03835941 -0.3249419 -94.15719 -0.04046001 0.9991811 0.0002926104 114.3571 0.324687 0.01287065 0.945734 -233.2193 0 0 0 1
329 1 0.9449557 0.03835941 -0.3249419 -94.68992 -0.04046001 0.9991811 0.0002926104 114.3571 0.324687 0.01287065 0.945734 -233.2193 0 0 0 1
330 0 0.9448917 0.0388612 -0.3250684 -94.10158 -0.04080187 0.9991669 0.0008474216 114.3103 0.3248306 0.01246268 0.9456901 -233.348 0 0 0 1
330 1 0.9448917 0.0388612 -0.3250684 -94.63431 -0.04080187 0.9991669 0.0008474216 114.3103 0.3248306 0.01246268 0.9456901 -233.348 0 0 0 1
331 0 0.9448374 0.03970655 -0.3251241 -94.02097 -0.04155052 0.9991356 0.001272582 114.3548 0.3248936 0.01230669 0.9456705 -233.4288 0 0 0 1
331 1 0.9448374 0.03970655 -0.3251241 -94.55371 -0.04155052 0.9991356 0.001272582 114.3548 0.3248936 0.01230669 0.9456705 -233.4288 0 0 0 1
332 0 0.9447694 0.04075756 -0.3251918 -93.9113 -0.04258591 0.9990917 0.001496564 114.4848 0.3249574 0.01243468 0.9456469 -233.4739 0 0 0 1
332 1 0.9447694 0.04075756 -0.3251918 -94.44402 -0.04258591 0.9990917 0.001496564 114.4848 0.3249574 0.01243468 0.9456469 -233.4739 0 0 0 1
333 0 0.944689 0.04128294 -0.325359 -93.82835 -0.04316801 0.9990668 0.001426332 114.5953 0.3251143 0.01269766 0.9455895 -233.4971 0 0 0 1
333 1 0.944689 0.04128294 -0.325359 -94.36108 -0.04316801 0.9990668 0.001426332 114.5953 0.3251143 0.01269766 0.9455895 -233.4971 0 0 0 1
334 0 0.944673 0.04139188 -0.3253915 -93.82135 -0.04324396 0.9990634 0.001541858 114.5868 0.3251505 0.01261467 0.9455781 -233.5397 0 0 0 1
334 1 0.944673 0.04139188 -0.3253915 -94.35406 -0.04324396 0.9990634 0.001541858 114.5868 0.3251505 0.01261467 0.9455781 -233.5398 0 0 0 1
335 0 0.9446519 0.04129297 -0.3254653 -93.82018 -0.04314999 0.9990675 0.001513951 114.5771 0.3252243 0.01261367 0.9455528 -233.5638 0 0 0 1
335 1 0.9446519 0.04129297 -0.3254653 -94.35289 -0.04314999 0.9990675 0.001513951 114.5771 0.3252243 0.01261367 0.9455528 -233.5638 0 0 0 1
336 0 0.944635 0.04135285 -0.3255068 -93.80305 -0.04324659 0.9990634 0.001418963 114.6112 0.3252606 0.01273665 0.9455386 -233.5607 0 0 0 1
336 1 0.944635 0.04135285 -0.3255068 -94.33577 -0.04324659 0.9990634 0.001418963 114.6112 0.3252606 0.01273665 0.9455386 -233.5607 0 0 0 1
337 0 0.9446582 0.04116552 -0.3254631 -93.83201 -0.04274921 0.9990832 0.002287137 114.3637 0.3252589 0.01175273 0.9455519 -233.6699 0 0 0 1
337 1 0.9446582 0.04116552 -0.3254631 -94.36475 -0.04274921 0.9990832 0.002287137 114.3638 0.3252589 0.01175273 0.9455519 -233.6699 0 0 0 1
338 0 0.9447062 0.04073576 -0.325378 -93.90025 -0.04171943 0.9991215 0.003956513 113.8758 0.3252533 0.009836842 0.9455758 -233.8837 0 0 0 1
338 1 0.9447062 0.04073576 -0.325378 -94.43297 -0.04171943 0.9991215 0.003956513 113.8758 0.3252533 0.009836842 0.9455758 -233.8837 0 0 0 1
