frame cameraID r1,1 r1,2 r1,3 t1 r2,1 r2,2 r2,3 t2 r3,1 r3,2 r3,3 t3 0 0 0 1
0 0 0.9467682 0.03758863 -0.319714 3.430627 -0.03930962 0.9992265 0.001071114 107.601 0.319507 0.01155374 0.9475135 0.2825675 0 0 0 1
0 1 0.9467682 0.03758863 -0.319714 2.897902 -0.03930962 0.9992265 0.001071114 107.601 0.319507 0.01155374 0.9475135 0.2825674 0 0 0 1
1 0 0.9463419 0.03708325 -0.3210326 2.93788 -0.03865161 0.9992517 0.001488517 107.6371 0.3208475 0.01099978 0.947067 -1.406382 0 0 0 1
1 1 0.9463419 0.03708325 -0.3210326 2.405155 -0.03865161 0.9992517 0.001488517 107.6371 0.3208475 0.01099978 0.947067 -1.406382 0 0 0 1
2 0 0.9458717 0.03695524 -0.32243 2.525335 -0.03861397 0.9992534 0.001252325 107.6694 0.3222355 0.01126576 0.9465925 -2.869918 0 0 0 1
2 1 0.9458717 0.03695524 -0.32243 1.99261 -0.03861397 0.9992534 0.001252325 107.6694 0.3222355 0.01126576 0.9465925 -2.869918 0 0 0 1
3 0 0.9453819 0.03651405 -0.3239134 2.083031 -0.03857678 0.9992557 5.273754E-05 107.7068 0.3236742 0.01244568 0.9460868 -4.232696 0 0 0 1
3 1 0.9453819 0.03651405 -0.3239134 1.550305 -0.03857678 0.9992557 5.273754E-05 107.7068 0.3236742 0.01244568 0.9460868 -4.232696 0 0 0 1
4 0 0.9446806 0.03573655 -0.326039 1.585915 -0.03789013 0.9992819 -0.0002551209 107.7444 0.3257957 0.01259467 0.9453563 -5.850657 0 0 0 1
4 1 0.9446806 0.03573655 -0.326039 1.05319 -0.03789013 0.9992819 -0.0002551209 107.7444 0.3257957 0.01259467 0.9453563 -5.850657 0 0 0 1
5 0 0.9438761 0.03505222 -0.3284343 1.141662 -0.03711226 0.9993111 -3.984198E-06 107.7742 0.3282079 0.0121927 0.9445268 -7.376603 0 0 0 1
5 1 0.9438761 0.03505222 -0.3284343 0.6089358 -0.03711226 0.9993111 -3.984198E-06 107.7742 0.3282079 0.0121927 0.9445268 -7.376604 0 0 0 1
6 0 0.942864 0.03441606 -0.3313956 0.6749229 -0.03694462 0.9993165 -0.001331376 107.8202 0.3311232 0.01349859 0.943491 -8.868997 0 0 0 1
6 1 0.942864 0.03441606 -0.3313956 0.1421981 -0.03694462 0.9993165 -0.001331376 107.8202 0.3311232 0.01349859 0.943491 -8.868998 0 0 0 1
7 0 0.9420574 0.03514098 -0.3336059 0.3877258 -0.03802358 0.9992746 -0.002113018 107.8647 0.3332896 0.01467547 0.9427103 -10.22346 0 0 0 1
7 1 0.9420574 0.03514098 -0.3336059 -0.1449995 -0.03802358 0.9992746 -0.002113018 107.8647 0.3332896 0.01467547 0.9427103 -10.22346 0 0 0 1
8 0 0.9414153 0.03578909 -0.3353451 0.08973503 -0.03889514 0.99924 -0.00254839 107.9082 0.334999 0.01544239 0.9420919 -11.62017 0 0 0 1
8 1 0.9414153 0.03578909 -0.3353451 -0.4429903 -0.03889514 0.99924 -0.00254839 107.9082 0.334999 0.01544239 0.9420919 -11.62017 0 0 0 1
9 0 0.9407378 0.03705196 -0.3371046 -0.1732597 -0.04016633 0.9991904 -0.002266416 107.951 0.3367477 0.01567236 0.9414645 -13.22301 0 0 0 1
9 1 0.9407378 0.03705196 -0.3371046 -0.7059851 -0.04016633 0.9991904 -0.002266416 107.951 0.3367477 0.01567236 0.9414645 -13.22301 0 0 0 1
10 0 0.9401234 0.03786232 -0.3387246 -0.4480534 -0.04092249 0.9991605 -0.001894334 107.9876 0.3383686 0.01564236 0.9408836 -14.70323 0 0 0 1
10 1 0.9401234 0.03786232 -0.3387246 -0.9807787 -0.04092249 0.9991605 -0.001894334 107.9876 0.3383686 0.01564236 0.9408836 -14.70323 0 0 0 1
11 0 0.9395092 0.03847042 -0.3403566 -0.7409277 -0.04170337 0.9991276 -0.002185473 108.0346 0.3399756 0.01624729 0.9402939 -16.11594 0 0 0 1
11 1 0.9395092 0.03847042 -0.3403566 -1.273653 -0.04170337 0.9991276 -0.002185473 108.0346 0.3399756 0.01624729 0.9402939 -16.11594 0 0 0 1
12 0 0.9389192 0.03862062 -0.3419637 -1.122473 -0.04106802 0.9991564 8.331146E-05 108.0356 0.3416784 0.01396555 0.9397132 -17.98051 0 0 0 1
12 1 0.9389192 0.03862062 -0.3419637 -1.655198 -0.04106802 0.9991564 8.331146E-05 108.0356 0.3416784 0.01396555 0.9397132 -17.98051 0 0 0 1
13 0 0.9383837 0.03761756 -0.3435418 -1.590952 -0.04005607 0.9991974 -1.739245E-06 108.0646 0.343266 0.01376257 0.9391374 -19.47167 0 0 0 1
13 1 0.9383837 0.03761756 -0.3435418 -2.123676 -0.04005607 0.9991974 -1.739245E-06 108.0646 0.343266 0.01376257 0.9391374 -19.47167 0 0 0 1
14 0 0.937809 0.03638367 -0.3452398 -2.115976 -0.03945094 0.9992198 -0.001860037 108.1327 0.3449028 0.0153644 0.9385126 -20.91479 0 0 0 1
14 1 0.937809 0.03638367 -0.3452398 -2.648702 -0.03945094 0.9992198 -0.001860037 108.1327 0.3449028 0.0153644 0.9385126 -20.91479 0 0 0 1
15 0 0.937376 0.03645741 -0.3464059 -2.470424 -0.03965018 0.9992114 -0.002131802 108.1768 0.346055 0.01573335 0.9380823 -22.33787 0 0 0 1
15 1 0.937376 0.03645741 -0.3464059 -3.003149 -0.03965018 0.9992114 -0.002131802 108.1768 0.346055 0.01573335 0.9380823 -22.33787 0 0 0 1
16 0 0.936994 0.03665815 -0.3474169 -2.809956 -0.03926621 0.9992287 -0.0004672315 108.174 0.3471318 0.01407954 0.9377106 -23.97308 0 0 0 1
16 1 0.936994 0.03665815 -0.3474169 -3.34268 -0.03926621 0.9992287 -0.0004672315 108.174 0.3471318 0.01407954 0.9377106 -23.97308 0 0 0 1
17 0 0.9365962 0.03726084 -0.3484239 -3.143121 -0.03898876 0.9992375 0.002054119 108.1508 0.3482348 0.01166074 0.9373348 -25.83096 0 0 0 1
17 1 0.9365962 0.03726084 -0.3484239 -3.675847 -0.03898876 0.9992375 0.002054119 108.1508 0.3482348 0.01166074 0.9373348 -25.83096 0 0 0 1
18 0 0.9362566 0.03774855 -0.3492831 -3.453686 -0.03937537 0.9992215 0.0024442 108.1776 0.3491034 0.01146475 0.937014 -27.30464 0 0 0 1
18 1 0.9362566 0.03774855 -0.3492831 -3.98641 -0.03937537 0.9992215 0.0024442 108.1776 0.3491034 0.01146475 0.937014 -27.30464 0 0 0 1
19 0 0.9360216 0.03737513 -0.3499523 -3.886621 -0.03956594 0.9992166 0.0008894652 108.2541 0.3497114 0.01301363 0.9367671 -28.73832 0 0 0 1
19 1 0.9360216 0.03737513 -0.3499523 -4.419346 -0.03956594 0.9992166 0.0008894652 108.2541 0.3497114 0.01301363 0.9367671 -28.73832 0 0 0 1
20 0 0.9357102 0.03768747 -0.3507509 -4.197361 -0.04077406 0.9991674 -0.001415853 108.3658 0.3504055 0.01562636 0.9364678 -29.91121 0 0 0 1
20 1 0.9357102 0.03768747 -0.3507509 -4.730087 -0.04077406 0.9991674 -0.001415853 108.3658 0.3504055 0.01562636 0.9364678 -29.91121 0 0 0 1
21 0 0.935343 0.03776131 -0.3517208 -4.529612 -0.04146519 0.9991354 -0.00300099 108.4569 0.3513034 0.01739112 0.9361001 -31.16947 0 0 0 1
21 1 0.935343 0.03776131 -0.3517208 -5.062337 -0.04146519 0.9991354 -0.00300099 108.4569 0.3513034 0.01739112 0.9361001 -31.16947 0 0 0 1
22 0 0.9350315 0.03840214 -0.3524788 -4.835041 -0.04185276 0.9991214 -0.00217105 108.4819 0.3520857 0.01678221 0.9358173 -32.82529 0 0 0 1
22 1 0.9350315 0.03840214 -0.3524788 -5.367767 -0.04185276 0.9991214 -0.00217105 108.4819 0.3520857 0.01678221 0.9358173 -32.82529 0 0 0 1
23 0 0.9347147 0.03925509 -0.3532245 -5.084699 -0.0422552 0.9991065 -0.0007828991 108.4848 0.3528782 0.01565736 0.9355382 -34.38115 0 0 0 1
23 1 0.9347147 0.03925509 -0.3532245 -5.617423 -0.0422552 0.9991065 -0.0007828991 108.4848 0.3528782 0.01565736 0.9355382 -34.38115 0 0 0 1
24 0 0.934484 0.03857943 -0.3539086 -5.500669 -0.0411709 0.9991521 0.0002067713 108.4711 0.3536164 0.01437751 0.93528 -35.95284 0 0 0 1
24 1 0.934484 0.03857943 -0.3539086 -6.033394 -0.0411709 0.9991521 0.0002067713 108.4711 0.3536164 0.01437751 0.93528 -35.95284 0 0 0 1
25 0 0.9341158 0.03825752 -0.3549142 -5.905144 -0.04031673 0.9991857 0.001594377 108.4474 0.3546862 0.01281965 0.9348975 -37.69319 0 0 0 1
25 1 0.9341158 0.03825752 -0.3549142 -6.437869 -0.04031673 0.9991857 0.001594377 108.4474 0.3546862 0.01281965 0.9348975 -37.69319 0 0 0 1
26 0 0.9334887 0.03658529 -0.3567358 -6.373718 -0.03838356 0.999261 0.002039723 108.4259 0.3565468 0.01178873 0.9342031 -39.23799 0 0 0 1
26 1 0.9334887 0.03658529 -0.3567358 -6.906445 -0.03838356 0.999261 0.002039723 108.4259 0.3565468 0.01178873 0.9342031 -39.23799 0 0 0 1
27 0 0.9325196 0.03545612 -0.3593746 -6.789017 -0.03730381 0.9993024 0.001794394 108.4453 0.3591875 0.01173273 0.9331917 -40.82222 0 0 0 1
27 1 0.9325196 0.03545612 -0.3593746 -7.321743 -0.03730381 0.9993024 0.001794394 108.4453 0.3591875 0.01173273 0.9331917 -40.82222 0 0 0 1
28 0 0.931742 0.03497832 -0.3614323 -7.126154 -0.03697498 0.9993152 0.001392281 108.4828 0.3612335 0.01206671 0.9323973 -42.2038 0 0 0 1
28 1 0.931742 0.03497832 -0.3614323 -7.658876 -0.03697498 0.9993152 0.001392281 108.4828 0.3612335 0.01206671 0.9323973 -42.2038 0 0 0 1
29 0 0.9311773 0.03477903 -0.3629041 -7.458673 -0.03713906 0.99931 0.0004739021 108.5515 0.3626702 0.01303663 0.9318264 -43.5076 0 0 0 1
29 1 0.9311773 0.03477903 -0.3629041 -7.991396 -0.03713906 0.99931 0.0004739021 108.5515 0.3626702 0.01303663 0.9318264 -43.5076 0 0 0 1
30 0 0.9304562 0.03436479 -0.3647882 -7.828869 -0.03716523 0.9993089 -0.0006567645 108.6308 0.3645135 0.01416853 0.9310903 -44.93357 0 0 0 1
30 1 0.9304562 0.03436479 -0.3647882 -8.361595 -0.03716523 0.9993089 -0.0006567645 108.6308 0.3645135 0.01416853 0.9310903 -44.93357 0 0 0 1
31 0 0.9295933 0.0342922 -0.3669882 -8.102251 -0.03755376 0.9992931 -0.001748728 108.7167 0.3666688 0.01540739 0.9302239 -46.2117 0 0 0 1
31 1 0.9295933 0.0342922 -0.3669882 -8.634975 -0.03755376 0.9992931 -0.001748728 108.7167 0.3666688 0.01540739 0.9302239 -46.2117 0 0 0 1
32 0 0.9286143 0.03380304 -0.3695037 -8.398588 -0.03745729 0.9992945 -0.002717668 108.7883 0.3691511 0.01636427 0.9292253 -47.52254 0 0 0 1
32 1 0.9286143 0.03380304 -0.3695037 -8.931314 -0.03745729 0.9992945 -0.002717668 108.7883 0.3691511 0.01636427 0.9292253 -47.52254 0 0 0 1
33 0 0.9275609 0.03380929 -0.3721394 -8.670149 -0.03729396 0.999302 -0.002167818 108.7995 0.3718063 0.01588933 0.9281743 -49.11594 0 0 0 1
33 1 0.9275609 0.03380929 -0.3721394 -9.202873 -0.03729396 0.999302 -0.002167818 108.7995 0.3718063 0.01588933 0.9281743 -49.11594 0 0 0 1
34 0 0.926756 0.0335808 -0.37416 -8.951899 -0.03682898 0.9993204 -0.001532751 108.7935 0.3738542 0.01520042 0.9273629 -50.59096 0 0 0 1
34 1 0.926756 0.0335808 -0.37416 -9.484625 -0.03682898 0.9993204 -0.001532751 108.7935 0.3738542 0.01520042 0.9273629 -50.59097 0 0 0 1
35 0 0.9259185 0.03467132 -0.3761289 -9.135864 -0.03763728 0.9992913 -0.0005378518 108.8085 0.3758437 0.01465447 0.9265672 -52.17844 0 0 0 1
35 1 0.9259185 0.03467132 -0.3761289 -9.668591 -0.03763728 0.9992913 -0.0005378518 108.8085 0.3758437 0.01465447 0.9265672 -52.17843 0 0 0 1
36 0 0.9252658 0.03531506 -0.377672 -9.348728 -0.03808314 0.9992746 0.0001387917 108.8233 0.3774029 0.01425452 0.9259394 -53.61042 0 0 0 1
36 1 0.9252658 0.03531506 -0.377672 -9.881453 -0.03808314 0.9992746 0.0001387917 108.8233 0.3774029 0.01425452 0.9259394 -53.61043 0 0 0 1
37 0 0.9247268 0.0348108 -0.3790364 -9.693253 -0.03732215 0.999303 0.0007222248 108.8057 0.3787974 0.01347859 0.9253815 -55.08084 0 0 0 1
37 1 0.9247268 0.0348108 -0.3790364 -10.22598 -0.03732215 0.999303 0.0007222248 108.8057 0.3787974 0.01347859 0.9253815 -55.08083 0 0 0 1
38 0 0.9240336 0.0342946 -0.3807701 -10.049 -0.03646874 0.9993337 0.001505929 108.7758 0.380568 0.01249468 0.9246686 -56.71597 0 0 0 1
38 1 0.9240336 0.0342946 -0.3807701 -10.58172 -0.03646874 0.9993337 0.001505929 108.7758 0.380568 0.01249468 0.9246686 -56.71597 0 0 0 1
39 0 0.9233843 0.03327768 -0.3824317 -10.41752 -0.03512746 0.9993805 0.002146563 108.7307 0.3822662 0.01145175 0.9239812 -58.2149 0 0 0 1
39 1 0.9233843 0.03327768 -0.3824317 -10.95025 -0.03512746 0.9993805 0.002146563 108.7307 0.3822662 0.01145175 0.9239812 -58.2149 0 0 0 1
40 0 0.9226866 0.03260064 -0.38417 -10.7734 -0.03493204 0.9993893 0.0009094914 108.8178 0.383965 0.01258067 0.9232619 -59.62142 0 0 0 1
40 1 0.9226866 0.03260064 -0.38417 -11.30613 -0.03493204 0.9993893 0.0009094914 108.8178 0.383965 0.01258067 0.9232619 -59.62142 0 0 0 1
41 0 0.9221222 0.03323429 -0.3854688 -10.97837 -0.03632368 0.9993398 -0.0007329076 108.9789 0.38519 0.01467747 0.9227206 -60.77757 0 0 0 1
41 1 0.9221222 0.03323429 -0.3854688 -11.51109 -0.03632368 0.9993398 -0.0007329076 108.9789 0.38519 0.01467747 0.9227206 -60.77757 0 0 0 1
42 0 0.9215312 0.03444791 -0.3867733 -11.11906 -0.03785298 0.9992826 -0.001188053 109.0876 0.3864549 0.01573535 0.9221741 -62.04645 0 0 0 1
42 1 0.9215312 0.03444791 -0.3867733 -11.65179 -0.03785298 0.9992826 -0.001188053 109.0876 0.3864549 0.01573535 0.9221741 -62.04646 0 0 0 1
43 0 0.920841 0.03457934 -0.388402 -11.38406 -0.03759363 0.9992931 -0.0001618359 109.06 0.3881219 0.01475046 0.92149 -63.67896 0 0 0 1
43 1 0.920841 0.03457934 -0.388402 -11.91679 -0.03759363 0.9992931 -0.0001618359 109.06 0.3881219 0.01475046 0.92149 -63.67896 0 0 0 1
44 0 0.9199244 0.03382133 -0.3906345 -11.66023 -0.03652427 0.9993326 0.000509908 109.0166 0.3903911 0.01379856 0.9205458 -65.18351 0 0 0 1
44 1 0.9199244 0.03382133 -0.3906345 -12.19296 -0.03652427 0.9993326 0.000509908 109.0166 0.3903911 0.01379856 0.9205458 -65.18352 0 0 0 1
45 0 0.9187732 0.0319786 -0.3934884 -12.00029 -0.03474228 0.9993963 9.915559E-05 109.0043 0.393254 0.01357958 0.9193296 -66.62181 0 0 0 1
45 1 0.9187732 0.0319786 -0.3934884 -12.53302 -0.03474228 0.9993963 9.915559E-05 109.0043 0.393254 0.01357958 0.9193296 -66.6218 0 0 0 1
46 0 0.9174516 0.03106747 -0.3966326 -12.24352 -0.03358132 0.9994358 0.000606887 108.9631 0.3964277 0.01276265 0.9179772 -68.26833 0 0 0 1
46 1 0.9174516 0.03106747 -0.3966326 -12.77625 -0.03358132 0.9994358 0.000606887 108.9631 0.3964277 0.01276265 0.9179772 -68.26833 0 0 0 1
47 0 0.9164236 0.03076198 -0.3990258 -12.44655 -0.0329348 0.9994565 0.001411041 108.9188 0.3988523 0.01184872 0.9169386 -69.772 0 0 0 1
47 1 0.9164236 0.03076198 -0.3990258 -12.97928 -0.0329348 0.9994565 0.001411041 108.9188 0.3988523 0.01184872 0.9169386 -69.772 0 0 0 1
48 0 0.9154692 0.03086336 -0.4012027 -12.64976 -0.03252667 0.9994673 0.002666377 108.8565 0.4010713 0.0106088 0.9159854 -71.45511 0 0 0 1
48 1 0.9154692 0.03086336 -0.4012027 -13.18249 -0.03252667 0.9994673 0.002666377 108.8565 0.4010713 0.0106088 0.9159854 -71.45511 0 0 0 1
49 0 0.9146063 0.03143684 -0.4031217 -12.78763 -0.03328811 0.9994429 0.002415675 108.9287 0.402973 0.01120977 0.9151432 -72.798 0 0 0 1
49 1 0.9146063 0.03143684 -0.4031217 -13.32035 -0.03328811 0.9994429 0.002415675 108.9287 0.402973 0.01120977 0.9151432 -72.798 0 0 0 1
50 0 0.9138385 0.03205013 -0.4048111 -12.93507 -0.03424435 0.9994118 0.001821761 109.0324 0.4046314 0.0121977 0.9143986 -74.09064 0 0 0 1
50 1 0.9138385 0.03205013 -0.4048111 -13.4678 -0.03424435 0.9994118 0.001821761 109.0324 0.4046314 0.0121977 0.9143986 -74.09064 0 0 0 1
51 0 0.9129694 0.03291926 -0.4066979 -13.07393 -0.03537655 0.999373 0.001477529 109.1337 0.4064916 0.01303863 0.9135615 -75.53766 0 0 0 1
51 1 0.9129694 0.03291926 -0.4066979 -13.60665 -0.03537655 0.999373 0.001477529 109.1337 0.4064916 0.01303863 0.9135615 -75.53766 0 0 0 1
52 0 0.9123107 0.03377166 -0.4081039 -13.21651 -0.03620015 0.999343 0.001773296 109.18 0.4078956 0.01315562 0.9129338 -76.91711 0 0 0 1
52 1 0.9123107 0.03377166 -0.4081039 -13.74923 -0.03620015 0.999343 0.001773296 109.18 0.4078956 0.01315562 0.9129338 -76.91711 0 0 0 1
53 0 0.9116787 0.03411287 -0.4094853 -13.42049 -0.03609507 0.9993442 0.002889938 109.1317 0.4093153 0.0121457 0.9123122 -78.40936 0 0 0 1
53 1 0.9116787 0.03411287 -0.4094853 -13.95322 -0.03609507 0.9993442 0.002889938 109.1317 0.4093153 0.0121457 0.9123122 -78.40937 0 0 0 1
54 0 0.911173 0.03402295 -0.4106168 -13.72661 -0.0359873 0.9993479 0.002947059 109.1547 0.4104493 0.01209171 0.9118032 -79.9266 0 0 0 1
54 1 0.911173 0.03402295 -0.4106168 -14.25934 -0.0359873 0.9993479 0.002947059 109.1546 0.4104493 0.01209171 0.9118032 -79.92661 0 0 0 1
55 0 0.9106888 0.03370328 -0.4117161 -14.02087 -0.03650684 0.9993328 0.001055151 109.3363 0.4114769 0.01406954 0.9113116 -81.08566 0 0 0 1
55 1 0.9106888 0.03370328 -0.4117161 -14.5536 -0.03650684 0.9993328 0.001055151 109.3363 0.4114769 0.01406954 0.9113116 -81.08566 0 0 0 1
56 0 0.9101362 0.03358374 -0.4129459 -14.31565 -0.03767025 0.9992887 -0.0017562 109.6198 0.4125932 0.01715416 0.9107538 -82.25617 0 0 0 1
56 1 0.9101362 0.03358374 -0.4129459 -14.84837 -0.03767025 0.9992887 -0.0017562 109.6198 0.4125932 0.01715416 0.9107538 -82.25617 0 0 0 1
57 0 0.9096235 0.03422043 -0.4140218 -14.50597 -0.0388247 0.9992424 -0.002708446 109.777 0.4136154 0.01853794 0.9102629 -83.47068 0 0 0 1
57 1 0.9096235 0.03422043 -0.4140218 -15.0387 -0.0388247 0.9992424 -0.002708446 109.7769 0.4136154 0.01853794 0.9102629 -83.47068 0 0 0 1
58 0 0.9092433 0.0345425 -0.4148293 -14.752 -0.03891613 0.9992403 -0.002092367 109.7748 0.4144419 0.01804602 0.9098969 -84.88309 0 0 0 1
58 1 0.9092433 0.0345425 -0.4148293 -15.28472 -0.03891613 0.9992403 -0.002092367 109.7748 0.4144419 0.01804602 0.9098969 -84.88309 0 0 0 1
59 0 0.9087009 0.03519923 -0.415961 -14.96556 -0.03866174 0.9992524 9.844545E-05 109.6437 0.4156535 0.01599232 0.9093825 -86.60026 0 0 0 1
59 1 0.9087009 0.03519923 -0.415961 -15.49829 -0.03866174 0.9992524 9.844545E-05 109.6437 0.4156535 0.01599232 0.9093825 -86.60025 0 0 0 1
60 0 0.9083212 0.03432979 -0.4168622 -15.33128 -0.03711853 0.9993098 0.001416664 109.5024 0.4166231 0.01418652 0.9089686 -88.14899 0 0 0 1
60 1 0.9083212 0.03432979 -0.4168622 -15.86401 -0.03711853 0.9993098 0.001416664 109.5024 0.4166231 0.01418652 0.9089686 -88.14899 0 0 0 1
61 0 0.9078931 0.03383477 -0.4178342 -15.65183 -0.03608352 0.9993456 0.002519324 109.3978 0.417646 0.01278965 0.9085198 -89.65085 0 0 0 1
61 1 0.9078931 0.03383477 -0.4178342 -16.18455 -0.03608352 0.9993456 0.002519324 109.3978 0.417646 0.01278965 0.9085198 -89.65086 0 0 0 1
62 0 0.9074479 0.03326405 -0.4188459 -16.00988 -0.03458133 0.999392 0.004448117 109.2038 0.4187392 0.01044781 0.9080464 -91.3889 0 0 0 1
62 1 0.9074479 0.03326405 -0.4188459 -16.5426 -0.03458133 0.999392 0.004448117 109.2038 0.4187392 0.01044781 0.9080464 -91.38891 0 0 0 1
63 0 0.9070685 0.03382415 -0.4196221 -16.23621 -0.03450824 0.9993866 0.005962665 109.1087 0.4195664 0.009071875 0.9076793 -92.87992 0 0 0 1
63 1 0.9070685 0.03382415 -0.4196221 -16.76894 -0.03450824 0.9993866 0.005962665 109.1087 0.4195664 0.009071875 0.9076793 -92.87991 0 0 0 1
64 0 0.9067552 0.03412718 -0.4202741 -16.53285 -0.03448286 0.9993825 0.006754137 109.0717 0.4202451 0.008367904 0.9073721 -94.426 0 0 0 1
64 1 0.9067552 0.03412718 -0.4202741 -17.06557 -0.03448286 0.9993825 0.006754137 109.0717 0.4202451 0.008367904 0.9073721 -94.42601 0 0 0 1
65 0 0.9063744 0.03436068 -0.4210758 -16.78832 -0.03516679 0.9993643 0.005853017 109.2051 0.4210092 0.009502859 0.9070066 -95.63853 0 0 0 1
65 1 0.9063744 0.03436068 -0.4210758 -17.32105 -0.03516679 0.9993643 0.005853017 109.2051 0.4210092 0.009502859 0.9070066 -95.63852 0 0 0 1
66 0 0.905668 0.03331886 -0.4226764 -17.08641 -0.03479666 0.9993855 0.004221123 109.3406 0.4225573 0.01088479 0.9062709 -96.83887 0 0 0 1
66 1 0.905668 0.03331886 -0.4226764 -17.61913 -0.03479666 0.9993855 0.004221123 109.3406 0.4225573 0.01088479 0.9062709 -96.83886 0 0 0 1
67 0 0.9043908 0.0329636 -0.4254299 -17.21361 -0.03498939 0.999383 0.003053803 109.4756 0.4252681 0.0121237 0.9049862 -98.20753 0 0 0 1
67 1 0.9043908 0.0329636 -0.4254299 -17.74633 -0.03498939 0.999383 0.003053803 109.4756 0.4252681 0.0121237 0.9049862 -98.20753 0 0 0 1
68 0 0.9033679 0.0330034 -0.4275948 -17.32407 -0.03520185 0.9993764 0.00276571 109.5393 0.4274194 0.01255367 0.9039663 -99.51253 0 0 0 1
68 1 0.9033679 0.0330034 -0.4275948 -17.8568 -0.03520185 0.9993764 0.00276571 109.5393 0.4274194 0.01255367 0.9039663 -99.51252 0 0 0 1
69 0 0.9026727 0.03492719 -0.4289081 -17.35375 -0.03688705 0.9993124 0.003744957 109.5877 0.428744 0.01244068 0.9033404 -100.9779 0 0 0 1
69 1 0.9026727 0.03492719 -0.4289081 -17.88648 -0.03688705 0.9993124 0.003744957 109.5877 0.428744 0.01244068 0.9033404 -100.9779 0 0 0 1
70 0 0.9023675 0.03588936 -0.4294704 -17.53297 -0.03790089 0.999274 0.003871654 109.6658 0.4292975 0.01278365 0.9030727 -102.2375 0 0 0 1
70 1 0.9023675 0.03588936 -0.4294704 -18.0657 -0.03790089 0.999274 0.003871654 109.6658 0.4292975 0.01278365 0.9030727 -102.2375 0 0 0 1
71 0 0.9019255 0.03633297 -0.4303606 -17.72717 -0.03835556 0.9992563 0.003978248 109.713 0.4301851 0.01291864 0.9026483 -103.5161 0 0 0 1
71 1 0.9019255 0.03633297 -0.4303606 -18.25989 -0.03835556 0.9992563 0.003978248 109.713 0.4301851 0.01291864 0.9026483 -103.5161 0 0 0 1
72 0 0.9014086 0.03576123 -0.43149 -18.03233 -0.03797941 0.9992725 0.003476911 109.7649 0.4313004 0.01325361 0.9021111 -104.8899 0 0 0 1
72 1 0.9014086 0.03576123 -0.43149 -18.56505 -0.03797941 0.9992725 0.003476911 109.7649 0.4313004 0.01325361 0.9021111 -104.8899 0 0 0 1
73 0 0.9010369 0.03417051 -0.4323944 -18.43363 -0.0363877 0.9993328 0.003147696 109.7228 0.4322134 0.01289764 0.9016792 -106.1947 0 0 0 1
73 1 0.9010369 0.03417051 -0.4323944 -18.96635 -0.0363877 0.9993328 0.003147696 109.7227 0.4322134 0.01289764 0.9016792 -106.1947 0 0 0 1
74 0 0.9005289 0.03349406 -0.4335041 -18.70469 -0.03565589 0.9993592 0.00314516 109.7037 0.4333317 0.01262466 0.9011461 -107.4772 0 0 0 1
74 1 0.9005289 0.03349406 -0.4335041 -19.23742 -0.03565589 0.9993592 0.00314516 109.7037 0.4333317 0.01262466 0.9011461 -107.4772 0 0 0 1
75 0 0.8996113 0.03216069 -0.4355057 -18.96326 -0.03465853 0.9993968 0.002209132 109.7522 0.4353141 0.01310663 0.9001833 -108.8081 0 0 0 1
75 1 0.8996113 0.03216069 -0.4355057 -19.49599 -0.03465853 0.9993968 0.002209132 109.7522 0.4353141 0.01310663 0.9001833 -108.8081 0 0 0 1
76 0 0.8986778 0.03188731 -0.4374488 -19.0731 -0.03494767 0.9993886 0.001054115 109.9016 0.437215 0.01434051 0.8992427 -109.916 0 0 0 1
76 1 0.8986778 0.03188731 -0.4374488 -19.60582 -0.03494767 0.9993886 0.001054115 109.9016 0.437215 0.01434051 0.8992427 -109.916 0 0 0 1
77 0 0.8978558 0.0332819 -0.43903 -19.06935 -0.03746917 0.9992974 -0.0008732565 110.274 0.4386925 0.01723415 0.898472 -110.9322 0 0 0 1
77 1 0.8978558 0.0332819 -0.43903 -19.60207 -0.03746917 0.9992974 -0.0008732565 110.274 0.4386925 0.01723415 0.898472 -110.9322 0 0 0 1
78 0 0.8971553 0.03478605 -0.4403433 -19.04932 -0.03935711 0.9992244 -0.001249856 110.4647 0.4399583 0.01845195 0.8978286 -111.9883 0 0 0 1
78 1 0.8971553 0.03478605 -0.4403433 -19.58205 -0.03935711 0.9992244 -0.001249856 110.4647 0.4399583 0.01845195 0.8978286 -111.9883 0 0 0 1
79 0 0.8964984 0.03639985 -0.4415492 -19.02411 -0.0400562 0.9991969 0.001042455 110.3299 0.4412325 0.01675222 0.8972365 -113.3469 0 0 0 1
79 1 0.8964984 0.03639985 -0.4415492 -19.55683 -0.0400562 0.9991969 0.001042455 110.3299 0.4412325 0.01675222 0.8972365 -113.3469 0 0 0 1
80 0 0.8959322 0.03649002 -0.4426895 -19.1983 -0.03917279 0.9992277 0.003084945 110.1098 0.4424602 0.01457748 0.8966696 -114.8486 0 0 0 1
80 1 0.8959322 0.03649002 -0.4426895 -19.73103 -0.03917279 0.9992277 0.003084945 110.1098 0.4424602 0.01457748 0.8966696 -114.8486 0 0 0 1
81 0 0.895185 0.03622576 -0.44422 -19.324 -0.03846598 0.999252 0.003972109 110.0034 0.4440317 0.01353159 0.8959089 -116.1084 0 0 0 1
81 1 0.895185 0.03622576 -0.44422 -19.85672 -0.03846598 0.999252 0.003972109 110.0034 0.4440317 0.01353159 0.8959089 -116.1084 0 0 0 1
82 0 0.8945053 0.03546153 -0.4456488 -19.51161 -0.03756646 0.9992857 0.004112683 109.9525 0.4454763 0.01306263 0.8951985 -117.288 0 0 0 1
82 1 0.8945053 0.03546153 -0.4456488 -20.04433 -0.03756646 0.9992857 0.004112683 109.9525 0.4454763 0.01306263 0.8951985 -117.288 0 0 0 1
83 0 0.8937582 0.03496419 -0.4471843 -19.67712 -0.03680903 0.9993119 0.004565818 109.8816 0.4470362 0.01237968 0.8944302 -118.5821 0 0 0 1
83 1 0.8937582 0.03496419 -0.4471843 -20.20985 -0.03680903 0.9993119 0.004565818 109.8816 0.4470362 0.01237968 0.8944302 -118.5821 0 0 0 1
84 0 0.8931136 0.03503429 -0.448465 -19.77959 -0.03670853 0.9993137 0.004962168 109.8586 0.448331 0.01203071 0.8937867 -119.71 0 0 0 1
84 1 0.8931136 0.03503429 -0.448465 -20.31232 -0.03670853 0.9993137 0.004962168 109.8586 0.448331 0.01203071 0.8937867 -119.71 0 0 0 1
85 0 0.8925125 0.03470553 -0.4496854 -19.95561 -0.03639731 0.9993255 0.004885786 109.8682 0.4495517 0.01200671 0.8931736 -120.8945 0 0 0 1
85 1 0.8925125 0.03470553 -0.4496854 -20.48833 -0.03639731 0.9993255 0.004885786 109.8682 0.4495517 0.01200671 0.8931736 -120.8945 0 0 0 1
86 0 0.891903 0.03537213 -0.4508412 -20.00054 -0.036925 0.9993037 0.005354383 109.882 0.4507167 0.01187172 0.8925881 -121.971 0 0 0 1
86 1 0.891903 0.03537213 -0.4508412 -20.53326 -0.036925 0.9993037 0.005354383 109.882 0.4507167 0.01187172 0.8925881 -121.971 0 0 0 1
87 0 0.8914511 0.0355772 -0.4517182 -20.13016 -0.03686992 0.9993024 0.005943184 109.8405 0.4516145 0.01135676 0.8921409 -123.0699 0 0 0 1
87 1 0.8914511 0.0355772 -0.4517182 -20.66288 -0.03686992 0.9993024 0.005943184 109.8405 0.4516145 0.01135676 0.8921409 -123.0699 0 0 0 1
88 0 0.8908647 0.03561687 -0.4528702 -20.26284 -0.03721698 0.9992927 0.005379891 109.9468 0.4527416 0.01206171 0.8915602 -124.1378 0 0 0 1
88 1 0.8908647 0.03561687 -0.4528702 -20.79557 -0.03721698 0.9992927 0.005379891 109.9468 0.4527416 0.01206171 0.8915602 -124.1378 0 0 0 1
89 0 0.8904009 0.03543441 -0.4537959 -20.42271 -0.03764071 0.9992826 0.004172951 110.1237 0.4536182 0.0133656 0.8910959 -125.0224 0 0 0 1
89 1 0.8904009 0.03543441 -0.4537959 -20.95544 -0.03764071 0.9992826 0.004172951 110.1237 0.4536182 0.0133656 0.8910959 -125.0224 0 0 0 1
90 0 0.8898365 0.03506916 -0.4549297 -20.5958 -0.03777789 0.9992812 0.003138535 110.2656 0.4547128 0.0143935 0.8905218 -126.0327 0 0 0 1
90 1 0.8898365 0.03506916 -0.4549297 -21.12853 -0.03777789 0.9992812 0.003138535 110.2656 0.4547128 0.0143935 0.8905218 -126.0327 0 0 0 1
91 0 0.8893884 0.03429564 -0.4558641 -20.81566 -0.03716228 0.9993057 0.002676515 110.29 0.4556394 0.01456049 0.8900453 -127.0241 0 0 0 1
91 1 0.8893884 0.03429564 -0.4558641 -21.34839 -0.03716228 0.9993057 0.002676515 110.29 0.4556394 0.01456049 0.8900453 -127.0241 0 0 0 1
92 0 0.888972 0.03403194 -0.4566954 -20.98972 -0.0368183 0.9993181 0.002799003 110.274 0.4564792 0.01432651 0.8896188 -128.0472 0 0 0 1
92 1 0.888972 0.03403194 -0.4566954 -21.52245 -0.0368183 0.9993181 0.002799003 110.274 0.4564792 0.01432651 0.8896188 -128.0472 0 0 0 1
93 0 0.8884493 0.03462411 -0.457667 -21.07184 -0.03677867 0.9993146 0.004204807 110.1481 0.4574989 0.01309663 0.8891137 -129.2729 0 0 0 1
93 1 0.8884493 0.03462411 -0.457667 -21.60456 -0.03677867 0.9993146 0.004204807 110.1481 0.4574989 0.01309663 0.8891137 -129.2729 0 0 0 1
94 0 0.8880277 0.03496243 -0.4584588 -21.1744 -0.03648625 0.9993188 0.005535544 110.0055 0.4583401 0.01181173 0.8886984 -130.401 0 0 0 1
94 1 0.8880277 0.03496243 -0.4584588 -21.70712 -0.03648625 0.9993188 0.005535544 110.0055 0.4583401 0.01181173 0.8886984 -130.401 0 0 0 1
95 0 0.8874719 0.03519636 -0.4595158 -21.27879 -0.03658486 0.9993132 0.005884785 109.9985 0.4594074 0.01158874 0.8881501 -131.5122 0 0 0 1
95 1 0.8874719 0.03519636 -0.4595158 -21.81152 -0.03658486 0.9993132 0.005884785 109.9985 0.4594074 0.01158874 0.8881501 -131.5122 0 0 0 1
96 0 0.8870884 0.03543618 -0.4602373 -21.40503 -0.03681596 0.9993042 0.005980627 110.027 0.460129 0.01163874 0.8877758 -132.4839 0 0 0 1
96 1 0.8870884 0.03543618 -0.4602373 -21.93775 -0.03681596 0.9993042 0.005980627 110.027 0.460129 0.01163874 0.8877758 -132.4839 0 0 0 1
97 0 0.8866537 0.03618363 -0.4610163 -21.46523 -0.03749232 0.9992769 0.006322464 110.0649 0.4609117 0.01167873 0.8873692 -133.4552 0 0 0 1
97 1 0.8866537 0.03618363 -0.4610163 -21.99795 -0.03749232 0.9992769 0.006322464 110.0649 0.4609117 0.01167873 0.8873692 -133.4552 0 0 0 1
98 0 0.8862478 0.03672744 -0.4617531 -21.5775 -0.03773327 0.9992629 0.007058623 110.0265 0.461672 0.01116777 0.8869804 -134.5773 0 0 0 1
98 1 0.8862478 0.03672744 -0.4617531 -22.11023 -0.03773327 0.9992629 0.007058623 110.0265 0.461672 0.01116777 0.8869804 -134.5773 0 0 0 1
99 0 0.8858917 0.03673683 -0.4624352 -21.7284 -0.03727948 0.9992731 0.007967695 109.9092 0.4623917 0.01018083 0.8866173 -135.6524 0 0 0 1
99 1 0.8858917 0.03673683 -0.4624352 -22.26113 -0.03727948 0.9992731 0.007967695 109.9092 0.4623917 0.01018083 0.8866173 -135.6524 0 0 0 1
100 0 0.8854573 0.03676801 -0.463264 -21.87944 -0.03704978 0.9992773 0.008495018 109.8526 0.4632415 0.009641852 0.8861796 -136.77 0 0 0 1
100 1 0.8854573 0.03676801 -0.463264 -22.41216 -0.03704978 0.9992773 0.008495018 109.8526 0.4632415 0.009641852 0.8861796 -136.77 0 0 0 1
101 0 0.8851725 0.03697089 -0.4637918 -22.02977 -0.03717615 0.9992708 0.00870354 109.8583 0.4637754 0.009537856 0.8859015 -137.7342 0 0 0 1
101 1 0.8851725 0.03697089 -0.4637918 -22.56249 -0.03717615 0.9992708 0.00870354 109.8582 0.4637754 0.009537856 0.8859015 -137.7342 0 0 0 1
102 0 0.8849314 0.0369579 -0.4642526 -22.2146 -0.03716661 0.9992712 0.008704444 109.8757 0.4642359 0.009551855 0.8856601 -138.6797 0 0 0 1
102 1 0.8849314 0.0369579 -0.4642526 -22.74732 -0.03716661 0.9992712 0.008704444 109.8757 0.4642359 0.009551855 0.8856601 -138.6797 0 0 0 1
103 0 0.884756 0.03615974 -0.4646496 -22.51678 -0.03607066 0.9993079 0.009084227 109.7597 0.4646565 0.00872289 0.885448 -139.8036 0 0 0 1
103 1 0.884756 0.03615974 -0.4646496 -23.0495 -0.03607066 0.9993079 0.009084227 109.7597 0.4646565 0.00872289 0.885448 -139.8036 0 0 0 1
104 0 0.8844525 0.03588304 -0.4652487 -22.70199 -0.03565576 0.9993209 0.009291495 109.7176 0.4652661 0.008370905 0.8851313 -140.7835 0 0 0 1
104 1 0.8844525 0.03588304 -0.4652487 -23.23471 -0.03565576 0.9993209 0.009291495 109.7176 0.4652661 0.008370905 0.8851313 -140.7835 0 0 0 1
105 0 0.8842633 0.03536502 -0.4656476 -22.96656 -0.03572999 0.9993291 0.00804594 109.8851 0.4656198 0.009522853 0.8849337 -141.6723 0 0 0 1
105 1 0.8842633 0.03536502 -0.4656476 -23.49928 -0.03572999 0.9993291 0.00804594 109.8851 0.4656198 0.009522853 0.8849337 -141.6723 0 0 0 1
106 0 0.8838351 0.03469758 -0.4665101 -23.14607 -0.03622867 0.9993274 0.005689204 110.2172 0.4663936 0.01187272 0.8844976 -142.3424 0 0 0 1
106 1 0.8838351 0.03469758 -0.4665101 -23.67879 -0.03622867 0.9993274 0.005689204 110.2173 0.4663936 0.01187272 0.8844976 -142.3424 0 0 0 1
107 0 0.8833436 0.03470103 -0.4674397 -23.23571 -0.03682048 0.9993113 0.004603794 110.4136 0.4672775 0.01314462 0.884013 -143.1229 0 0 0 1
107 1 0.8833436 0.03470103 -0.4674397 -23.76843 -0.03682048 0.9993113 0.004603794 110.4136 0.4672775 0.01314462 0.884013 -143.1229 0 0 0 1
108 0 0.882772 0.03564083 -0.4684477 -23.23155 -0.03816645 0.999263 0.004103517 110.6125 0.4682487 0.01425652 0.8834817 -144 0 0 0 1
108 1 0.882772 0.03564083 -0.4684477 -23.76427 -0.03816645 0.999263 0.004103517 110.6125 0.4682487 0.01425652 0.8834817 -144 0 0 0 1
109 0 0.8821866 0.03650089 -0.4694833 -23.20242 -0.03917356 0.9992241 0.004077223 110.7256 0.4692678 0.01479446 0.8829319 -144.8388 0 0 0 1
109 1 0.8821866 0.03650089 -0.4694833 -23.73514 -0.03917356 0.9992241 0.004077223 110.7256 0.4692678 0.01479446 0.8829319 -144.8388 0 0 0 1
110 0 0.881523 0.03733576 -0.4706625 -23.17292 -0.04029816 0.9991806 0.003784888 110.8837 0.4704181 0.01563037 0.8823052 -145.718 0 0 0 1
110 1 0.881523 0.03733576 -0.4706625 -23.70564 -0.04029816 0.9991806 0.003784888 110.8837 0.4704181 0.01563037 0.8823052 -145.718 0 0 0 1
111 0 0.8809401 0.0384281 -0.4716651 -23.11269 -0.04104557 0.999146 0.004741918 110.8591 0.4714445 0.01518242 0.8817651 -146.635 0 0 0 1
111 1 0.8809401 0.0384281 -0.4716651 -23.64542 -0.04104557 0.999146 0.004741918 110.8591 0.4714445 0.01518242 0.8817651 -146.635 0 0 0 1
112 0 0.8804178 0.03903252 -0.4725897 -23.11439 -0.04162469 0.999121 0.004974905 110.9048 0.4723684 0.0152914 0.8812686 -147.4746 0 0 0 1
112 1 0.8804178 0.03903252 -0.4725897 -23.64711 -0.04162469 0.999121 0.004974905 110.9048 0.4723684 0.0152914 0.8812686 -147.4746 0 0 0 1
113 0 0.8798265 0.04045195 -0.4735705 -23.03172 -0.04307992 0.9990575 0.005302213 111.0207 0.4733387 0.01573635 0.88074 -148.3446 0 0 0 1
113 1 0.8798265 0.04045195 -0.4735705 -23.56444 -0.04307992 0.9990575 0.005302213 111.0207 0.4733387 0.01573635 0.88074 -148.3446 0 0 0 1
114 0 0.8794941 0.04077943 -0.4741595 -23.10693 -0.04352211 0.9990389 0.00519402 111.0951 0.4739156 0.01606831 0.8804237 -149.1195 0 0 0 1
114 1 0.8794941 0.04077943 -0.4741595 -23.63966 -0.04352211 0.9990389 0.00519402 111.0952 0.4739156 0.01606831 0.8804237 -149.1194 0 0 0 1
115 0 0.8790681 0.04049243 -0.4749734 -23.22495 -0.04345196 0.9990442 0.004750789 111.1653 0.4747118 0.01646226 0.8799874 -149.9565 0 0 0 1
115 1 0.8790681 0.04049243 -0.4749734 -23.75768 -0.04345196 0.9990442 0.004750789 111.1653 0.4747118 0.01646226 0.8799874 -149.9565 0 0 0 1
116 0 0.8787366 0.039987 -0.475629 -23.36766 -0.04293678 0.9990669 0.004666593 111.1486 0.4753718 0.01632128 0.8796336 -150.751 0 0 0 1
116 1 0.8787366 0.039987 -0.475629 -23.90038 -0.04293678 0.9990669 0.004666593 111.1486 0.4753718 0.01632128 0.8796336 -150.751 0 0 0 1
117 0 0.8784074 0.0400292 -0.4762333 -23.45255 -0.04280346 0.9990709 0.005025128 111.1123 0.475992 0.01597032 0.8793046 -151.5497 0 0 0 1
117 1 0.8784074 0.0400292 -0.4762333 -23.98528 -0.04280346 0.9990709 0.005025128 111.1123 0.475992 0.01597032 0.8793046 -151.5497 0 0 0 1
118 0 0.8780954 0.03929898 -0.476869 -23.63152 -0.04206027 0.9991031 0.004887732 111.0807 0.4766334 0.01576534 0.8789607 -152.3819 0 0 0 1
118 1 0.8780954 0.03929898 -0.476869 -24.16423 -0.04206027 0.9991031 0.004887732 111.0807 0.4766334 0.01576534 0.8789607 -152.3819 0 0 0 1
119 0 0.877693 0.03883355 -0.4776473 -23.72974 -0.04153479 0.999125 0.004909007 111.047 0.47742 0.01553038 0.878538 -153.1374 0 0 0 1
119 1 0.877693 0.03883355 -0.4776473 -24.26246 -0.04153479 0.999125 0.004909007 111.047 0.47742 0.01553038 0.878538 -153.1374 0 0 0 1
120 0 0.8772833 0.03809531 -0.4784586 -23.86473 -0.04077773 0.9991568 0.004785289 111.0099 0.4782375 0.0153124 0.8780971 -153.9373 0 0 0 1
120 1 0.8772833 0.03809531 -0.4784586 -24.39746 -0.04077773 0.9991568 0.004785289 111.0099 0.4782375 0.0153124 0.8780971 -153.9373 0 0 0 1
121 0 0.8768867 0.03818823 -0.4791778 -23.8965 -0.04086013 0.9991531 0.00485452 111.0258 0.4789574 0.0153224 0.8777044 -154.6252 0 0 0 1
121 1 0.8768867 0.03818823 -0.4791778 -24.42923 -0.04086013 0.9991531 0.00485452 111.0258 0.4789574 0.0153224 0.8777044 -154.6252 0 0 0 1
122 0 0.8765546 0.03789434 -0.4798083 -23.98307 -0.04070776 0.9991608 0.00454341 111.0663 0.4795778 0.01554937 0.8773616 -155.2629 0 0 0 1
122 1 0.8765546 0.03789434 -0.4798083 -24.5158 -0.04070776 0.9991608 0.00454341 111.0663 0.4795778 0.01554937 0.8773616 -155.2629 0 0 0 1
123 0 0.8760467 0.03802785 -0.4807246 -23.97878 -0.04111383 0.999146 0.004114086 111.1764 0.4804705 0.0161603 0.876862 -155.9132 0 0 0 1
123 1 0.8760467 0.03802785 -0.4807246 -24.51151 -0.04111383 0.999146 0.004114086 111.1764 0.4804705 0.0161603 0.876862 -155.9132 0 0 0 1
124 0 0.8755914 0.0370926 -0.4816263 -24.07413 -0.04032182 0.9991801 0.003647544 111.1742 0.4813667 0.01622629 0.8763691 -156.5407 0 0 0 1
124 1 0.8755914 0.0370926 -0.4816263 -24.60686 -0.04032182 0.9991801 0.003647544 111.1742 0.4813667 0.01622629 0.8763691 -156.5407 0 0 0 1
125 0 0.8747203 0.0376258 -0.4831653 -23.90108 -0.04106095 0.9991506 0.00347084 111.2849 0.4828855 0.01680321 0.8755223 -157.1738 0 0 0 1
125 1 0.8747203 0.0376258 -0.4831653 -24.43382 -0.04106095 0.9991506 0.00347084 111.2849 0.4828855 0.01680321 0.8755223 -157.1738 0 0 0 1
126 0 0.8740971 0.03771955 -0.4842845 -23.8337 -0.04127169 0.9991424 0.00332808 111.3385 0.4839947 0.01707817 0.8749043 -157.7443 0 0 0 1
126 1 0.8740971 0.03771955 -0.4842845 -24.36642 -0.04127169 0.9991424 0.00332808 111.3385 0.4839947 0.01707817 0.8749043 -157.7443 0 0 0 1
127 0 0.8734288 0.03708437 -0.4855378 -23.83264 -0.04049166 0.9991738 0.003474808 111.2599 0.4852656 0.01662524 0.8742087 -158.4435 0 0 0 1
127 1 0.8734288 0.03708437 -0.4855378 -24.36536 -0.04049166 0.9991738 0.003474808 111.2599 0.4852656 0.01662524 0.8742087 -158.4435 0 0 0 1
128 0 0.8729073 0.03595477 -0.4865595 -23.91055 -0.03909202 0.9992287 0.003706288 111.107 0.4863175 0.01578535 0.8736396 -159.1095 0 0 0 1
128 1 0.8729073 0.03595477 -0.4865595 -24.44328 -0.03909202 0.9992287 0.003706288 111.107 0.4863175 0.01578535 0.8736396 -159.1095 0 0 0 1
129 0 0.8722902 0.03618428 -0.487648 -23.82388 -0.03867413 0.9992396 0.004966086 110.9181 0.4874569 0.01452749 0.8730263 -159.816 0 0 0 1
129 1 0.8722902 0.03618428 -0.487648 -24.3566 -0.03867413 0.9992396 0.004966086 110.9181 0.4874569 0.01452749 0.8730263 -159.816 0 0 0 1
130 0 0.8717216 0.03717039 -0.4885896 -23.69493 -0.03868636 0.9992269 0.006995474 110.6728 0.4884719 0.01280365 0.8724857 -160.6154 0 0 0 1
130 1 0.8717216 0.03717039 -0.4885896 -24.22765 -0.03868636 0.9992269 0.006995474 110.6728 0.4884719 0.01280365 0.8724857 -160.6154 0 0 0 1
131 0 0.8712138 0.03724971 -0.4894885 -23.66056 -0.03834034 0.9992343 0.007801113 110.5464 0.4894042 0.01197071 0.8719749 -161.2582 0 0 0 1
131 1 0.8712138 0.03724971 -0.4894885 -24.19328 -0.03834034 0.9992343 0.007801113 110.5464 0.4894042 0.01197071 0.8719749 -161.2582 0 0 0 1
132 0 0.8704852 0.03713588 -0.4907916 -23.58417 -0.03813077 0.9992409 0.007977774 110.5152 0.4907153 0.01176973 0.8712405 -161.8959 0 0 0 1
132 1 0.8704852 0.03713588 -0.4907916 -24.11689 -0.03813077 0.9992409 0.007977774 110.5152 0.4907153 0.01176973 0.8712405 -161.8959 0 0 0 1
133 0 0.8699284 0.03639166 -0.4918337 -23.60989 -0.03721255 0.9992744 0.00811862 110.4158 0.4917723 0.01123977 0.8706514 -162.5058 0 0 0 1
133 1 0.8699284 0.03639166 -0.4918337 -24.14261 -0.03721255 0.9992744 0.00811862 110.4158 0.4917723 0.01123977 0.8706514 -162.5058 0 0 0 1
134 0 0.8694996 0.036142 -0.4926097 -23.62789 -0.03679683 0.9992877 0.008366522 110.3524 0.4925613 0.01085179 0.8702102 -163.0943 0 0 0 1
134 1 0.8694996 0.036142 -0.4926097 -24.16061 -0.03679683 0.9992877 0.008366522 110.3524 0.4925613 0.01085179 0.8702102 -163.0943 0 0 0 1
135 0 0.8689511 0.03602703 -0.4935849 -23.60672 -0.03675412 0.9992904 0.008233494 110.3771 0.4935313 0.01098678 0.8696586 -163.6762 0 0 0 1
135 1 0.8689511 0.03602703 -0.4935849 -24.13944 -0.03675412 0.9992904 0.008233494 110.3771 0.4935313 0.01098678 0.8696586 -163.6762 0 0 0 1
136 0 0.8683798 0.03617198 -0.4945787 -23.53819 -0.0368063 0.9992866 0.008460379 110.3632 0.4945319 0.01085679 0.8690917 -164.234 0 0 0 1
136 1 0.8683798 0.03617198 -0.4945787 -24.07092 -0.0368063 0.9992866 0.008460379 110.3632 0.4945319 0.01085679 0.8690917 -164.234 0 0 0 1
137 0 0.8679122 0.03583849 -0.4954231 -23.56353 -0.03614212 0.9993064 0.008973038 110.2394 0.4954011 0.01011783 0.8686054 -164.8993 0 0 0 1
137 1 0.8679122 0.03583849 -0.4954231 -24.09627 -0.03614212 0.9993064 0.008973038 110.2394 0.4954011 0.01011783 0.8686054 -164.8993 0 0 0 1
138 0 0.8675357 0.03506297 -0.4961374 -23.64694 -0.03552211 0.9993327 0.008511495 110.2465 0.4961048 0.01023982 0.8682023 -165.4163 0 0 0 1
138 1 0.8675357 0.03506297 -0.4961374 -24.17966 -0.03552211 0.9993327 0.008511495 110.2466 0.4961048 0.01023982 0.8682023 -165.4163 0 0 0 1
139 0 0.8670527 0.03513094 -0.4969764 -23.61161 -0.03554548 0.9993308 0.008627434 110.2435 0.4969469 0.01018482 0.8677212 -165.9542 0 0 0 1
139 1 0.8670527 0.03513094 -0.4969764 -24.14433 -0.03554548 0.9993308 0.008627434 110.2435 0.4969469 0.01018482 0.8677212 -165.9542 0 0 0 1
140 0 0.8665549 0.03582273 -0.4977945 -23.52261 -0.03577403 0.9993134 0.00963846 110.1438 0.497798 0.00945586 0.8672415 -166.6147 0 0 0 1
140 1 0.8665549 0.03582273 -0.4977945 -24.05532 -0.03577403 0.9993134 0.00963846 110.1438 0.497798 0.00945586 0.8672415 -166.6147 0 0 0 1
141 0 0.866123 0.03633456 -0.4985085 -23.46016 -0.03593477 0.9993 0.01040142 110.0684 0.4985375 0.008904883 0.8668224 -167.1989 0 0 0 1
141 1 0.866123 0.03633456 -0.4985085 -23.99287 -0.03593477 0.9993 0.01040142 110.0684 0.4985375 0.008904883 0.8668224 -167.1989 0 0 0 1
142 0 0.865664 0.03616469 -0.4993175 -23.46579 -0.03576691 0.9993064 0.0103691 110.0653 0.4993462 0.008882884 0.866357 -167.7775 0 0 0 1
142 1 0.865664 0.03616469 -0.4993175 -23.99851 -0.03576691 0.9993064 0.0103691 110.0653 0.4993462 0.008882884 0.866357 -167.7774 0 0 0 1
143 0 0.8652771 0.035662 -0.5000238 -23.51311 -0.03536627 0.9993237 0.01007203 110.0723 0.5000448 0.008968881 0.8659531 -168.2909 0 0 0 1
143 1 0.8652771 0.035662 -0.5000238 -24.04583 -0.03536627 0.9993237 0.01007203 110.0724 0.5000448 0.008968881 0.8659531 -168.2909 0 0 0 1
144 0 0.8649385 0.03544302 -0.5006247 -23.5487 -0.03537114 0.9993278 0.009638613 110.1401 0.5006298 0.009370862 0.8656107 -168.7628 0 0 0 1
144 1 0.8649385 0.03544302 -0.5006247 -24.08141 -0.03537114 0.9993278 0.009638613 110.1401 0.5006298 0.009370862 0.8656107 -168.7628 0 0 0 1
145 0 0.8646078 0.03604555 -0.5011528 -23.52016 -0.03597476 0.9993045 0.009810224 110.1907 0.5011579 0.009546855 0.8653032 -169.3031 0 0 0 1
145 1 0.8646078 0.03604555 -0.5011528 -24.0529 -0.03597476 0.9993045 0.009810224 110.1907 0.5011579 0.009546855 0.8653032 -169.3031 0 0 0 1
146 0 0.8643355 0.03731268 -0.5015295 -23.43452 -0.03699512 0.9992594 0.01058533 110.2032 0.5015529 0.009404863 0.8650758 -169.8203 0 0 0 1
146 1 0.8643355 0.03731268 -0.5015295 -23.96725 -0.03699512 0.9992594 0.01058533 110.2032 0.5015529 0.009404863 0.8650758 -169.8203 0 0 0 1
147 0 0.864096 0.03804314 -0.5018872 -23.42503 -0.03762281 0.9992318 0.010967 110.2283 0.5019189 0.009405863 0.8648636 -170.3672 0 0 0 1
147 1 0.864096 0.03804314 -0.5018872 -23.95775 -0.03762281 0.9992318 0.010967 110.2283 0.5019189 0.009405863 0.8648636 -170.3672 0 0 0 1
148 0 0.8638353 0.03782036 -0.5023527 -23.48488 -0.03734188 0.9992418 0.01101706 110.201 0.5023884 0.00924187 0.8645927 -170.8836 0 0 0 1
148 1 0.8638353 0.03782036 -0.5023527 -24.01759 -0.03734188 0.9992418 0.01101706 110.201 0.5023884 0.00924187 0.8645927 -170.8837 0 0 0 1
149 0 0.8637511 0.0372408 -0.5025408 -23.63726 -0.03683256 0.9992637 0.01074383 110.1932 0.5025708 0.00922987 0.8644868 -171.3768 0 0 0 1
149 1 0.8637511 0.0372408 -0.5025408 -24.16999 -0.03683256 0.9992637 0.01074383 110.1932 0.5025708 0.00922987 0.8644868 -171.3768 0 0 0 1
150 0 0.8636127 0.03784043 -0.5027338 -23.66962 -0.03724216 0.9992431 0.01123653 110.1797 0.5027785 0.009018878 0.8643683 -171.9345 0 0 0 1
150 1 0.8636127 0.03784043 -0.5027338 -24.20235 -0.03724216 0.9992431 0.01123653 110.1797 0.5027785 0.009018878 0.8643683 -171.9345 0 0 0 1
151 0 0.8634259 0.03858671 -0.5029979 -23.65827 -0.03808887 0.9992108 0.0112711 110.2749 0.5030358 0.009426864 0.8642141 -172.3789 0 0 0 1
151 1 0.8634259 0.03858671 -0.5029979 -24.19099 -0.03808887 0.9992108 0.0112711 110.2749 0.5030358 0.009426864 0.8642141 -172.3789 0 0 0 1
152 0 0.8632719 0.03852553 -0.5032668 -23.74963 -0.03832817 0.9992074 0.01074454 110.3833 0.5032818 0.01001383 0.8640643 -172.8452 0 0 0 1
152 1 0.8632719 0.03852553 -0.5032668 -24.28234 -0.03832817 0.9992074 0.01074454 110.3833 0.5032818 0.01001383 0.8640643 -172.8452 0 0 0 1
153 0 0.8630776 0.03907006 -0.503558 -23.75536 -0.03883715 0.9991854 0.01095953 110.4182 0.503576 0.01009783 0.863892 -173.3205 0 0 0 1
153 1 0.8630776 0.03907006 -0.503558 -24.28809 -0.03883715 0.9991854 0.01095953 110.4182 0.503576 0.01009783 0.863892 -173.3205 0 0 0 1
154 0 0.8629566 0.03912017 -0.5037613 -23.83358 -0.03867517 0.9991875 0.01134148 110.3576 0.5037956 0.009695848 0.8637685 -173.842 0 0 0 1
154 1 0.8629566 0.03912017 -0.5037613 -24.36631 -0.03867517 0.9991875 0.01134148 110.3576 0.5037956 0.009695848 0.8637685 -173.842 0 0 0 1
155 0 0.8627652 0.03919718 -0.5040832 -23.89694 -0.03864761 0.9991862 0.01154863 110.3363 0.5041256 0.009517858 0.8635779 -174.3882 0 0 0 1
155 1 0.8627652 0.03919718 -0.5040832 -24.42967 -0.03864761 0.9991862 0.01154863 110.3363 0.5041256 0.009517858 0.8635779 -174.3882 0 0 0 1
156 0 0.8628462 0.03917034 -0.5039465 -24.0529 -0.03843712 0.9991907 0.01185307 110.2804 0.504003 0.009142874 0.8636535 -174.8911 0 0 0 1
156 1 0.8628462 0.03917034 -0.5039465 -24.58562 -0.03843712 0.9991907 0.01185307 110.2804 0.504003 0.009142874 0.8636535 -174.8912 0 0 0 1
157 0 0.8632118 0.03949645 -0.5032947 -24.28702 -0.03816957 0.9991874 0.01294656 110.1089 0.5033971 0.008034914 0.8640178 -175.5063 0 0 0 1
157 1 0.8632118 0.03949645 -0.5032947 -24.81975 -0.03816957 0.9991874 0.01294656 110.1089 0.5033971 0.008034914 0.8640178 -175.5063 0 0 0 1
158 0 0.863413 0.04017318 -0.5028957 -24.41707 -0.03827339 0.9991677 0.01410632 109.9669 0.5030439 0.007067941 0.864232 -176.067 0 0 0 1
158 1 0.863413 0.04017318 -0.5028957 -24.9498 -0.03827339 0.9991677 0.01410632 109.9669 0.5030439 0.007067941 0.864232 -176.067 0 0 0 1
159 0 0.8636198 0.04019015 -0.5025392 -24.62533 -0.03832506 0.9991666 0.01404542 109.9902 0.5026848 0.007129938 0.8644403 -176.5621 0 0 0 1
159 1 0.8636198 0.04019015 -0.5025392 -25.15807 -0.03832506 0.9991666 0.01404542 109.9902 0.5026848 0.007129938 0.8644403 -176.5621 0 0 0 1
160 0 0.8638441 0.03967565 -0.5021945 -24.87821 -0.03774069 0.9991892 0.0140213 109.9374 0.5023436 0.006840947 0.8646411 -177.0488 0 0 0 1
160 1 0.8638441 0.03967565 -0.5021945 -25.41093 -0.03774069 0.9991892 0.0140213 109.9374 0.5023436 0.006840947 0.8646411 -177.0488 0 0 0 1
161 0 0.864014 0.03896341 -0.5019578 -25.13176 -0.03675195 0.9992221 0.01430181 109.7963 0.5021246 0.006090964 0.8647738 -177.5899 0 0 0 1
161 1 0.864014 0.03896341 -0.5019578 -25.66449 -0.03675195 0.9992221 0.01430181 109.7963 0.5021246 0.006090964 0.8647738 -177.5899 0 0 0 1
162 0 0.8638833 0.03910852 -0.5021715 -25.21149 -0.03636857 0.999222 0.01525354 109.6277 0.5023773 0.005085977 0.8646336 -178.2229 0 0 0 1
162 1 0.8638833 0.03910852 -0.5021715 -25.74422 -0.03636857 0.999222 0.01525354 109.6277 0.5023773 0.005085977 0.8646336 -178.2229 0 0 0 1
163 0 0.8638034 0.03947433 -0.5022803 -25.27583 -0.03643335 0.9992101 0.0158714 109.5548 0.50251 0.004589983 0.8645592 -178.752 0 0 0 1
163 1 0.8638034 0.03947433 -0.5022803 -25.80856 -0.03643335 0.9992101 0.0158714 109.5548 0.50251 0.004589983 0.8645592 -178.752 0 0 0 1
164 0 0.8638377 0.04004588 -0.5021761 -25.3765 -0.03687945 0.9991878 0.01624032 109.5604 0.5024186 0.004490985 0.8646129 -179.2816 0 0 0 1
164 1 0.8638377 0.04004588 -0.5021761 -25.90923 -0.03687945 0.9991878 0.01624032 109.5604 0.5024186 0.004490985 0.8646129 -179.2816 0 0 0 1
165 0 0.8637553 0.04015576 -0.5023089 -25.46661 -0.03705741 0.9991826 0.01615421 109.6 0.502547 0.004660982 0.8645374 -179.7439 0 0 0 1
165 1 0.8637553 0.04015576 -0.5023089 -25.99934 -0.03705741 0.9991826 0.01615421 109.6 0.502547 0.004660982 0.8645374 -179.7439 0 0 0 1
166 0 0.8636607 0.04004296 -0.5024806 -25.57374 -0.03663925 0.9991899 0.01665067 109.4894 0.5027402 0.004029986 0.8644282 -180.2981 0 0 0 1
166 1 0.8636607 0.04004296 -0.5024806 -26.10646 -0.03663925 0.9991899 0.01665067 109.4894 0.5027402 0.004029986 0.8644282 -180.2981 0 0 0 1
167 0 0.863562 0.04061057 -0.5026047 -25.62715 -0.03689976 0.9991686 0.01733286 109.4289 0.5028908 0.003577994 0.8643426 -180.883 0 0 0 1
167 1 0.863562 0.04061057 -0.5026047 -26.15987 -0.03689976 0.9991686 0.01733286 109.4289 0.5028908 0.003577994 0.8643426 -180.883 0 0 0 1
168 0 0.8635883 0.04013794 -0.5025976 -25.81052 -0.03657059 0.9991872 0.01695866 109.4523 0.5028697 0.003734992 0.8643542 -181.3582 0 0 0 1
168 1 0.8635883 0.04013794 -0.5025976 -26.34324 -0.03657059 0.9991872 0.01695866 109.4523 0.5028697 0.003734992 0.8643542 -181.3582 0 0 0 1
169 0 0.863511 0.04006999 -0.5027356 -25.93302 -0.03651623 0.9991899 0.01691816 109.4598 0.5030062 0.003748992 0.8642747 -181.9016 0 0 0 1
169 1 0.863511 0.04006999 -0.5027356 -26.46576 -0.03651623 0.9991899 0.01691816 109.4598 0.5030062 0.003748992 0.8642747 -181.9016 0 0 0 1
170 0 0.8633689 0.040098 -0.5029774 -26.01038 -0.03640625 0.9991897 0.01716476 109.4187 0.5032581 0.003491993 0.8641291 -182.432 0 0 0 1
170 1 0.8633689 0.040098 -0.5029774 -26.54309 -0.03640625 0.9991897 0.01716476 109.4187 0.5032581 0.003491993 0.8641291 -182.4321 0 0 0 1
171 0 0.8633329 0.03931453 -0.5031012 -26.20354 -0.03603189 0.9992185 0.01625178 109.515 0.503347 0.004096989 0.8640747 -182.864 0 0 0 1
171 1 0.8633329 0.03931453 -0.5031012 -26.73627 -0.03603189 0.9992185 0.01625178 109.515 0.503347 0.004096989 0.8640747 -182.864 0 0 0 1
172 0 0.8633229 0.0395142 -0.5031026 -26.32329 -0.03670855 0.999206 0.01548689 109.7117 0.5033152 0.005097978 0.8640879 -183.3029 0 0 0 1
172 1 0.8633229 0.0395142 -0.5031026 -26.85602 -0.03670855 0.999206 0.01548689 109.7117 0.5033152 0.005097978 0.8640879 -183.3029 0 0 0 1
173 0 0.8632408 0.0396789 -0.5032304 -26.40701 -0.03722788 0.9991953 0.01492427 109.8611 0.5034177 0.005850967 0.8640234 -183.7212 0 0 0 1
173 1 0.8632408 0.0396789 -0.5032304 -26.93974 -0.03722788 0.9991953 0.01492427 109.8611 0.5034177 0.005850967 0.8640234 -183.7212 0 0 0 1
174 0 0.8630691 0.03979364 -0.503516 -26.47486 -0.03766027 0.9991866 0.01441437 109.9944 0.50368 0.006521954 0.8638657 -184.2011 0 0 0 1
174 1 0.8630691 0.03979364 -0.503516 -27.00758 -0.03766027 0.9991866 0.01441437 109.9943 0.50368 0.006521954 0.8638657 -184.2011 0 0 0 1
175 0 0.8630772 0.03948983 -0.5035258 -26.63538 -0.03751823 0.9991971 0.01405488 110.0387 0.5036766 0.00676095 0.8638659 -184.6648 0 0 0 1
175 1 0.8630772 0.03948983 -0.5035258 -27.1681 -0.03751823 0.9991971 0.01405488 110.0387 0.5036766 0.00676095 0.8638659 -184.6648 0 0 0 1
176 0 0.8630704 0.03880635 -0.5035907 -26.82619 -0.03695521 0.9992235 0.01366442 110.0386 0.5037299 0.006816948 0.8638343 -185.1477 0 0 0 1
176 1 0.8630704 0.03880635 -0.5035907 -27.35891 -0.03695521 0.9992235 0.01366442 110.0386 0.5037299 0.006816948 0.8638343 -185.1477 0 0 0 1
177 0 0.8628087 0.03782499 -0.5041135 -26.96131 -0.03630667 0.9992582 0.01283684 110.0932 0.5042251 0.007226938 0.863542 -185.6607 0 0 0 1
177 1 0.8628087 0.03782499 -0.5041135 -27.49403 -0.03630667 0.9992582 0.01283684 110.0932 0.5042251 0.007226938 0.863542 -185.6607 0 0 0 1
178 0 0.8623735 0.03704958 -0.5049152 -27.00034 -0.03557061 0.9992881 0.01257251 110.054 0.5050215 0.007117941 0.8630774 -186.1858 0 0 0 1
178 1 0.8623735 0.03704958 -0.5049152 -27.53307 -0.03557061 0.9992881 0.01257251 110.054 0.5050215 0.007117941 0.8630774 -186.1858 0 0 0 1
179 0 0.8617467 0.03685488 -0.5059985 -26.9256 -0.03506937 0.9992995 0.01305963 109.932 0.5061253 0.006490955 0.8624355 -186.8226 0 0 0 1
179 1 0.8617467 0.03685488 -0.5059985 -27.45833 -0.03506937 0.9992995 0.01305963 109.932 0.5061253 0.006490955 0.8624355 -186.8226 0 0 0 1
180 0 0.8612286 0.03662013 -0.5068966 -26.8829 -0.03464545 0.9993107 0.0133306 109.8496 0.5070354 0.006080964 0.8619038 -187.3759 0 0 0 1
180 1 0.8612286 0.03662013 -0.5068966 -27.41562 -0.03464545 0.9993107 0.0133306 109.8496 0.5070354 0.006080964 0.8619038 -187.3759 0 0 0 1
181 0 0.8607003 0.03691698 -0.5077717 -26.78198 -0.03477771 0.9993011 0.01370299 109.8175 0.5079228 0.005864968 0.8613827 -187.907 0 0 0 1
181 1 0.8607003 0.03691698 -0.5077717 -27.31471 -0.03477771 0.9993011 0.01370299 109.8175 0.5079228 0.005864968 0.8613827 -187.907 0 0 0 1
182 0 0.8600067 0.03663449 -0.508966 -26.68773 -0.03363573 0.9993201 0.01509459 109.4828 0.5091729 0.004137989 0.8606543 -188.657 0 0 0 1
182 1 0.8600067 0.03663449 -0.508966 -27.22044 -0.03363573 0.9993201 0.01509459 109.4828 0.5091729 0.004137989 0.8606543 -188.657 0 0 0 1
183 0 0.8594723 0.03559041 -0.509942 -26.71212 -0.03163356 0.9993644 0.0164325 109.0503 0.5102027 0.002007998 0.8600519 -189.3908 0 0 0 1
183 1 0.8594723 0.03559041 -0.509942 -27.24484 -0.03163356 0.9993644 0.0164325 109.0503 0.5102027 0.002007998 0.8600519 -189.3908 0 0 0 1
184 0 0.8589532 0.03478896 -0.5108709 -26.73132 -0.03050373 0.999394 0.01676863 108.8702 0.5111448 0.001180001 0.8594939 -190.0242 0 0 0 1
184 1 0.8589532 0.03478896 -0.5108709 -27.26405 -0.03050373 0.999394 0.01676863 108.8702 0.5111448 0.001180001 0.8594939 -190.0242 0 0 0 1
185 0 0.8583017 0.03478795 -0.5119649 -26.61071 -0.03053734 0.9993939 0.01671329 108.8873 0.5122359 0.001289001 0.8588438 -190.5146 0 0 0 1
185 1 0.8583017 0.03478795 -0.5119649 -27.14343 -0.03053734 0.9993939 0.01671329 108.8873 0.5122359 0.001289001 0.8588438 -190.5146 0 0 0 1
186 0 0.8576962 0.03514764 -0.5129541 -26.47243 -0.03149833 0.9993787 0.01581002 109.1439 0.513191 0.002596998 0.8582705 -190.8699 0 0 0 1
186 1 0.8576962 0.03514764 -0.5129541 -27.00515 -0.03149833 0.9993787 0.01581002 109.1439 0.513191 0.002596998 0.8582705 -190.8699 0 0 0 1
187 0 0.8571045 0.0359799 -0.5138844 -26.30284 -0.03307748 0.9993432 0.01479984 109.493 0.5140795 0.004312988 0.8577317 -191.2255 0 0 0 1
187 1 0.8571045 0.0359799 -0.5138844 -26.83557 -0.03307748 0.9993432 0.01479984 109.493 0.5140795 0.004312988 0.8577317 -191.2255 0 0 0 1
188 0 0.8564696 0.03709771 -0.5148626 -26.0792 -0.03514856 0.9992905 0.01353314 109.9412 0.5149993 0.006505955 0.8571659 -191.4776 0 0 0 1
188 1 0.8564696 0.03709771 -0.5148626 -26.61192 -0.03514856 0.9992905 0.01353314 109.9412 0.5149993 0.006505955 0.8571659 -191.4776 0 0 0 1
189 0 0.8557625 0.03757668 -0.5160024 -25.89922 -0.03676307 0.9992543 0.01179877 110.407 0.5160611 0.008872887 0.8565059 -191.7581 0 0 0 1
189 1 0.8557625 0.03757668 -0.5160024 -26.43194 -0.03676307 0.9992543 0.01179877 110.407 0.5160611 0.008872887 0.8565059 -191.7581 0 0 0 1
190 0 0.8552217 0.0370807 -0.5169341 -25.86161 -0.03683175 0.9992637 0.01074428 110.583 0.5169519 0.009850841 0.8559577 -192.1311 0 0 0 1
190 1 0.8552217 0.0370807 -0.5169341 -26.39434 -0.03683175 0.9992637 0.01074428 110.583 0.5169519 0.009850841 0.8559577 -192.131 0 0 0 1
191 0 0.8548337 0.03634029 -0.517628 -25.91303 -0.03610739 0.9992925 0.01052643 110.5371 0.5176443 0.009691848 0.8555411 -192.6618 0 0 0 1
191 1 0.8548337 0.03634029 -0.517628 -26.44576 -0.03610739 0.9992925 0.01052643 110.5371 0.5176443 0.009691848 0.8555411 -192.6618 0 0 0 1
192 0 0.8543743 0.03678305 -0.5183547 -25.81319 -0.03636384 0.9992784 0.01097353 110.5091 0.5183843 0.009473858 0.8550953 -193.1488 0 0 0 1
192 1 0.8543743 0.03678305 -0.5183547 -26.34591 -0.03636384 0.9992784 0.01097353 110.5091 0.5183843 0.009473858 0.8550953 -193.1488 0 0 0 1
193 0 0.8538463 0.03805508 -0.5191323 -25.60793 -0.03745671 0.9992304 0.01164159 110.5498 0.5191758 0.009504857 0.8546147 -193.6038 0 0 0 1
193 1 0.8538463 0.03805508 -0.5191323 -26.14066 -0.03745671 0.9992304 0.01164159 110.5498 0.5191758 0.009504857 0.8546147 -193.6038 0 0 0 1
194 0 0.8534145 0.03918103 -0.5197581 -25.46313 -0.03863699 0.9991826 0.01188175 110.6673 0.5197989 0.009941835 0.8542308 -194.0427 0 0 0 1
194 1 0.8534145 0.03918103 -0.5197581 -25.99586 -0.03863699 0.9991826 0.01188175 110.6673 0.5197989 0.009941835 0.8542308 -194.0427 0 0 0 1
195 0 0.8530395 0.03966756 -0.5203364 -25.38704 -0.03913276 0.9991618 0.0120163 110.7162 0.520377 0.01011183 0.8538768 -194.4588 0 0 0 1
195 1 0.8530395 0.03966756 -0.5203364 -25.91976 -0.03913276 0.9991618 0.0120163 110.7162 0.520377 0.01011183 0.8538768 -194.4588 0 0 0 1
196 0 0.8524795 0.04013975 -0.5212174 -25.24857 -0.04002445 0.9991327 0.01148258 110.917 0.5212262 0.01107277 0.8533467 -194.8316 0 0 0 1
196 1 0.8524795 0.04013975 -0.5212174 -25.7813 -0.04002445 0.9991327 0.01148258 110.917 0.5212262 0.01107277 0.8533467 -194.8316 0 0 0 1
197 0 0.8520268 0.03967066 -0.5219929 -25.22757 -0.04017456 0.999139 0.01035781 111.1166 0.5219544 0.0121457 0.852887 -195.1374 0 0 0 1
197 1 0.8520268 0.03967066 -0.5219929 -25.76029 -0.04017456 0.999139 0.01035781 111.1165 0.5219544 0.0121457 0.852887 -195.1374 0 0 0 1
198 0 0.8516708 0.03922699 -0.522607 -25.23714 -0.0398376 0.9991553 0.01007515 111.1269 0.5225608 0.0122387 0.8525142 -195.5361 0 0 0 1
198 1 0.8516708 0.03922699 -0.522607 -25.76987 -0.0398376 0.9991553 0.01007515 111.1269 0.5225608 0.0122387 0.8525142 -195.5361 0 0 0 1
199 0 0.8513485 0.03912738 -0.5231394 -25.237 -0.03941347 0.9991668 0.01059026 111.0045 0.523118 0.01160274 0.8521813 -196.041 0 0 0 1
199 1 0.8513485 0.03912738 -0.5231394 -25.76972 -0.03941347 0.9991668 0.01059026 111.0046 0.523118 0.01160274 0.8521813 -196.041 0 0 0 1
200 0 0.8510258 0.03962816 -0.5236266 -25.16692 -0.03959021 0.9991524 0.01127194 110.9297 0.5236294 0.01113777 0.8518733 -196.4831 0 0 0 1
200 1 0.8510258 0.03962816 -0.5236266 -25.69964 -0.03959021 0.9991524 0.01127194 110.9297 0.5236294 0.01113777 0.8518733 -196.4831 0 0 0 1
201 0 0.8505865 0.03943148 -0.5243545 -25.12671 -0.03922737 0.9991641 0.01150413 110.8574 0.5243698 0.01078379 0.8514223 -196.9546 0 0 0 1
201 1 0.8505865 0.03943148 -0.5243545 -25.65943 -0.03922737 0.9991641 0.01150413 110.8574 0.5243698 0.01078379 0.8514223 -196.9546 0 0 0 1
202 0 0.8502015 0.04030507 -0.5249122 -24.99313 -0.03954538 0.9991375 0.01266643 110.7249 0.5249701 0.009988835 0.8510621 -197.4285 0 0 0 1
202 1 0.8502015 0.04030507 -0.5249122 -25.52586 -0.03954538 0.9991375 0.01266643 110.7249 0.5249701 0.009988835 0.8510621 -197.4285 0 0 0 1
203 0 0.849953 0.0411196 -0.5252514 -24.91718 -0.03990607 0.9991103 0.01364058 110.6264 0.525345 0.009366862 0.8508377 -197.87 0 0 0 1
203 1 0.849953 0.0411196 -0.5252514 -25.44991 -0.03990607 0.9991103 0.01364058 110.6264 0.525345 0.009366862 0.8508377 -197.87 0 0 0 1
204 0 0.8494353 0.04151211 -0.5260574 -24.78602 -0.04041473 0.9990907 0.01358152 110.7074 0.5261429 0.009723848 0.8503406 -198.2513 0 0 0 1
204 1 0.8494353 0.04151211 -0.5260574 -25.31874 -0.04041473 0.9990907 0.01358152 110.7074 0.5261429 0.009723848 0.8503406 -198.2513 0 0 0 1
205 0 0.8490506 0.04175885 -0.5266585 -24.71033 -0.04065007 0.9990798 0.01368335 110.7284 0.5267453 0.009790845 0.8499668 -198.6178 0 0 0 1
205 1 0.8490506 0.04175885 -0.5266585 -25.24306 -0.04065007 0.9990798 0.01368335 110.7284 0.5267453 0.009790845 0.8499668 -198.6178 0 0 0 1
206 0 0.8485736 0.04246513 -0.5273705 -24.563 -0.04131857 0.9990485 0.01396149 110.7772 0.5274615 0.009942836 0.8495207 -199.0141 0 0 0 1
206 1 0.8485736 0.04246513 -0.5273705 -25.09573 -0.04131857 0.9990485 0.01396149 110.7772 0.5274615 0.009942836 0.8495207 -199.0141 0 0 0 1
207 0 0.8482315 0.04255787 -0.527913 -24.51405 -0.04159816 0.9990405 0.01369955 110.8608 0.5279895 0.01033982 0.849188 -199.3404 0 0 0 1
207 1 0.8482315 0.04255787 -0.527913 -25.04677 -0.04159816 0.9990405 0.01369955 110.8608 0.5279895 0.01033982 0.849188 -199.3404 0 0 0 1
208 0 0.8477831 0.04198029 -0.528679 -24.48595 -0.04124712 0.9990619 0.01318814 110.9037 0.5287367 0.0106258 0.8487194 -199.6823 0 0 0 1
208 1 0.8477831 0.04198029 -0.528679 -25.01868 -0.04124712 0.9990619 0.01318814 110.9038 0.5287367 0.0106258 0.8487194 -199.6823 0 0 0 1
209 0 0.847308 0.04138175 -0.5294872 -24.45589 -0.04083464 0.9990847 0.01273754 110.93 0.5295296 0.01082879 0.8482223 -200.0646 0 0 0 1
209 1 0.847308 0.04138175 -0.5294872 -24.98862 -0.04083464 0.9990847 0.01273754 110.93 0.5295296 0.01082879 0.8482223 -200.0646 0 0 0 1
210 0 0.8469199 0.04204508 -0.5300555 -24.33055 -0.0414514 0.9990557 0.0130163 110.9719 0.5301023 0.01094778 0.847863 -200.4153 0 0 0 1
210 1 0.8469199 0.04204508 -0.5300555 -24.86327 -0.0414514 0.9990557 0.0130163 110.9719 0.5301023 0.01094778 0.847863 -200.4152 0 0 0 1
211 0 0.846296 0.04255969 -0.5310102 -24.13653 -0.04175505 0.9990363 0.0135243 110.9386 0.531074 0.0107268 0.8472576 -200.8522 0 0 0 1
211 1 0.846296 0.04255969 -0.5310102 -24.66925 -0.04175505 0.9990363 0.0135243 110.9386 0.531074 0.0107268 0.8472576 -200.8522 0 0 0 1
212 0 0.8459085 0.04301821 -0.5315903 -24.03442 -0.04088697 0.9990391 0.01578328 110.4793 0.5317585 0.008383902 0.8468546 -201.4784 0 0 0 1
212 1 0.8459085 0.04301821 -0.5315903 -24.56714 -0.04088697 0.9990391 0.01578328 110.4793 0.5317585 0.008383902 0.8468546 -201.4784 0 0 0 1
213 0 0.8454975 0.04309477 -0.5322376 -23.9586 -0.03987589 0.9990506 0.01754647 110.0779 0.5324885 0.006387957 0.8464131 -202.0775 0 0 0 1
213 1 0.8454975 0.04309477 -0.5322376 -24.49133 -0.03987589 0.9990506 0.01754647 110.0779 0.5324885 0.006387957 0.8464131 -202.0775 0 0 0 1
214 0 0.8449558 0.04279136 -0.5331216 -23.88473 -0.03894755 0.9990707 0.01846227 109.8206 0.5334162 0.005163977 0.8458372 -202.6443 0 0 0 1
214 1 0.8449558 0.04279136 -0.5331216 -24.41747 -0.03894755 0.9990707 0.01846227 109.8206 0.5334162 0.005163977 0.8458372 -202.6443 0 0 0 1
215 0 0.8444781 0.04206111 -0.5339359 -23.86464 -0.03812458 0.9991034 0.01840675 109.7294 0.5342314 0.004811982 0.8453246 -203.0928 0 0 0 1
215 1 0.8444781 0.04206111 -0.5339359 -24.39737 -0.03812458 0.9991034 0.01840675 109.7294 0.5342314 0.004811982 0.8453246 -203.0928 0 0 0 1
216 0 0.8439907 0.04272539 -0.5346534 -23.72626 -0.03894985 0.9990726 0.01835292 109.8512 0.5349416 0.005334975 0.8448722 -203.4913 0 0 0 1
216 1 0.8439907 0.04272539 -0.5346534 -24.25899 -0.03894985 0.9990726 0.01835292 109.8512 0.5349416 0.005334975 0.8448722 -203.4913 0 0 0 1
217 0 0.8434705 0.04315902 -0.535439 -23.58858 -0.03920751 0.9990548 0.01876563 109.8252 0.5357428 0.005164978 0.8443654 -203.9419 0 0 0 1
217 1 0.8434705 0.04315902 -0.535439 -24.12132 -0.03920751 0.9990548 0.01876563 109.8252 0.5357428 0.005164978 0.8443654 -203.9419 0 0 0 1
218 0 0.8429432 0.04342985 -0.5362469 -23.46799 -0.03919772 0.9990451 0.01929509 109.7461 0.5365728 0.004754981 0.8438407 -204.4274 0 0 0 1
218 1 0.8429432 0.04342985 -0.5362469 -24.00072 -0.03919772 0.9990451 0.01929509 109.746 0.5365728 0.004754981 0.8438407 -204.4274 0 0 0 1
219 0 0.8424878 0.04242691 -0.5370422 -23.50323 -0.03798082 0.9990911 0.01934665 109.5868 0.5373749 0.004097989 0.8433335 -204.9948 0 0 0 1
219 1 0.8424878 0.04242691 -0.5370422 -24.03595 -0.03798082 0.9990911 0.01934665 109.5868 0.5373749 0.004097989 0.8433335 -204.9948 0 0 0 1
220 0 0.8421334 0.04184655 -0.5376433 -23.53003 -0.03705918 0.9991185 0.01971733 109.4135 0.5379944 0.003319995 0.8429419 -205.54 0 0 0 1
220 1 0.8421334 0.04184655 -0.5376433 -24.06276 -0.03705918 0.9991185 0.01971733 109.4135 0.5379944 0.003319995 0.8429419 -205.54 0 0 0 1
221 0 0.8415858 0.04172571 -0.5385094 -23.45648 -0.03670415 0.9991249 0.02005444 109.3197 0.5388749 0.002887995 0.8423809 -206.1123 0 0 0 1
221 1 0.8415858 0.04172571 -0.5385094 -23.98921 -0.03670415 0.9991249 0.02005444 109.3197 0.5388749 0.002887995 0.8423809 -206.1123 0 0 0 1
222 0 0.8411161 0.04279372 -0.539159 -23.29525 -0.03770015 0.9990791 0.02048395 109.3874 0.539539 0.003096993 0.8419549 -206.5722 0 0 0 1
222 1 0.8411161 0.04279372 -0.539159 -23.82798 -0.03770015 0.9990791 0.02048395 109.3874 0.539539 0.003096993 0.8419549 -206.5722 0 0 0 1
223 0 0.8406742 0.04353101 -0.539789 -23.18043 -0.03840703 0.9990467 0.02075203 109.4437 0.5401777 0.003285996 0.8415446 -207.0415 0 0 0 1
223 1 0.8406742 0.04353101 -0.539789 -23.71314 -0.03840703 0.9990467 0.02075203 109.4437 0.5401777 0.003285996 0.8415446 -207.0415 0 0 0 1
224 0 0.8402451 0.04504052 -0.5403329 -23.0123 -0.03964243 0.9989799 0.02162597 109.4726 0.5407557 0.003248994 0.8411734 -207.591 0 0 0 1
224 1 0.8402451 0.04504052 -0.5403329 -23.54501 -0.03964243 0.9989799 0.02162597 109.4726 0.5407557 0.003248994 0.8411734 -207.591 0 0 0 1
225 0 0.8399688 0.0447658 -0.5407851 -23.05802 -0.03940157 0.9989922 0.02149578 109.4693 0.5412023 0.003251995 0.8408861 -208.0958 0 0 0 1
225 1 0.8399688 0.0447658 -0.5407851 -23.59075 -0.03940157 0.9989922 0.02149578 109.4693 0.5412023 0.003251995 0.8408861 -208.0958 0 0 0 1
226 0 0.8397377 0.04393352 -0.541212 -23.18491 -0.03905202 0.9990268 0.02050454 109.5923 0.5415861 0.00391699 0.8406361 -208.5873 0 0 0 1
226 1 0.8397377 0.04393352 -0.541212 -23.71764 -0.03905202 0.9990268 0.02050454 109.5923 0.5415861 0.00391699 0.8406361 -208.5873 0 0 0 1
227 0 0.83961 0.04298836 -0.541486 -23.35354 -0.03843372 0.9990665 0.01972146 109.6454 0.5418283 0.004252988 0.8404784 -209.0645 0 0 0 1
227 1 0.83961 0.04298836 -0.541486 -23.88627 -0.03843372 0.9990665 0.01972146 109.6454 0.5418283 0.004252988 0.8404784 -209.0645 0 0 0 1
228 0 0.8394628 0.04338394 -0.5416827 -23.3992 -0.03887145 0.9990485 0.01977456 109.7036 0.5420251 0.004455984 0.8403504 -209.612 0 0 0 1
228 1 0.8394628 0.04338394 -0.5416827 -23.93193 -0.03887145 0.9990485 0.01977456 109.7036 0.5420251 0.004455984 0.8403504 -209.612 0 0 0 1
229 0 0.8392844 0.04500537 -0.5418268 -23.30977 -0.04018988 0.9989771 0.02072357 109.7323 0.5422053 0.004382986 0.8402346 -210.1397 0 0 0 1
229 1 0.8392844 0.04500537 -0.5418268 -23.8425 -0.04018988 0.9989771 0.02072357 109.7323 0.5422053 0.004382986 0.8402346 -210.1397 0 0 0 1
230 0 0.8391474 0.04476563 -0.5420586 -23.40784 -0.03991449 0.9989884 0.02071031 109.7057 0.5424374 0.004256987 0.8400854 -210.682 0 0 0 1
230 1 0.8391474 0.04476563 -0.5420586 -23.94057 -0.03991449 0.9989884 0.02071031 109.7057 0.5424374 0.004256987 0.8400854 -210.682 0 0 0 1
231 0 0.8388982 0.04401834 -0.5425054 -23.52435 -0.03937685 0.9990209 0.02016952 109.7313 0.5428621 0.004441987 0.8398101 -211.2497 0 0 0 1
231 1 0.8388982 0.04401834 -0.5425054 -24.05706 -0.03937685 0.9990209 0.02016952 109.7313 0.5428621 0.004441987 0.8398101 -211.2497 0 0 0 1
232 0 0.8387492 0.04287233 -0.5428276 -23.70334 -0.03867393 0.9990684 0.01914911 109.8128 0.5431429 0.00493198 0.8396258 -211.7287 0 0 0 1
232 1 0.8387492 0.04287233 -0.5428276 -24.23606 -0.03867393 0.9990684 0.01914911 109.8128 0.5431429 0.00493198 0.8396258 -211.7287 0 0 0 1
233 0 0.838536 0.04332287 -0.5431211 -23.72448 -0.03914799 0.999048 0.01924917 109.8696 0.543438 0.005120977 0.8394337 -212.2962 0 0 0 1
233 1 0.838536 0.04332287 -0.5431211 -24.25721 -0.03914799 0.999048 0.01924917 109.8696 0.543438 0.005120977 0.8394337 -212.2963 0 0 0 1
234 0 0.8386105 0.04360366 -0.5429837 -23.85682 -0.03924424 0.9990371 0.01961578 109.8302 0.5433161 0.004858982 0.8395141 -212.8535 0 0 0 1
234 1 0.8386105 0.04360366 -0.5429837 -24.38953 -0.03924424 0.9990371 0.01961578 109.8302 0.5433161 0.004858982 0.8395141 -212.8535 0 0 0 1
235 0 0.8384577 0.04361077 -0.5432189 -23.93199 -0.03891825 0.9990395 0.02013475 109.7082 0.5435752 0.004258987 0.8393496 -213.4669 0 0 0 1
235 1 0.8384577 0.04361077 -0.5432189 -24.46471 -0.03891825 0.9990395 0.02013475 109.7082 0.5435752 0.004258987 0.8393496 -213.4669 0 0 0 1
236 0 0.8383937 0.04280756 -0.5433816 -24.12987 -0.03816341 0.9990749 0.01982399 109.6658 0.5437276 0.00411699 0.8392517 -214.0882 0 0 0 1
236 1 0.8383937 0.04280756 -0.5433816 -24.6626 -0.03816341 0.9990749 0.01982399 109.6658 0.5437276 0.00411699 0.8392517 -214.0882 0 0 0 1
237 0 0.8383173 0.04247393 -0.5435255 -24.26803 -0.03764669 0.9990908 0.02000906 109.5722 0.5438812 0.003687993 0.8391541 -214.6931 0 0 0 1
237 1 0.8383173 0.04247393 -0.5435255 -24.80076 -0.03764669 0.9990908 0.02000906 109.5722 0.5438812 0.003687993 0.8391541 -214.6931 0 0 0 1
238 0 0.8381119 0.04305454 -0.5437967 -24.28624 -0.0375284 0.9990694 0.02126067 109.3552 0.544206 0.002588998 0.8389477 -215.4398 0 0 0 1
238 1 0.8381119 0.04305454 -0.5437967 -24.81896 -0.0375284 0.9990694 0.02126067 109.3552 0.544206 0.002588998 0.8389477 -215.4398 0 0 0 1
239 0 0.837654 0.04345924 -0.5444696 -24.21463 -0.03742716 0.9990535 0.02216303 109.1975 0.5449175 0.001813001 0.8384877 -216.123 0 0 0 1
239 1 0.837654 0.04345924 -0.5444696 -24.74736 -0.03742716 0.9990535 0.02216303 109.1975 0.5449175 0.001813001 0.8384877 -216.123 0 0 0 1
240 0 0.8372178 0.042681 -0.5452015 -24.26762 -0.036471 0.9990879 0.02220813 109.0651 0.5456522 0.001291001 0.8380108 -216.7903 0 0 0 1
240 1 0.8372178 0.042681 -0.5452015 -24.80035 -0.036471 0.9990879 0.02220813 109.0651 0.5456522 0.001291001 0.8380108 -216.7903 0 0 0 1
241 0 0.8366957 0.04211654 -0.5460463 -24.28798 -0.03560643 0.9991125 0.02250252 108.9034 0.5465094 0.0006150017 0.8374527 -217.5493 0 0 0 1
241 1 0.8366957 0.04211654 -0.5460463 -24.82069 -0.03560643 0.9991125 0.02250252 108.9034 0.5465094 0.0006150017 0.8374527 -217.5493 0 0 0 1
242 0 0.8363245 0.0424932 -0.5465854 -24.26842 -0.03559323 0.9990968 0.02321197 108.7887 0.5470781 4.199985E-05 0.8370816 -218.2377 0 0 0 1
242 1 0.8363245 0.0424932 -0.5465854 -24.80114 -0.03559323 0.9990968 0.02321197 108.7887 0.5470781 4.199985E-05 0.8370816 -218.2377 0 0 0 1
243 0 0.8357712 0.04286088 -0.5474026 -24.19379 -0.03601168 0.999081 0.02324426 108.8496 0.5478957 0.0002860008 0.8365466 -218.9228 0 0 0 1
243 1 0.8357712 0.04286088 -0.5474026 -24.72652 -0.03601168 0.999081 0.02324426 108.8496 0.5478957 0.0002860008 0.8365466 -218.9228 0 0 0 1
244 0 0.8353251 0.04243722 -0.5481158 -24.22102 -0.03615841 0.9990984 0.02224882 109.047 0.5485659 0.001234 0.8361064 -219.4766 0 0 0 1
244 1 0.8353251 0.04243722 -0.5481158 -24.75375 -0.03615841 0.9990984 0.02224882 109.047 0.5485659 0.001234 0.8361064 -219.4766 0 0 0 1
245 0 0.8347528 0.04206344 -0.5490159 -24.19291 -0.03659113 0.9991115 0.02091292 109.3438 0.5494078 0.002631998 0.8355502 -219.995 0 0 0 1
245 1 0.8347528 0.04206344 -0.5490159 -24.72563 -0.03659113 0.9991115 0.02091292 109.3438 0.5494078 0.002631998 0.8355502 -219.995 0 0 0 1
246 0 0.8340683 0.0422079 -0.5500442 -24.09038 -0.03806636 0.9990956 0.01894353 109.8989 0.5503463 0.005137976 0.8349208 -220.4654 0 0 0 1
246 1 0.8340683 0.0422079 -0.5500442 -24.62311 -0.03806636 0.9990956 0.01894353 109.8989 0.5503463 0.005137976 0.8349208 -220.4654 0 0 0 1
247 0 0.8335458 0.04307756 -0.5507683 -23.96478 -0.0399069 0.9990458 0.01774289 110.376 0.5510071 0.007189939 0.8344696 -220.9128 0 0 0 1
247 1 0.8335458 0.04307756 -0.5507683 -24.4975 -0.0399069 0.9990458 0.01774289 110.376 0.5510071 0.007189939 0.8344696 -220.9128 0 0 0 1
248 0 0.8329288 0.04361754 -0.5516586 -23.85011 -0.04112455 0.9990112 0.01689558 110.7077 0.5518501 0.008613895 0.8338989 -221.4922 0 0 0 1
248 1 0.8329288 0.04361754 -0.5516586 -24.38284 -0.04112455 0.9990112 0.01689558 110.7077 0.5518501 0.008613895 0.8338989 -221.4922 0 0 0 1
249 0 0.8324337 0.04314175 -0.5524427 -23.85306 -0.04108348 0.9990258 0.01611107 110.8492 0.5525995 0.009284867 0.8333952 -222.093 0 0 0 1
249 1 0.8324337 0.04314175 -0.5524427 -24.38577 -0.04108348 0.9990258 0.01611107 110.8492 0.5525995 0.009284867 0.8333952 -222.093 0 0 0 1
250 0 0.8319685 0.04293193 -0.5531594 -23.84739 -0.0409348 0.9990342 0.01597008 110.8651 0.5533108 0.009356865 0.8329224 -222.7513 0 0 0 1
250 1 0.8319685 0.04293193 -0.5531594 -24.3801 -0.0409348 0.9990342 0.01597008 110.8651 0.5533108 0.009356865 0.8329224 -222.7513 0 0 0 1
251 0 0.831448 0.04355142 -0.553893 -23.76028 -0.0412847 0.9990099 0.01657762 110.8249 0.5540666 0.009083875 0.8324228 -223.5084 0 0 0 1
251 1 0.831448 0.04355142 -0.553893 -24.29299 -0.0412847 0.9990099 0.01657762 110.8249 0.5540666 0.009083875 0.8324228 -223.5084 0 0 0 1
252 0 0.8310044 0.04257947 -0.5546337 -23.83531 -0.0403196 0.9990541 0.01628719 110.7488 0.5548027 0.008827886 0.8319352 -224.1948 0 0 0 1
252 1 0.8310044 0.04257947 -0.5546337 -24.36804 -0.0403196 0.9990541 0.01628719 110.7488 0.5548027 0.008827886 0.8319352 -224.1948 0 0 0 1
253 0 0.830422 0.04177516 -0.5555665 -23.85223 -0.039717 0.9990867 0.01575892 110.767 0.5557174 0.008978879 0.8313228 -224.9053 0 0 0 1
253 1 0.830422 0.04177516 -0.5555665 -24.38494 -0.039717 0.9990867 0.01575892 110.767 0.5557174 0.008978879 0.8313228 -224.9053 0 0 0 1
254 0 0.8299149 0.04109175 -0.5563747 -23.87299 -0.03916982 0.9991145 0.01536329 110.7687 0.5565133 0.009042876 0.8307895 -225.5562 0 0 0 1
254 1 0.8299149 0.04109175 -0.5563747 -24.40572 -0.03916982 0.9991145 0.01536329 110.7688 0.5565133 0.009042876 0.8307895 -225.5562 0 0 0 1
255 0 0.8293856 0.04200385 -0.5570953 -23.73485 -0.04001712 0.9990748 0.015752 110.8369 0.5572416 0.009228872 0.8302991 -226.1863 0 0 0 1
255 1 0.8293856 0.04200385 -0.5570953 -24.26758 -0.04001712 0.9990748 0.015752 110.8369 0.5572416 0.009228872 0.8302991 -226.1863 0 0 0 1
256 0 0.8288404 0.04218934 -0.5578922 -23.67361 -0.04062606 0.9990589 0.01519488 111.0374 0.5580082 0.01007083 0.8297744 -226.8065 0 0 0 1
256 1 0.8288404 0.04218934 -0.5578922 -24.20632 -0.04062606 0.9990589 0.01519488 111.0374 0.5580082 0.01007083 0.8297744 -226.8065 0 0 0 1
257 0 0.8281964 0.04263445 -0.5588139 -23.53002 -0.04155253 0.9990291 0.01463706 111.2842 0.5588955 0.01109777 0.8291638 -227.3439 0 0 0 1
257 1 0.8281964 0.04263445 -0.5588139 -24.06276 -0.04155253 0.9990291 0.01463706 111.2842 0.5588955 0.01109777 0.8291638 -227.3439 0 0 0 1
258 0 0.8278439 0.04178721 -0.5594 -23.63933 -0.04089522 0.9990638 0.01411017 111.295 0.5594659 0.01119577 0.8287777 -228.0342 0 0 0 1
258 1 0.8278439 0.04178721 -0.5594 -24.17204 -0.04089522 0.9990638 0.01411017 111.295 0.5594659 0.01119577 0.8287777 -228.0342 0 0 0 1
259 0 0.8274311 0.04250527 -0.5599563 -23.56186 -0.04177791 0.9990274 0.01410036 111.4408 0.560011 0.01172673 0.8284022 -228.6112 0 0 0 1
259 1 0.8274311 0.04250527 -0.5599563 -24.09458 -0.04177791 0.9990274 0.01410036 111.4408 0.560011 0.01172673 0.8284022 -228.6112 0 0 0 1
260 0 0.8270221 0.0438053 -0.56046 -23.42982 -0.04353143 0.9989561 0.01384241 111.7599 0.5604814 0.01294964 0.8280658 -229.1081 0 0 0 1
260 1 0.8270221 0.0438053 -0.56046 -23.96254 -0.04353143 0.9989561 0.01384241 111.7599 0.5604814 0.01294964 0.8280658 -229.1081 0 0 0 1
261 0 0.8266798 0.04595393 -0.5607929 -23.29328 -0.04533167 0.998859 0.01502643 111.8367 0.5608436 0.01299964 0.8278197 -229.907 0 0 0 1
261 1 0.8266798 0.04595393 -0.5607929 -23.826 -0.04533167 0.998859 0.01502643 111.8367 0.5608436 0.01299964 0.8278197 -229.907 0 0 0 1
262 0 0.8264882 0.04605094 -0.5610673 -23.32898 -0.04528166 0.9988574 0.01528081 111.7962 0.5611299 0.01277665 0.8276291 -230.4274 0 0 0 1
262 1 0.8264882 0.04605094 -0.5610673 -23.86171 -0.04528166 0.9988574 0.01528081 111.7962 0.5611299 0.01277665 0.8276291 -230.4274 0 0 0 1
263 0 0.8262495 0.04530725 -0.5614793 -23.46996 -0.04418691 0.9989018 0.01558042 111.5957 0.5615686 0.01193672 0.8273441 -231.1993 0 0 0 1
263 1 0.8262495 0.04530725 -0.5614793 -24.00271 -0.04418691 0.9989018 0.01558042 111.5957 0.5615686 0.01193672 0.8273441 -231.1993 0 0 0 1
264 0 0.8261632 0.04497445 -0.5616331 -23.61893 -0.04297034 0.9989353 0.0167833 111.2127 0.5617899 0.01026782 0.8272162 -231.9933 0 0 0 1
264 1 0.8261632 0.04497445 -0.5616331 -24.15166 -0.04297034 0.9989353 0.0167833 111.2127 0.5617899 0.01026782 0.8272162 -231.9933 0 0 0 1
265 0 0.8260067 0.04623076 -0.5617612 -23.59423 -0.04314545 0.9988925 0.01876443 110.8974 0.5620065 0.00873789 0.8270866 -232.7627 0 0 0 1
265 1 0.8260067 0.04623076 -0.5617612 -24.12697 -0.04314545 0.9988925 0.01876443 110.8974 0.5620065 0.00873789 0.8270866 -232.7627 0 0 0 1
266 0 0.825829 0.04680717 -0.5619746 -23.63831 -0.04351785 0.9988673 0.01924615 110.8807 0.5622389 0.008561896 0.8269305 -233.4395 0 0 0 1
266 1 0.825829 0.04680717 -0.5619746 -24.17103 -0.04351785 0.9988673 0.01924615 110.8807 0.5622389 0.008561896 0.8269305 -233.4395 0 0 0 1
267 0 0.8256338 0.04648314 -0.5622883 -23.73759 -0.04377895 0.9988738 0.01829205 111.1041 0.5625053 0.009513858 0.8267389 -233.9255 0 0 0 1
267 1 0.8256338 0.04648314 -0.5622883 -24.27029 -0.04377895 0.9988738 0.01829205 111.1041 0.5625053 0.009513858 0.8267389 -233.9255 0 0 0 1
268 0 0.8253206 0.0463113 -0.5627621 -23.78175 -0.04480826 0.9988596 0.0164853 111.5994 0.5628838 0.01161074 0.8264545 -234.3335 0 0 0 1
268 1 0.8253206 0.0463113 -0.5627621 -24.31448 -0.04480826 0.9988596 0.0164853 111.5994 0.5628838 0.01161074 0.8264545 -234.3335 0 0 0 1
269 0 0.8252192 0.04640731 -0.5629029 -23.87099 -0.04575099 0.9988361 0.01527563 111.9741 0.5629566 0.01314762 0.8263819 -234.7144 0 0 0 1
269 1 0.8252192 0.04640731 -0.5629029 -24.4037 -0.04575099 0.9988361 0.01527563 111.9741 0.5629566 0.01314762 0.8263819 -234.7144 0 0 0 1
270 0 0.8251347 0.04608579 -0.5630531 -24.01373 -0.04538743 0.9988531 0.01524224 111.9392 0.5631099 0.01297864 0.8262801 -235.3189 0 0 0 1
270 1 0.8251347 0.04608579 -0.5630531 -24.54646 -0.04538743 0.9988531 0.01524224 111.9392 0.5631099 0.01297864 0.8262801 -235.3189 0 0 0 1
271 0 0.8251718 0.04528057 -0.563064 -24.23302 -0.04484009 0.9988872 0.0146154 111.9816 0.5630993 0.01318762 0.8262841 -235.8029 0 0 0 1
271 1 0.8251718 0.04528057 -0.563064 -24.76574 -0.04484009 0.9988872 0.0146154 111.9816 0.5630993 0.01318762 0.8262841 -235.8029 0 0 0 1
272 0 0.8255728 0.04430934 -0.5625533 -24.61665 -0.04431868 0.9989243 0.01364028 112.0905 0.5625526 0.01367057 0.8266485 -236.2174 0 0 0 1
272 1 0.8255728 0.04430934 -0.5625533 -25.14939 -0.04431868 0.9989243 0.01364028 112.0906 0.5625526 0.01367057 0.8266485 -236.2174 0 0 0 1
273 0 0.8262836 0.04346898 -0.5615745 -25.12408 -0.04387653 0.9989554 0.01276609 112.1941 0.5615428 0.01409153 0.8273277 -236.6498 0 0 0 1
273 1 0.8262836 0.04346898 -0.5615745 -25.65679 -0.04387653 0.9989554 0.01276609 112.1941 0.5615428 0.01409153 0.8273277 -236.6498 0 0 0 1
274 0 0.826776 0.04332197 -0.5608608 -25.45927 -0.04392195 0.9989578 0.0124152 112.2761 0.5608141 0.01436951 0.8278171 -237.0378 0 0 0 1
274 1 0.826776 0.04332197 -0.5608608 -25.992 -0.04392195 0.9989578 0.0124152 112.2761 0.5608141 0.01436951 0.8278171 -237.0378 0 0 0 1
275 0 0.8271903 0.04397216 -0.5601988 -25.69389 -0.04540536 0.998904 0.01136221 112.7088 0.5600845 0.01603731 0.8282803 -237.2907 0 0 0 1
275 1 0.8271903 0.04397216 -0.5601988 -26.22662 -0.04540536 0.998904 0.01136221 112.7089 0.5600845 0.01603731 0.8282803 -237.2907 0 0 0 1
276 0 0.8276809 0.04413312 -0.5594609 -25.9922 -0.04620106 0.9988775 0.01044549 113.01 0.5592939 0.01720215 0.8287909 -237.5313 0 0 0 1
276 1 0.8276809 0.04413312 -0.5594609 -26.52494 -0.04620106 0.9988775 0.01044549 113.01 0.5592939 0.01720215 0.8287909 -237.5313 0 0 0 1
277 0 0.827958 0.0445267 -0.5590196 -26.17282 -0.04651882 0.9988605 0.01066211 113.0306 0.5588573 0.01717716 0.8290859 -237.8977 0 0 0 1
277 1 0.827958 0.0445267 -0.5590196 -26.70554 -0.04651882 0.9988605 0.01066211 113.0306 0.5588573 0.01717716 0.8290859 -237.8977 0 0 0 1
278 0 0.8283325 0.04352136 -0.5585437 -26.52773 -0.04603513 0.998894 0.009562064 113.1679 0.5583422 0.01779206 0.82942 -238.2078 0 0 0 1
278 1 0.8283325 0.04352136 -0.5585437 -27.06046 -0.04603513 0.998894 0.009562064 113.1679 0.5583422 0.01779206 0.82942 -238.2078 0 0 0 1
279 0 0.8286146 0.04302901 -0.5581634 -26.78223 -0.04625829 0.9988948 0.008332962 113.4373 0.5579051 0.01891487 0.8296892 -238.4084 0 0 0 1
279 1 0.8286146 0.04302901 -0.5581634 -27.31495 -0.04625829 0.9988948 0.008332962 113.4372 0.5579051 0.01891487 0.8296892 -238.4084 0 0 0 1
280 0 0.8290236 0.04326799 -0.5575373 -27.02903 -0.04696378 0.998867 0.007685373 113.6763 0.5572382 0.0198127 0.8301163 -238.6336 0 0 0 1
280 1 0.8290236 0.04326799 -0.5575373 -27.56176 -0.04696378 0.998867 0.007685373 113.6763 0.5572382 0.0198127 0.8301163 -238.6336 0 0 0 1
281 0 0.829356 0.04367907 -0.5570106 -27.21485 -0.04758746 0.9988391 0.007470994 113.8222 0.5566903 0.0203106 0.8304718 -238.8561 0 0 0 1
281 1 0.829356 0.04367907 -0.5570106 -27.74757 -0.04758746 0.9988391 0.007470994 113.8222 0.5566903 0.0203106 0.8304718 -238.8561 0 0 0 1
282 0 0.8296214 0.04380522 -0.5566052 -27.39306 -0.047511 0.9988403 0.00779416 113.76 0.5563011 0.01997867 0.8307406 -239.16 0 0 0 1
282 1 0.8296214 0.04380522 -0.5566052 -27.92578 -0.047511 0.9988403 0.00779416 113.76 0.5563011 0.01997867 0.8307406 -239.16 0 0 0 1
283 0 0.8300374 0.04315483 -0.5560356 -27.70696 -0.0457098 0.9989116 0.009292595 113.2122 0.5558314 0.01770308 0.8311065 -239.6944 0 0 0 1
283 1 0.8300374 0.04315483 -0.5560356 -28.23969 -0.0457098 0.9989116 0.009292595 113.2122 0.5558314 0.01770308 0.8311065 -239.6944 0 0 0 1
284 0 0.8305308 0.04302907 -0.5553081 -27.99834 -0.04394076 0.9989657 0.01168793 112.5015 0.5552367 0.01469347 0.8315626 -240.2685 0 0 0 1
284 1 0.8305308 0.04302907 -0.5553081 -28.53107 -0.04394076 0.9989657 0.01168793 112.5015 0.5552367 0.01469347 0.8315626 -240.2685 0 0 0 1
285 0 0.8311122 0.04278051 -0.5544568 -28.34496 -0.04261557 0.9990043 0.01320138 112.0213 0.5544695 0.01265666 0.8321078 -240.7517 0 0 0 1
285 1 0.8311122 0.04278051 -0.5544568 -28.8777 -0.04261557 0.9990043 0.01320138 112.0213 0.5544695 0.01265666 0.8321078 -240.7517 0 0 0 1
286 0 0.8315178 0.04300364 -0.553831 -28.56553 -0.04243587 0.9990031 0.01385729 111.8778 0.5538747 0.01197971 0.8325138 -241.0634 0 0 0 1
286 1 0.8315178 0.04300364 -0.553831 -29.09827 -0.04243587 0.9990031 0.01385729 111.8778 0.5538747 0.01197971 0.8325138 -241.0634 0 0 0 1
287 0 0.8319727 0.04323456 -0.5531294 -28.80594 -0.04247922 0.9989966 0.0141913 111.8287 0.553188 0.01168974 0.8329744 -241.3285 0 0 0 1
287 1 0.8319727 0.04323456 -0.5531294 -29.33866 -0.04247922 0.9989966 0.0141913 111.8287 0.553188 0.01168974 0.8329744 -241.3285 0 0 0 1
288 0 0.8322084 0.04384102 -0.552727 -28.91917 -0.04291313 0.9989718 0.01462434 111.8232 0.5527998 0.01154874 0.8332341 -241.6147 0 0 0 1
288 1 0.8322084 0.04384102 -0.552727 -29.4519 -0.04291313 0.9989718 0.01462434 111.8232 0.5527998 0.01154874 0.8332341 -241.6147 0 0 0 1
289 0 0.832442 0.04433056 -0.5523361 -29.03779 -0.04326478 0.9989515 0.01497035 111.8202 0.5524206 0.01143475 0.8334871 -241.8677 0 0 0 1
289 1 0.832442 0.04433056 -0.5523361 -29.57051 -0.04326478 0.9989515 0.01497035 111.8202 0.5524206 0.01143475 0.8334871 -241.8677 0 0 0 1
290 0 0.8324301 0.04389636 -0.5523887 -29.13641 -0.04251834 0.9989784 0.01531162 111.6447 0.5524965 0.0107408 0.833446 -242.2253 0 0 0 1
290 1 0.8324301 0.04389636 -0.5523887 -29.66911 -0.04251834 0.9989784 0.01531162 111.6447 0.5524965 0.0107408 0.833446 -242.2253 0 0 0 1
291 0 0.8325455 0.04261195 -0.5523154 -29.36549 -0.04107093 0.9990411 0.01516827 111.4472 0.5524321 0.01005583 0.8334972 -242.5498 0 0 0 1
291 1 0.8325455 0.04261195 -0.5523154 -29.8982 -0.04107093 0.9990411 0.01516827 111.4472 0.5524321 0.01005583 0.8334972 -242.5498 0 0 0 1
292 0 0.8326536 0.04213145 -0.5521891 -29.52416 -0.04060215 0.9990628 0.0150029 111.4091 0.5523037 0.009927839 0.8335839 -242.8344 0 0 0 1
292 1 0.8326536 0.04213145 -0.5521891 -30.05688 -0.04060215 0.9990628 0.0150029 111.4091 0.5523037 0.009927839 0.8335839 -242.8344 0 0 0 1
293 0 0.8324779 0.04253394 -0.5524233 -29.47053 -0.04109745 0.9990427 0.01498942 111.4955 0.552532 0.01022482 0.833429 -243.0581 0 0 0 1
293 1 0.8324779 0.04253394 -0.5524233 -30.00326 -0.04109745 0.9990427 0.01498942 111.4955 0.552532 0.01022482 0.833429 -243.0582 0 0 0 1
294 0 0.8322856 0.04315125 -0.5526651 -29.3893 -0.04171897 0.9990141 0.01517485 111.5649 0.552775 0.01042681 0.8332653 -243.2885 0 0 0 1
294 1 0.8322856 0.04315125 -0.5526651 -29.92202 -0.04171897 0.9990141 0.01517485 111.5649 0.552775 0.01042681 0.8332653 -243.2885 0 0 0 1
295 0 0.8322077 0.04248684 -0.5528339 -29.48431 -0.04123954 0.9990411 0.01469923 111.5829 0.5529283 0.0105658 0.8331618 -243.5454 0 0 0 1
295 1 0.8322077 0.04248684 -0.5528339 -30.01704 -0.04123954 0.9990411 0.01469923 111.5829 0.5529283 0.0105658 0.8331618 -243.5454 0 0 0 1
296 0 0.8321386 0.04135606 -0.5530235 -29.62009 -0.04007212 0.9990928 0.01441707 111.4544 0.5531181 0.01016383 0.8330409 -243.8375 0 0 0 1
296 1 0.8321386 0.04135606 -0.5530235 -30.15282 -0.04007212 0.9990928 0.01441707 111.4544 0.5531181 0.01016383 0.8330409 -243.8375 0 0 0 1
297 0 0.8320379 0.0402921 -0.5532535 -29.74329 -0.03906166 0.9991384 0.01401998 111.3725 0.5533417 0.009945837 0.832895 -244.1351 0 0 0 1
297 1 0.8320379 0.0402921 -0.5532535 -30.27602 -0.03906166 0.9991384 0.01401998 111.3725 0.5533417 0.009945837 0.832895 -244.1351 0 0 0 1
298 0 0.8319336 0.0412095 -0.5533429 -29.6755 -0.03953248 0.9991061 0.01497133 111.2749 0.5534652 0.009419862 0.832819 -244.4362 0 0 0 1
298 1 0.8319336 0.0412095 -0.5533429 -30.20824 -0.03953248 0.9991061 0.01497133 111.2749 0.5534652 0.009419862 0.832819 -244.4362 0 0 0 1
299 0 0.831821 0.04223082 -0.5534351 -29.59431 -0.04000854 0.9990696 0.01610231 111.1443 0.5536002 0.008747889 0.8327366 -244.753 0 0 0 1
299 1 0.831821 0.04223082 -0.5534351 -30.12704 -0.04000854 0.9990696 0.01610231 111.1443 0.5536002 0.008747889 0.8327366 -244.7529 0 0 0 1
300 0 0.8315299 0.04225574 -0.5538704 -29.53197 -0.04011012 0.9990671 0.01600294 111.1844 0.5540299 0.008908883 0.8324491 -245.0123 0 0 0 1
300 1 0.8315299 0.04225574 -0.5538704 -30.06469 -0.04011012 0.9990671 0.01600294 111.1844 0.5540299 0.008908883 0.8324491 -245.0123 0 0 0 1
301 0 0.8312953 0.04152644 -0.5542777 -29.5567 -0.03945462 0.9990984 0.01567906 111.1445 0.5544289 0.008834885 0.8321842 -245.2709 0 0 0 1
301 1 0.8312953 0.04152644 -0.5542777 -30.08942 -0.03945462 0.9990984 0.01567906 111.1445 0.5544289 0.008834885 0.8321842 -245.2709 0 0 0 1
302 0 0.8311741 0.04115375 -0.5544872 -29.60255 -0.03916905 0.9991133 0.01543942 111.1486 0.5546309 0.008885885 0.8320491 -245.5321 0 0 0 1
302 1 0.8311741 0.04115375 -0.5544872 -30.13528 -0.03916905 0.9991133 0.01543942 111.1486 0.5546309 0.008885885 0.8320491 -245.5321 0 0 0 1
303 0 0.8310106 0.04129366 -0.5547218 -29.5766 -0.03924048 0.9991082 0.01558905 111.1365 0.5548708 0.008812888 0.8318898 -245.7822 0 0 0 1
303 1 0.8310106 0.04129366 -0.5547218 -30.10934 -0.03924048 0.9991082 0.01558905 111.1365 0.5548708 0.008812888 0.8318898 -245.7821 0 0 0 1
304 0 0.8308388 0.04139047 -0.5549718 -29.5513 -0.03944406 0.9991021 0.01546324 111.1975 0.5551136 0.009042878 0.8317254 -245.9974 0 0 0 1
304 1 0.8308388 0.04139047 -0.5549718 -30.08402 -0.03944406 0.9991021 0.01546324 111.1975 0.5551136 0.009042878 0.8317254 -245.9974 0 0 0 1
305 0 0.830684 0.0414843 -0.5551965 -29.53882 -0.03965625 0.999096 0.01531887 111.2639 0.55533 0.009291865 0.8315781 -246.231 0 0 0 1
305 1 0.830684 0.0414843 -0.5551965 -30.07153 -0.03965625 0.999096 0.01531887 111.2639 0.55533 0.009291865 0.8315781 -246.231 0 0 0 1
306 0 0.8304913 0.041812 -0.5554601 -29.48227 -0.03994315 0.999082 0.01548476 111.2836 0.5555977 0.009326866 0.831399 -246.4663 0 0 0 1
306 1 0.8304913 0.041812 -0.5554601 -30.015 -0.03994315 0.999082 0.01548476 111.2836 0.5555977 0.009326866 0.831399 -246.4663 0 0 0 1
307 0 0.8304356 0.04087682 -0.5556131 -29.60777 -0.03917497 0.9991205 0.0149539 111.2645 0.5557356 0.009347867 0.8313065 -246.7218 0 0 0 1
307 1 0.8304356 0.04087682 -0.5556131 -30.14048 -0.03917497 0.9991205 0.0149539 111.2645 0.5557356 0.009347867 0.8313065 -246.7218 0 0 0 1
308 0 0.8305259 0.04012981 -0.5555325 -29.77494 -0.03802681 0.9991592 0.0153255 111.0127 0.5556804 0.008396902 0.8313536 -247.0506 0 0 0 1
308 1 0.8305259 0.04012981 -0.5555325 -30.30767 -0.03802681 0.9991592 0.0153255 111.0127 0.5556804 0.008396902 0.8313536 -247.0506 0 0 0 1
309 0 0.830469 0.03986026 -0.5556369 -29.83317 -0.03740933 0.9991757 0.01576589 110.8334 0.5558073 0.007692925 0.8312756 -247.3577 0 0 0 1
309 1 0.830469 0.03986026 -0.5556369 -30.36591 -0.03740933 0.9991757 0.01576589 110.8334 0.5558073 0.007692925 0.8312756 -247.3577 0 0 0 1
310 0 0.8302396 0.04037388 -0.5559427 -29.74711 -0.03774723 0.9991562 0.01618974 110.8126 0.5561272 0.007543928 0.831063 -247.6325 0 0 0 1
310 1 0.8302396 0.04037388 -0.5559427 -30.27984 -0.03774723 0.9991562 0.01618974 110.8126 0.5561272 0.007543928 0.831063 -247.6325 0 0 0 1
311 0 0.8301521 0.0404009 -0.5560713 -29.76268 -0.03767698 0.9991563 0.01634538 110.7757 0.5562626 0.007381933 0.8309739 -247.8781 0 0 0 1
311 1 0.8301521 0.0404009 -0.5560713 -30.2954 -0.03767698 0.9991563 0.01634538 110.7757 0.5562626 0.007381933 0.8309739 -247.8781 0 0 0 1
312 0 0.8301628 0.03997032 -0.5560864 -29.86888 -0.03720438 0.9991751 0.01627742 110.7159 0.5562783 0.007175939 0.8309651 -248.1463 0 0 0 1
312 1 0.8301628 0.03997032 -0.5560864 -30.40159 -0.03720438 0.9991751 0.01627742 110.7159 0.5562783 0.007175939 0.8309651 -248.1464 0 0 0 1
313 0 0.8300728 0.03930688 -0.556268 -29.94585 -0.03660813 0.999202 0.0159781 110.6792 0.5564522 0.007100941 0.8308493 -248.3846 0 0 0 1
313 1 0.8300728 0.03930688 -0.556268 -30.47857 -0.03660813 0.999202 0.0159781 110.6792 0.5564522 0.007100941 0.8308493 -248.3846 0 0 0 1
314 0 0.8298894 0.03955169 -0.5565243 -29.90327 -0.0367992 0.9991924 0.01613674 110.6844 0.5567132 0.007087941 0.8306746 -248.6371 0 0 0 1
314 1 0.8298894 0.03955169 -0.5565243 -30.436 -0.0367992 0.9991924 0.01613674 110.6844 0.5567132 0.007087941 0.8306746 -248.6371 0 0 0 1
315 0 0.829836 0.03986843 -0.5565813 -29.90559 -0.03707274 0.9991797 0.01629847 110.7022 0.5567745 0.00710894 0.8306333 -248.8546 0 0 0 1
315 1 0.829836 0.03986843 -0.5565813 -30.43832 -0.03707274 0.9991797 0.01629847 110.7022 0.5567745 0.00710894 0.8306333 -248.8546 0 0 0 1
316 0 0.8298125 0.04008431 -0.5566007 -29.93008 -0.03710837 0.9991728 0.0166334 110.6481 0.556807 0.006851945 0.8306136 -249.1008 0 0 0 1
316 1 0.8298125 0.04008431 -0.5566007 -30.4628 -0.03710837 0.9991728 0.0166334 110.6481 0.556807 0.006851945 0.8306136 -249.1008 0 0 0 1
317 0 0.8297649 0.03997554 -0.5566795 -29.98166 -0.03673505 0.9991805 0.01699601 110.522 0.5569028 0.006346958 0.8305534 -249.3956 0 0 0 1
317 1 0.8297649 0.03997554 -0.5566795 -30.51439 -0.03673505 0.9991805 0.01699601 110.522 0.5569028 0.006346958 0.8305534 -249.3956 0 0 0 1
318 0 0.8296615 0.03958584 -0.5568616 -30.02668 -0.03645637 0.9991955 0.01671428 110.5335 0.5570752 0.006433956 0.8304371 -249.6053 0 0 0 1
318 1 0.8296615 0.03958584 -0.5568616 -30.55941 -0.03645637 0.9991955 0.01671428 110.5335 0.5570752 0.006433956 0.8304371 -249.6053 0 0 0 1
319 0 0.8295003 0.03849144 -0.5571784 -30.11341 -0.03606616 0.9992317 0.01533616 110.7358 0.5573406 0.007373934 0.8302512 -249.7422 0 0 0 1
319 1 0.8295003 0.03849144 -0.5571784 -30.64615 -0.03606616 0.9992317 0.01533616 110.7358 0.5573406 0.007373934 0.8302512 -249.7422 0 0 0 1
320 0 0.8294413 0.03736979 -0.5573425 -30.24087 -0.0360194 0.9992613 0.01339608 111.1011 0.5574314 0.008963881 0.8301746 -249.7723 0 0 0 1
320 1 0.8294413 0.03736979 -0.5573425 -30.77358 -0.0360194 0.9992613 0.01339608 111.1011 0.5574314 0.008963881 0.8301746 -249.7723 0 0 0 1
321 0 0.8293161 0.03710143 -0.5575467 -30.2566 -0.03666279 0.9992561 0.01196095 111.4838 0.5575756 0.01052181 0.8300595 -249.7999 0 0 0 1
321 1 0.8293161 0.03710143 -0.5575467 -30.78932 -0.03666279 0.9992561 0.01196095 111.4838 0.5575756 0.01052181 0.8300595 -249.7999 0 0 0 1
322 0 0.829157 0.03751974 -0.5577552 -30.1954 -0.037522 0.9992303 0.01143733 111.729 0.5577551 0.01144475 0.8299267 -249.9063 0 0 0 1
322 1 0.829157 0.03751974 -0.5577552 -30.72812 -0.037522 0.9992303 0.01143733 111.729 0.5577551 0.01144475 0.8299267 -249.9063 0 0 0 1
323 0 0.8291317 0.03818892 -0.5577474 -30.16516 -0.03842724 0.9991976 0.01129011 111.9098 0.5577311 0.01207171 0.8299339 -250.0055 0 0 0 1
323 1 0.8291317 0.03818892 -0.5577474 -30.69788 -0.03842724 0.9991976 0.01129011 111.9098 0.5577311 0.01207171 0.8299339 -250.0055 0 0 0 1
324 0 0.8289242 0.03810968 -0.5580612 -30.12239 -0.03871576 0.9991927 0.01072729 112.0684 0.5580195 0.01271366 0.8297304 -250.1192 0 0 0 1
324 1 0.8289242 0.03810968 -0.5580612 -30.65512 -0.03871576 0.9991927 0.01072729 112.0684 0.5580195 0.01271366 0.8297304 -250.1192 0 0 0 1
325 0 0.828824 0.03734807 -0.5582614 -30.18252 -0.03834687 0.9992153 0.00991641 112.1653 0.5581937 0.01318862 0.8296059 -250.2196 0 0 0 1
325 1 0.828824 0.03734807 -0.5582614 -30.71523 -0.03834687 0.9992153 0.00991641 112.1653 0.5581937 0.01318862 0.8296059 -250.2196 0 0 0 1
326 0 0.8288418 0.0368602 -0.5582674 -30.26476 -0.03820806 0.999227 0.009248737 112.2726 0.5581768 0.01366458 0.8296095 -250.2999 0 0 0 1
326 1 0.8288418 0.0368602 -0.5582674 -30.79749 -0.03820806 0.999227 0.009248737 112.2726 0.5581768 0.01366458 0.8296095 -250.2999 0 0 0 1
327 0 0.8286965 0.03705787 -0.5584701 -30.20963 -0.03856137 0.9992149 0.009083941 112.3651 0.5583683 0.01400754 0.8294749 -250.3951 0 0 0 1
327 1 0.8286965 0.03705787 -0.5584701 -30.74236 -0.03856137 0.9992149 0.009083941 112.3651 0.5583683 0.01400754 0.8294749 -250.3952 0 0 0 1
328 0 0.8286547 0.03779844 -0.5584825 -30.14561 -0.03900267 0.9991915 0.009755249 112.3121 0.5583996 0.01369857 0.829459 -250.5282 0 0 0 1
328 1 0.8286547 0.03779844 -0.5584825 -30.67834 -0.03900267 0.9991915 0.009755249 112.3121 0.5583996 0.01369857 0.829459 -250.5282 0 0 0 1
329 0 0.828656 0.03835941 -0.5584424 -30.11504 -0.03900564 0.9991811 0.01075446 112.1238 0.5583975 0.01287065 0.8294737 -250.7104 0 0 0 1
329 1 0.828656 0.03835941 -0.5584424 -30.64777 -0.03900564 0.9991811 0.01075446 112.1238 0.5583975 0.01287065 0.8294737 -250.7104 0 0 0 1
330 0 0.8285614 0.0388612 -0.558548 -30.03927 -0.03919226 0.9991669 0.01137885 112.0368 0.5585249 0.01246268 0.8293941 -250.8358 0 0 0 1
330 1 0.8285614 0.0388612 -0.558548 -30.572 -0.03919226 0.9991669 0.01137885 112.0368 0.5585249 0.01246268 0.8293941 -250.8358 0 0 0 1
331 0 0.8284945 0.03970655 -0.5585877 -29.94382 -0.03980535 0.9991356 0.01198328 112.0238 0.5585806 0.01230669 0.8293589 -250.9183 0 0 0 1
331 1 0.8284945 0.03970655 -0.5585877 -30.47655 -0.03980535 0.9991356 0.01198328 112.0238 0.5585806 0.01230669 0.8293589 -250.9183 0 0 0 1
332 0 0.8284113 0.04075756 -0.5586355 -29.82076 -0.04074749 0.9990917 0.01246762 112.0879 0.5586362 0.01243468 0.8293196 -250.9645 0 0 0 1
332 1 0.8284113 0.04075756 -0.5586355 -30.35349 -0.04074749 0.9990917 0.01246762 112.0879 0.5586362 0.01243468 0.8293196 -250.9645 0 0 0 1
333 0 0.8282904 0.04128294 -0.5587761 -29.7261 -0.04132793 0.9990668 0.01255043 112.1687 0.5587727 0.01269766 0.8292236 -250.9807 0 0 0 1
333 1 0.8282904 0.04128294 -0.5587761 -30.25882 -0.04132793 0.9990668 0.01255043 112.1687 0.5587727 0.01269766 0.8292236 -250.9807 0 0 0 1
334 0 0.8282666 0.04139188 -0.5588033 -29.71063 -0.0413714 0.9990634 0.01268168 112.1514 0.5588049 0.01261467 0.8292032 -251.0234 0 0 0 1
334 1 0.8282666 0.04139188 -0.5588033 -30.24335 -0.0413714 0.9990634 0.01268168 112.1514 0.5588049 0.01261467 0.8292032 -251.0234 0 0 0 1
335 0 0.828227 0.04129297 -0.5588692 -29.70341 -0.04128785 0.9990675 0.01263041 112.1477 0.5588695 0.01261367 0.8291596 -251.0434 0 0 0 1
335 1 0.828227 0.04129297 -0.5588692 -30.23615 -0.04128785 0.9990675 0.01263041 112.1477 0.5588695 0.01261367 0.8291596 -251.0434 0 0 0 1
336 0 0.8282 0.04135285 -0.5589049 -29.68395 -0.04140574 0.9990634 0.01256365 112.18 0.558901 0.01273665 0.8291366 -251.0375 0 0 0 1
336 1 0.8282 0.04135285 -0.5589049 -30.2167 -0.04140574 0.9990634 0.01256365 112.18 0.558901 0.01273665 0.8291366 -251.0375 0 0 0 1
337 0 0.8282337 0.04116551 -0.5588687 -29.71313 -0.04070061 0.9990832 0.01327351 111.9274 0.5589028 0.01175273 0.8291499 -251.1464 0 0 0 1
337 1 0.8282337 0.04116551 -0.5588687 -30.24586 -0.04070061 0.9990832 0.01327351 111.9274 0.5589028 0.01175273 0.8291499 -251.1465 0 0 0 1
338 0 0.8283021 0.04073575 -0.558799 -29.78094 -0.03927386 0.9991215 0.01461948 111.4336 0.5589036 0.009836843 0.8291743 -251.3607 0 0 0 1
338 1 0.8283021 0.04073575 -0.558799 -30.31366 -0.03927386 0.9991215 0.01461948 111.4336 0.5589036 0.009836843 0.8291743 -251.3607 0 0 0 1
