frame cameraID trackID left right top bottom number_pixels truncation_ratio occupancy_ratio isMoving
0 0 0 0 76 187 301 5133 0.8649576 0.5924515 True
0 1 0 0 37 188 295 1648 0.9664602 0.4162667 True
4 0 1 752 841 180 214 2127 0 0.7029082 True
4 1 1 742 830 180 214 2112 0 0.7058824 True
5 0 1 729 816 179 214 2079 0 0.6827586 True
5 1 1 719 805 179 214 2070 0 0.6877077 True
6 0 1 706 792 179 213 2031 0 0.6945965 True
6 1 1 695 781 179 213 2025 0 0.6925445 True
7 0 1 682 767 179 213 1990 0 0.6885813 True
7 1 1 671 756 179 213 1994 0 0.6899654 True
8 0 1 660 745 178 212 1958 0 0.6775087 True
8 1 1 650 734 178 212 1962 0 0.6869748 True
9 0 1 639 724 178 212 1966 0 0.6802768 True
9 1 1 628 714 178 212 1963 0 0.6713406 True
10 0 1 616 701 178 211 1839 0 0.655615 True
10 1 1 606 691 178 211 1852 0 0.6602495 True
11 0 1 595 680 178 211 1809 0 0.6449198 True
11 1 1 584 670 178 211 1816 0 0.6398873 True
12 0 1 573 659 177 210 1751 0 0.6169838 True
12 1 1 563 648 177 210 1772 0 0.6317291 True
13 0 1 554 639 177 209 1663 0 0.6113971 True
13 1 1 543 629 177 209 1664 0 0.6046512 True
14 0 1 534 619 177 209 1698 0 0.6242647 True
14 1 1 524 609 177 209 1703 0 0.6261029 True
15 0 1 516 600 177 208 1517 0 0.5825653 True
15 1 1 506 590 177 208 1538 0 0.5906298 True
16 0 1 498 581 176 208 1533 0 0.5771837 True
16 1 1 488 571 176 208 1538 0 0.5790663 True
17 0 1 480 562 176 207 1505 0 0.5920535 True
17 1 1 470 552 176 207 1510 0 0.5940205 True
18 0 1 463 544 176 207 1484 0 0.5909996 True
18 1 1 454 534 176 207 1472 0 0.5935484 True
19 0 1 448 527 176 206 1515 0 0.6392405 True
19 1 1 439 518 176 206 1518 0 0.6405063 True
20 0 1 434 511 175 205 1529 0 0.6619048 True
20 1 1 425 502 175 205 1524 0 0.6597403 True
21 0 1 420 496 175 205 1521 0 0.6671053 True
21 1 1 411 487 175 205 1512 0 0.6631579 True
22 0 1 406 481 175 204 1467 0 0.6744828 True
22 1 1 397 471 175 204 1469 0 0.6845294 True
23 0 1 393 466 175 203 1419 0 0.694227 True
23 1 1 384 457 175 203 1415 0 0.69227 True
24 0 1 380 451 175 203 1363 0 0.6856137 True
24 1 1 372 442 175 203 1360 0 0.6938776 True
25 0 1 369 439 175 202 1315 0 0.6957672 True
25 1 1 361 430 175 202 1309 0 0.7026302 True
26 0 1 359 426 174 202 1264 0 0.673774 True
26 1 1 350 417 174 202 1259 0 0.6711087 True
27 0 1 348 414 174 201 1230 0 0.6902357 True
27 1 1 340 405 174 201 1213 0 0.6911681 True
28 0 1 339 403 174 201 1152 0 0.6666667 True
28 1 1 331 394 174 201 1148 0 0.6748971 True
29 0 1 331 391 174 200 1079 0 0.6916667 True
29 1 1 323 383 174 200 1082 0 0.6935897 True
30 0 1 324 381 174 199 1026 0 0.72 True
30 1 1 316 373 174 199 1025 0 0.7192982 True
31 0 1 316 371 174 199 967 0 0.7032727 True
31 1 1 309 363 174 199 968 0 0.717037 True
32 0 1 310 363 174 198 920 0 0.7232704 True
32 1 1 303 355 174 198 919 0 0.7363782 True
33 0 1 304 355 174 198 872 0 0.7124183 True
33 1 1 297 347 174 198 862 0 0.7183333 True
34 0 1 299 347 173 197 826 0 0.7170139 True
34 1 1 291 339 173 197 826 0 0.7170139 True
35 0 2 765 1241 215 374 44677 0.6926058 0.5903097 True
35 0 1 293 339 173 197 776 0 0.7028986 True
35 1 2 683 1241 215 374 54305 0.6361165 0.6120805 True
35 1 1 286 332 173 197 769 0 0.696558 True
36 0 2 701 1241 211 374 58710 0.4470741 0.6670075 True
36 0 1 289 333 173 196 735 0 0.7262846 True
36 1 2 628 1224 211 374 57775 0.3433728 0.5947112 True
36 1 1 282 326 173 196 731 0 0.722332 True
37 0 2 654 1182 208 374 56232 0.2401264 0.6415663 True
37 0 1 286 327 173 196 690 0 0.7317073 True
37 1 2 588 1085 208 374 52827 0.2341537 0.6403118 True
37 1 1 279 320 173 196 685 0 0.7264051 True
38 0 2 609 1049 205 374 50413 0.1428509 0.6779586 True
38 0 1 282 322 173 195 662 0 0.7522727 True
38 1 2 549 965 205 374 47666 0.1404053 0.6779984 True
38 1 1 275 315 173 195 658 0 0.7477273 True
39 0 2 567 938 202 374 43620 0.04951584 0.6835705 True
39 0 1 278 317 173 195 627 0 0.7307692 True
39 1 2 513 865 202 374 41639 0.05818933 0.6877478 True
39 1 1 272 310 173 195 626 0 0.7488039 True
40 0 2 532 853 199 374 36431 0 0.6485269 True
40 0 1 275 312 173 194 602 0 0.7747748 True
40 1 2 483 789 199 374 34973 0.003385365 0.6530906 True
40 1 1 268 305 173 194 596 0 0.7670528 True
41 0 7 757 1028 195 332 23139 0 0.6232392 True
41 0 2 503 782 197 374 28800 0 0.5831966 True
41 0 1 272 308 173 194 571 0 0.755291 True
41 1 7 720 983 195 332 22557 0 0.6260442 True
41 1 2 458 724 197 374 27742 0.007634342 0.5892273 True
41 1 1 265 301 173 194 571 0 0.755291 True
42 0 7 727 976 194 321 19940 0 0.6305537 True
42 0 2 478 724 195 357 22974 0 0.576483 True
42 0 1 269 304 173 193 540 0 0.7714286 True
42 1 7 692 934 194 321 19456 0 0.6330448 True
42 1 2 437 672 195 357 22199 0 0.58311 True
42 1 1 263 297 173 193 534 0 0.7852941 True
43 0 7 698 924 193 311 17043 0 0.6390805 True
43 0 2 457 677 194 339 18734 0 0.5872727 True
43 0 1 267 300 173 193 503 0 0.7621212 True
43 1 7 665 885 193 311 16641 0 0.6410246 True
43 1 2 418 629 194 339 18145 0 0.5930707 True
43 1 1 261 294 173 193 499 0 0.7560606 True
44 0 7 671 879 192 302 14697 0 0.6423514 True
44 0 2 438 636 192 324 15493 0 0.5927839 True
44 0 1 265 297 173 192 486 0 0.7993421 True
44 1 7 640 842 192 302 14368 0 0.6466247 True
44 1 2 402 592 192 324 15024 0 0.5990431 True
44 1 1 259 290 173 192 483 0 0.820034 True
45 0 7 647 839 191 294 12806 0 0.6475526 True
45 0 2 422 601 191 312 13000 0 0.6002124 True
45 0 1 263 293 173 192 452 0 0.7929825 True
45 1 7 617 804 191 294 12520 0 0.6500182 True
45 1 2 388 560 191 312 12626 0 0.6066692 True
45 1 1 257 287 173 192 448 0 0.7859649 True
46 0 7 623 800 190 286 11075 0 0.6517773 True
46 0 2 407 571 190 301 11060 0 0.6075588 True
46 0 1 261 290 173 192 424 0 0.76951 True
46 1 7 595 767 190 286 10858 0 0.6575823 True
46 1 2 375 533 190 301 10763 0 0.613696 True
46 1 1 255 284 173 192 420 0 0.7622505 True
47 0 7 601 765 189 279 9689 0 0.6564363 True
47 0 2 394 545 189 292 9514 0 0.6117148 True
47 1 7 574 734 189 279 9504 0 0.66 True
47 1 2 364 510 189 292 9258 0 0.6156404 True
48 0 7 580 731 188 272 8427 0 0.6643803 True
48 0 2 383 523 188 284 8243 0 0.6133184 True
48 1 7 555 702 188 272 8271 0 0.6698251 True
48 1 2 355 490 188 284 8040 0 0.6203704 True
49 0 7 561 702 187 266 7397 0 0.6640632 True
49 0 2 371 501 187 276 7163 0 0.6191011 True
49 1 7 537 674 187 266 7263 0 0.6710709 True
49 1 2 345 470 187 276 6991 0 0.6284045 True
50 0 7 545 675 186 261 6543 0 0.6710769 True
50 0 2 361 481 186 269 6238 0 0.6263052 True
50 1 7 522 649 186 261 6426 0 0.6746457 True
50 1 2 336 452 186 269 6100 0 0.6335688 True
51 0 7 528 650 186 256 5821 0 0.6816159 True
51 0 2 352 464 185 263 5495 0 0.6290064 True
51 1 7 506 625 186 256 5730 0 0.6878752 True
51 1 2 328 436 185 263 5387 0 0.6394824 True
52 0 7 513 628 185 252 5211 0 0.6763141 True
52 0 2 344 448 185 258 4855 0 0.6394889 True
52 1 7 492 604 185 252 5133 0 0.6840352 True
52 1 2 321 423 185 258 4749 0 0.6377921 True
53 0 7 500 607 185 248 4683 0 0.6947041 True
53 0 2 335 433 184 253 4284 0 0.6335404 True
53 0 8 747 1074 194 341 28475 0 0.5923776 True
53 1 7 480 585 185 248 4613 0 0.6973545 True
53 1 2 313 408 184 253 4207 0 0.6418002 True
53 1 8 711 1027 194 341 27680 0 0.5958839 True
54 0 7 487 589 184 244 4256 0 0.6954249 True
54 0 2 327 419 183 248 3830 0 0.6404682 True
54 0 8 716 1011 193 328 24076 0 0.6045449 True
54 1 7 468 567 184 244 4203 0 0.7075757 True
54 1 2 306 396 183 248 3759 0 0.6425641 True
54 1 8 681 968 193 328 23455 0 0.6053684 True
55 0 3 728 1241 225 374 35509 0.7617945 0.4645525 True
55 0 7 475 572 183 241 3858 0 0.6857448 True
55 0 2 319 406 183 244 3409 0 0.6423591 True
55 0 8 687 957 192 317 20659 0 0.6121185 True
55 1 3 634 1241 225 374 45228 0.7139925 0.5000719 True
55 1 7 457 552 183 241 3812 0 0.691833 True
55 1 2 300 384 183 244 3363 0 0.6563232 True
55 1 8 655 916 192 317 20121 0 0.6167356 True
56 0 3 667 1241 220 374 51627 0.6507533 0.5840423 True
56 0 7 462 554 183 238 3544 0 0.7003953 True
56 0 2 313 395 182 240 3082 0 0.6480235 True
56 0 8 661 907 191 307 17598 0 0.6166947 True
56 1 3 583 1241 220 374 56631 0.5641111 0.5588659 True
56 1 7 445 535 183 238 3510 0 0.7090909 True
56 1 2 294 374 182 240 3046 0 0.6564655 True
56 1 8 630 869 191 307 15358 0 0.5539604 True
57 0 3 615 1241 215 374 58195 0.4616407 0.5846746 True
57 0 7 453 540 183 235 3232 0 0.714412 True
57 0 2 307 384 182 236 2766 0 0.6652237 True
57 0 8 637 863 190 298 13325 0 0.5459276 True
57 1 3 540 1151 215 374 54223 0.3820846 0.5581427 True
57 1 7 436 522 183 235 3193 0 0.7139982 True
57 1 2 289 364 182 236 2716 0 0.6706173 True
57 1 8 608 827 190 298 11331 0 0.4790715 True
58 0 3 574 1116 212 374 53978 0.2771143 0.6147556 True
58 0 7 442 526 182 232 2972 0 0.7076191 True
58 0 2 301 374 181 233 2497 0 0.6577977 True
58 0 8 616 823 189 290 9911 0 0.4740517 True
58 1 3 506 1014 212 374 50611 0.2786734 0.6149874 True
58 1 7 426 508 182 232 2937 0 0.7163414 True
58 1 2 284 355 181 233 2456 0 0.6652221 True
58 1 8 588 789 189 290 8440 0 0.4157431 True
59 0 3 540 1000 209 374 49652 0.1815275 0.6541765 True
59 0 7 433 512 182 230 2728 0 0.7194093 True
59 0 2 296 365 181 230 2262 0 0.6690328 True
59 0 8 594 786 188 282 7623 0 0.4223737 True
59 1 3 478 910 209 374 46788 0.17765 0.6563973 True
59 1 7 417 495 182 230 2703 0 0.7219551 True
59 1 2 280 347 181 230 2232 0 0.679866 True
59 1 8 567 755 188 282 6284 0 0.3555908 True
60 0 3 506 897 206 374 44635 0.09479517 0.6795 True
60 0 7 423 499 181 228 2519 0 0.7052072 True
60 0 2 291 357 180 228 2054 0 0.6483586 True
60 0 8 574 754 187 275 5482 0 0.3460858 True
60 1 3 450 819 206 374 42384 0.08181536 0.6837011 True
60 1 7 408 483 181 228 2498 0 0.7086525 True
60 1 2 276 340 180 228 2027 0 0.6598307 True
60 1 8 549 725 187 275 4837 0 0.3123063 True
61 0 3 479 817 203 374 39197 0.03364491 0.6781722 True
61 0 7 415 487 181 226 2339 0 0.7219136 True
61 0 2 287 349 180 225 1883 0 0.6749104 True
61 0 8 553 722 187 269 4128 0 0.2978785 True
61 1 3 427 748 203 374 37565 0.02324295 0.6843563 True
61 1 7 400 471 181 226 2308 0 0.7223787 True
61 1 2 272 333 180 225 1850 0 0.6739526 True
61 1 8 529 694 187 269 4252 0 0.3142646 True
62 0 3 455 754 201 374 32779 0.01219779 0.6336923 True
62 0 7 407 476 181 224 2158 0 0.727334 True
62 0 2 282 341 180 222 1710 0 0.6900727 True
62 0 8 534 694 186 264 3401 0 0.272516 True
62 1 3 407 692 201 374 31525 0.01178008 0.6393875 True
62 1 7 392 461 181 224 2133 0 0.718908 True
62 1 2 267 326 180 222 1692 0 0.6828087 True
62 1 8 511 667 186 264 4035 0 0.3316075 True
63 0 3 434 698 199 373 26314 0 0.5728405 True
63 0 7 398 465 180 222 1995 0 0.7089552 True
63 0 2 277 334 179 220 1569 0 0.6713735 True
63 0 8 515 666 185 259 3121 0 0.2793091 True
63 1 3 389 642 199 373 25382 0 0.5765753 True
63 1 7 385 450 180 222 1974 0 0.7230769 True
63 1 2 263 319 179 220 1560 0 0.6794425 True
63 1 8 493 641 185 259 4057 0 0.3704346 True
64 0 3 415 653 197 353 21470 0 0.5782698 True
64 0 7 391 455 180 220 1845 0 0.7207031 True
64 0 2 273 327 179 218 1438 0 0.682811 True
64 0 8 501 641 185 254 3079 0 0.3187371 True
64 1 3 374 602 197 353 20773 0 0.5840362 True
64 1 7 378 440 180 220 1799 0 0.7254032 True
64 1 2 260 313 179 218 1427 0 0.6903725 True
64 1 8 480 618 185 254 3960 0 0.415879 True
65 0 3 398 612 195 336 17622 0 0.5840127 True
65 0 7 384 445 180 218 1711 0 0.7381364 True
65 0 2 269 321 179 216 1324 0 0.6881497 True
65 0 8 488 619 184 250 3186 0 0.3684941 True
65 1 3 360 565 195 336 17094 0 0.5913856 True
65 1 7 371 431 180 218 1581 0 0.6934211 True
65 1 2 256 307 179 216 1307 0 0.6926338 True
65 1 8 468 597 184 250 3863 0 0.4537233 True
66 0 3 383 577 194 321 14718 0 0.5973699 True
66 0 7 376 435 179 216 1574 0 0.7210261 True
66 0 2 265 315 178 214 1234 0 0.6855556 True
66 0 8 474 596 183 246 3068 0 0.3991673 True
66 1 3 348 534 194 321 14302 0 0.6054525 True
66 1 7 364 421 179 216 1388 0 0.6581318 True
66 1 2 253 302 178 214 1218 0 0.6904762 True
66 1 8 455 575 183 246 3691 0 0.4882275 True
67 0 3 370 546 192 309 12352 0 0.5998446 True
67 0 7 369 425 179 215 1401 0 0.6949404 True
67 0 2 261 310 178 213 1129 0 0.658309 True
67 0 8 461 575 183 242 2977 0 0.4426108 True
67 1 3 337 506 192 309 12015 0 0.6076468 True
67 1 7 357 412 179 215 1164 0 0.5878788 True
67 1 2 249 297 178 213 1114 0 0.6630952 True
67 1 8 443 555 183 242 3575 0 0.5410109 True
68 0 4 772 1241 206 374 45536 0.8005611 0.5779267 True
68 0 3 358 519 191 298 10483 0 0.6085215 True
68 0 7 362 416 179 213 1219 0 0.6639434 True
68 0 9 767 1241 0 374 107391 0.5393807 0.6057842 True
68 0 2 258 304 178 211 1055 0 0.6949934 True
68 0 8 449 556 183 238 2899 0 0.4926083 True
68 1 4 679 1241 206 374 61734 0.7608936 0.653851 True
68 1 3 327 482 191 298 10215 0 0.615918 True
68 1 7 350 404 179 213 989 0 0.538671 True
68 1 9 725 1241 0 374 112431 0.5275917 0.5825924 True
68 1 2 246 292 178 211 1055 0 0.6949934 True
68 1 8 432 537 183 238 3459 0 0.5989611 True
69 0 4 705 1241 203 374 65410 0.7104112 0.7136467 True
69 0 3 348 496 190 289 9015 0 0.6152744 True
69 0 7 355 408 179 212 1058 0 0.6049171 True
69 0 9 718 1241 0 374 110943 0.4129282 0.5671874 True
69 0 2 255 300 178 210 982 0 0.6819444 True
69 0 8 437 538 182 235 2821 0 0.5269942 True
69 1 4 622 1241 203 374 80030 0.6599607 0.7560771 True
69 1 3 318 461 190 289 8783 0 0.6203998 True
69 1 7 344 396 179 212 810 0 0.472028 True
69 1 9 679 1241 0 374 116215 0.400134 0.5529098 True
69 1 2 244 288 178 210 976 0 0.6931818 True
69 1 8 421 520 182 235 3279 0 0.6249285 True
70 0 4 649 1241 200 374 82118 0.5920583 0.7972002 True
70 0 3 338 474 189 281 7726 0 0.6174872 True
70 0 7 350 401 179 211 894 0 0.5477941 True
70 0 9 684 1241 0 374 111919 0.3129092 0.5372508 True
70 0 2 252 295 178 208 915 0 0.7093023 True
70 0 8 427 522 182 232 2747 0 0.5783158 True
70 1 4 574 1241 200 374 92540 0.4655599 0.7973599 True
70 1 3 310 442 189 281 7542 0 0.6210474 True
70 1 7 339 389 179 211 698 0 0.43625 True
70 1 9 647 1241 0 374 120353 0.2928301 0.54175 True
70 1 2 241 283 178 208 909 0 0.7214286 True
70 1 8 411 504 182 232 3080 0 0.6623656 True
71 0 4 603 1241 198 374 89216 0.3526393 0.7945284 True
71 0 3 330 456 188 273 6733 0 0.6286648 True
71 0 7 343 393 178 209 764 0 0.4929032 True
71 0 9 654 1241 0 374 119272 0.1997826 0.5432864 True
71 0 2 249 290 177 207 849 0 0.6902439 True
71 0 8 417 507 181 229 2627 0 0.6081018 True
71 1 4 536 1172 198 374 84393 0.2658188 0.7539397 True
71 1 3 303 425 188 273 6583 0 0.6348119 True
71 1 7 333 382 178 209 599 0 0.3943384 True
71 1 9 620 1241 0 374 139295 0.0635882 0.5997528 True
71 1 2 238 279 177 207 839 0 0.6821138 True
71 1 8 401 490 181 229 2873 0 0.6725187 True
72 0 4 563 1118 196 374 77277 0.1776824 0.782235 True
72 0 3 322 439 187 267 5877 0 0.6278846 True
72 0 7 337 386 178 208 651 0 0.4428571 True
72 0 9 627 1241 0 374 135757 0.01751512 0.5911834 True
72 0 2 246 286 177 206 785 0 0.6767241 True
72 0 8 408 493 181 227 2472 0 0.632225 True
72 1 4 503 1026 196 374 73066 0.1746611 0.7848626 True
72 1 3 297 411 187 267 5765 0 0.6321272 True
72 1 7 327 375 178 208 535 0 0.3715278 True
72 1 9 595 1226 0 374 148419 0.006156147 0.6289101 True
72 1 2 236 275 177 206 780 0 0.6896552 True
72 1 8 393 477 181 227 2666 0 0.6899586 True
73 0 4 530 997 194 374 66069 0.1011772 0.7859743 True
73 0 3 314 423 186 261 5165 0 0.6318043 True
73 0 7 332 378 178 207 541 0 0.4055472 True
73 0 9 604 1185 0 372 129953 0.001687944 0.6012668 True
73 0 2 244 282 177 204 729 0 0.7105263 True
73 0 8 399 479 180 224 2307 0 0.6553977 True
73 1 4 475 916 194 374 62863 0.09365737 0.7919249 True
73 1 3 290 397 186 261 5057 0 0.6301557 True
73 1 7 322 367 178 207 481 0 0.3685824 True
73 1 9 573 1134 0 372 129787 0 0.6219069 True
73 1 2 234 272 177 204 719 0 0.7007797 True
73 1 8 384 463 180 224 2447 0 0.7039701 True
74 0 4 500 898 192 374 55360 0.03997958 0.7642609 True
74 0 3 307 409 186 256 4573 0 0.6404762 True
74 0 7 326 370 178 206 448 0 0.3636364 True
74 0 9 581 1097 0 351 112135 0.00187093 0.6191336 True
74 0 2 241 278 177 203 679 0 0.7058212 True
74 0 8 390 466 180 222 2183 0 0.6838973 True
74 1 4 449 827 192 374 53112 0.02954948 0.7720217 True
74 1 3 284 384 186 256 4486 0 0.6408572 True
74 1 7 316 360 178 206 429 0 0.3482143 True
74 1 9 552 1051 0 351 111857 0.001380742 0.6386391 True
74 1 2 232 268 177 203 674 0 0.7200854 True
74 1 8 376 451 180 222 2248 0 0.7136508 True
75 0 4 474 820 190 374 44664 0.009434879 0.7015582 True
75 0 3 301 397 185 251 4049 0 0.6390467 True
75 0 7 321 364 177 205 404 0 0.3355482 True
75 0 9 560 1023 8 334 95719 0 0.6341611 True
75 0 2 239 275 177 202 637 0 0.7077778 True
75 0 8 381 454 180 220 2013 0 0.6893836 True
75 1 4 428 757 190 374 42926 0.01270056 0.7090987 True
75 1 3 279 373 185 251 3976 0 0.6408768 True
75 1 7 312 354 177 205 395 0 0.3358844 True
75 1 9 533 981 8 334 95284 0 0.6524156 True
75 1 2 230 265 177 202 641 0 0.7325714 True
75 1 8 368 439 180 220 2052 0 0.7225352 True
76 0 4 452 755 189 374 35456 0 0.6325216 True
76 0 3 296 386 184 246 3642 0 0.6526881 True
76 0 7 316 357 177 204 358 0 0.3233966 True
76 0 9 541 961 23 320 81390 0 0.6524771 True
76 0 2 237 271 176 201 615 0 0.7235294 True
76 0 8 373 442 179 218 1864 0 0.6926793 True
76 1 4 409 698 189 374 34192 0.001688182 0.6395212 True
76 1 3 275 364 184 246 3573 0 0.6475172 True
76 1 7 307 347 177 204 363 0 0.3361111 True
76 1 9 515 921 23 320 81462 0 0.6755735 True
76 1 2 228 262 176 201 612 0 0.72 True
76 1 8 360 429 179 218 1877 0 0.6975102 True
77 0 4 432 702 188 356 28719 0 0.6331349 True
77 0 3 290 375 184 242 3270 0 0.663286 True
77 0 7 312 351 177 203 313 0 0.3086785 True
77 0 9 523 904 35 308 69710 0 0.6702047 True
77 0 2 235 268 176 200 568 0 0.7171717 True
77 0 8 366 432 179 216 1757 0 0.7194922 True
77 1 4 393 651 188 356 27771 0 0.6407115 True
77 1 3 270 354 184 242 3209 0 0.6586617 True
77 1 7 303 341 177 203 344 0 0.3481781 True
77 1 9 499 868 35 308 70084 0 0.6957126 True
77 1 2 226 259 176 200 563 0 0.7108586 True
77 1 8 354 419 179 216 1744 0 0.7251559 True
78 0 4 414 654 186 337 23383 0 0.6452262 True
78 0 3 285 365 183 239 2921 0 0.652009 True
78 0 9 507 855 45 297 60918 0 0.6946497 True
78 0 2 233 265 176 200 527 0 0.6861979 True
78 0 8 360 423 179 214 1634 0 0.7410431 True
78 1 4 377 608 186 337 22659 0 0.6496087 True
78 1 3 266 345 183 239 2892 0 0.653707 True
78 1 9 484 821 45 297 61265 0 0.7214097 True
78 1 2 225 256 176 200 512 0 0.688172 True
78 1 8 348 410 179 214 1616 0 0.7447004 True
79 0 4 398 615 186 322 19381 0 0.6567159 True
79 0 3 280 356 183 236 2666 0 0.6618669 True
79 0 9 493 813 54 289 53736 0 0.7145745 True
79 0 2 231 262 176 199 487 0 0.6830295 True
79 0 8 354 414 179 213 1503 0 0.7367647 True
79 1 4 364 572 186 322 18831 0 0.6656886 True
79 1 3 262 337 183 236 2623 0 0.6598742 True
79 1 9 470 781 54 289 53992 0 0.7387562 True
79 1 2 223 254 176 199 485 0 0.6802244 True
79 1 8 342 402 179 213 1456 0 0.7137255 True
80 0 4 384 579 185 309 16182 0 0.6692308 True
80 0 3 275 348 182 233 2418 0 0.6494762 True
80 0 9 478 772 62 280 47367 0 0.739047 True
80 0 2 230 259 176 198 480 0 0.7523511 True
80 0 8 348 406 178 211 1393 0 0.7277952 True
80 1 4 352 540 185 309 15738 0 0.6751029 True
80 1 3 258 329 182 233 2382 0 0.6578293 True
80 1 9 456 743 62 280 47592 0 0.7606688 True
80 1 2 222 251 176 198 469 0 0.7351097 True
80 1 8 337 395 178 211 1249 0 0.6525601 True
81 0 4 371 550 184 298 13697 0 0.6712242 True
81 0 3 271 340 182 230 2229 0 0.6730072 True
81 0 9 464 737 70 273 42074 0 0.7591981 True
81 0 2 228 257 176 197 444 0 0.729064 True
81 0 8 342 399 178 210 1288 0 0.7061403 True
81 1 4 341 513 184 298 13354 0 0.6810486 True
81 1 3 254 322 182 230 2199 0 0.6737132 True
81 1 9 444 709 70 273 42093 0 0.7824705 True
81 1 2 220 249 176 197 444 0 0.729064 True
81 1 8 332 387 178 210 1020 0 0.5795454 True
82 0 4 360 524 183 288 11755 0 0.6826364 True
82 0 3 267 333 181 227 2026 0 0.6673254 True
82 0 9 453 706 76 267 37638 0 0.7788838 True
82 0 8 337 391 178 208 1164 0 0.7185185 True
82 1 4 332 490 183 288 11467 0 0.6911995 True
82 1 3 251 316 181 227 2000 0 0.6688963 True
82 1 9 433 679 76 267 37550 0 0.7991742 True
82 1 8 327 380 178 208 813 0 0.5113208 True
83 0 4 350 500 182 279 10042 0 0.6901718 True
83 0 3 263 326 181 225 1873 0 0.6756854 True
83 0 9 441 678 81 262 33779 0 0.7874444 True
83 0 8 332 384 178 207 981 0 0.6505305 True
83 1 4 323 468 182 279 9809 0 0.6974049 True
83 1 3 248 310 181 225 1838 0 0.6737537 True
83 1 9 423 653 81 262 33669 0 0.8087677 True
83 1 8 322 374 178 207 635 0 0.4210875 True
84 0 4 340 479 182 271 8680 0 0.701641 True
84 0 3 260 320 181 223 1720 0 0.6825397 True
84 0 9 431 652 86 256 30265 0 0.805563 True
84 0 8 327 376 177 206 835 0 0.5876144 True
84 1 4 315 449 182 271 8505 0 0.7131478 True
84 1 3 245 304 181 223 1702 0 0.6868442 True
84 1 9 413 628 86 256 30156 0 0.8250616 True
84 1 8 317 366 177 206 489 0 0.3441239 True
85 0 4 332 460 181 265 7578 0 0.7047991 True
85 0 3 256 314 180 221 1590 0 0.6686291 True
85 0 12 592 661 180 210 667 0 0.3222222 True
85 0 9 421 628 91 252 27227 0 0.8169652 True
85 0 5 718 1241 177 374 78709 0.7245965 0.7639351 True
85 0 8 322 369 177 205 709 0 0.5387538 True
85 1 4 308 433 181 265 7428 0 0.7074286 True
85 1 3 242 299 180 221 1563 0 0.6688061 True
85 1 12 582 651 180 210 891 0 0.4304348 True
85 1 9 403 606 91 252 27147 0 0.8306153 True
85 1 5 634 1241 177 374 98207 0.6813079 0.821273 True
85 1 8 312 359 177 205 377 0 0.2864742 True
86 0 4 324 443 181 259 6636 0 0.7149321 True
86 0 3 253 309 180 219 1475 0 0.6753663 True
86 0 12 582 651 180 210 822 0 0.3971015 True
86 0 9 412 607 95 248 24685 0 0.8273839 True
86 0 5 657 1241 176 374 98213 0.604957 0.8493583 True
86 0 8 317 361 177 204 583 0 0.4907407 True
86 1 4 301 417 181 259 6516 0 0.7201592 True
86 1 3 240 294 180 219 1457 0 0.6918328 True
86 1 12 572 641 180 210 1013 0 0.489372 True
86 1 9 395 585 95 248 24577 0 0.8454421 True
86 1 5 583 1241 176 374 113329 0.4551256 0.8698612 True
86 1 8 308 352 177 204 293 0 0.246633 True
87 0 4 317 428 180 253 5866 0 0.7239294 True
87 0 3 251 304 180 217 1364 0 0.6955635 True
87 0 12 573 641 180 209 1023 0 0.5187626 True
87 0 9 402 585 99 243 22182 0 0.8417577 True
87 0 5 610 1241 176 374 107405 0.3390118 0.8596664 True
87 0 8 312 355 177 203 471 0 0.421288 True
87 1 4 295 404 180 253 5753 0 0.7230112 True
87 1 3 237 290 180 217 1347 0 0.6868944 True
87 1 12 562 631 180 209 1129 0 0.5642179 True
87 1 9 386 565 99 243 22085 0 0.8568048 True
87 1 5 543 1192 176 374 103052 0.2500621 0.8019486 True
87 1 8 303 345 177 203 225 0 0.206044 True
88 0 4 310 414 180 248 5179 0 0.7323247 True
88 0 3 248 299 179 215 1275 0 0.6944444 True
88 0 12 563 631 180 209 1102 0 0.5588235 True
88 0 9 394 566 103 240 20083 0 0.8522747 True
88 0 5 569 1133 175 374 91230 0.1553644 0.8128408 True
88 0 8 308 348 177 202 370 0 0.37 True
88 1 4 289 391 180 248 5083 0 0.7328432 True
88 1 3 236 286 179 215 1258 0 0.6988889 True
88 1 12 553 621 180 209 1065 0 0.5400609 True
88 1 9 378 547 103 240 20039 0 0.8655034 True
88 1 5 509 1038 175 374 85886 0.1568498 0.8158562 True
88 1 8 299 339 177 202 147 0 0.147 True
89 0 4 303 401 179 244 4591 0 0.7207221 True
89 0 3 246 295 179 214 1176 0 0.6857143 True
89 0 12 554 622 180 209 1200 0 0.6085193 True
89 0 9 386 548 107 236 18286 0 0.875012 True
89 0 5 536 1008 175 374 75946 0.08459693 0.8085555 True
89 1 4 284 379 179 244 4531 0 0.7337652 True
89 1 3 234 282 179 214 1169 0 0.6958333 True
89 1 12 544 612 180 209 392 0 0.198783 True
89 1 9 371 530 107 236 18255 0 0.8900102 True
89 1 5 481 926 175 374 72030 0.08341086 0.8133928 True
90 0 4 297 389 179 240 4088 0 0.728439 True
90 0 3 244 291 179 212 1101 0 0.7098646 True
90 0 12 544 612 180 208 719 0 0.3776261 True
90 0 9 378 532 110 233 16749 0 0.8842255 True
90 0 5 505 904 175 374 62072 0.03126788 0.7817534 True
90 1 4 279 368 179 240 4033 0 0.7428624 True
90 1 3 232 279 179 212 1087 0 0.7008381 True
90 1 9 364 514 110 233 16589 0 0.8991328 True
90 1 5 455 833 175 374 59323 0.02752876 0.7886389 True
91 0 4 292 378 178 236 3665 0 0.7347634 True
91 0 3 242 287 179 211 1028 0 0.7138889 True
91 0 12 537 604 179 208 82 0 0.04220278 True
91 0 9 371 517 112 231 15408 0 0.8868424 True
91 0 5 479 824 174 374 49385 0.008887053 0.7157246 True
91 1 4 274 358 178 236 3614 0 0.7417898 True
91 1 3 230 275 179 211 1020 0 0.7083333 True
91 1 9 357 500 112 231 14879 0 0.8743609 True
91 1 5 433 761 174 374 47366 0.009647429 0.7220427 True
92 0 4 287 368 178 233 3310 0 0.7429854 True
92 0 3 239 284 178 210 961 0 0.6673611 True
92 0 9 364 503 115 228 14058 0 0.8950149 True
92 0 5 457 760 174 374 39464 0 0.6512211 True
92 1 4 270 349 178 233 3264 0 0.7512083 True
92 1 3 228 272 178 210 942 0 0.6690341 True
92 1 9 350 486 115 228 13167 0 0.8567804 True
92 1 5 415 703 174 374 37968 0 0.6591667 True
93 0 4 282 358 178 229 2974 0 0.7672859 True
93 0 3 237 280 178 208 904 0 0.7007752 True
93 0 9 357 489 117 226 12728 0 0.8846261 True
93 0 5 436 704 174 356 31666 0 0.6492127 True
93 1 4 266 341 178 229 2931 0 0.7662745 True
93 1 3 226 268 178 208 884 0 0.7015873 True
93 1 9 344 474 117 226 11554 0 0.8153846 True
93 1 5 397 653 174 356 30570 0 0.6561212 True
94 0 4 277 350 178 227 2679 0 0.7489516 True
94 0 3 235 277 178 207 837 0 0.6871921 True
94 0 9 351 477 119 223 11391 0 0.8692766 True
94 0 5 419 658 174 338 25987 0 0.6630013 True
94 1 4 262 333 178 227 2638 0 0.7582639 True
94 1 3 225 265 178 207 818 0 0.7051724 True
94 1 9 339 462 119 223 10207 0 0.7979206 True
94 1 5 382 611 174 338 25120 0 0.6688678 True
95 0 4 273 342 177 224 2457 0 0.7576318 True
95 0 3 233 273 178 206 791 0 0.70625 True
95 0 9 346 466 121 221 10112 0 0.8426667 True
95 0 5 403 620 174 323 21695 0 0.6709863 True
95 1 4 258 326 177 224 2428 0 0.7596996 True
95 1 3 223 263 178 206 757 0 0.6758928 True
95 1 12 497 563 179 207 286 0 0.1547619 True
95 1 9 333 451 121 221 9091 0 0.7704237 True
95 1 5 369 577 174 323 21012 0 0.6779814 True
96 0 4 269 334 177 221 2216 0 0.7748252 True
96 0 3 232 270 178 205 753 0 0.7339181 True
96 0 12 499 566 179 207 97 0 0.05170576 True
96 0 9 340 455 123 219 8970 0 0.8125 True
96 0 5 389 584 173 310 18189 0 0.6808534 True
96 0 6 706 1241 216 374 50849 0.6558948 0.6015497 True
96 1 4 255 319 177 221 2181 0 0.7745028 True
96 1 3 222 260 178 205 695 0 0.6773879 True
96 1 12 490 556 179 207 728 0 0.3939394 True
96 1 9 328 441 123 219 8044 0 0.7415192 True
96 1 5 356 545 173 310 17656 0 0.6818832 True
96 1 6 623 1241 216 374 58635 0.5526857 0.6004977 True
97 0 4 265 327 177 219 2005 0 0.7699693 True
97 0 3 230 267 177 204 702 0 0.7027027 True
97 0 12 492 558 179 207 522 0 0.2824675 True
97 0 9 335 445 125 218 8044 0 0.7863148 True
97 0 5 377 554 173 299 15376 0 0.6894449 True
97 0 6 642 1241 211 374 60010 0.4123368 0.6146235 True
97 1 4 252 313 177 219 1973 0 0.7701015 True
97 1 3 220 257 177 204 654 0 0.6546547 True
97 1 12 482 548 179 207 916 0 0.495671 True
97 1 9 324 432 125 218 7231 0 0.7199323 True
97 1 5 346 518 173 299 14942 0 0.6894611 True
97 1 6 570 1146 211 374 56278 0.3306023 0.5994163 True
98 0 4 262 321 177 217 1836 0 0.7779661 True
98 0 3 228 264 177 203 651 0 0.6955128 True
98 0 12 486 552 179 207 764 0 0.4134199 True
98 0 9 330 436 127 216 7252 0 0.7687089 True
98 0 5 366 529 173 289 13141 0 0.6949968 True
98 0 6 592 1083 207 374 53565 0.1943303 0.6532556 True
98 1 4 249 307 177 217 1812 0 0.7810345 True
98 1 3 219 255 177 203 597 0 0.6378205 True
98 1 12 477 543 179 207 1040 0 0.5627705 True
98 1 9 319 423 127 216 6496 0 0.701815 True
98 1 5 337 494 173 289 12803 0 0.702998 True
98 1 6 528 992 207 374 50572 0.2082565 0.652643 True
99 0 4 259 315 176 215 1697 0 0.7770147 True
99 0 3 226 262 177 202 599 0 0.6655555 True
99 0 12 481 546 179 206 953 0 0.54302 True
99 0 9 326 428 128 214 6542 0 0.745782 True
99 0 5 355 505 173 280 11336 0 0.7062928 True
99 0 6 548 950 203 374 46880 0.08779365 0.6819702 True
99 1 4 247 302 176 215 1687 0 0.7864802 True
99 1 3 217 252 177 202 555 0 0.6342857 True
99 1 12 471 537 179 206 1020 0 0.5723906 True
99 1 9 315 415 128 214 5846 0 0.6797674 True
99 1 5 328 473 173 280 11057 0 0.7126651 True
99 1 6 492 872 203 374 44629 0.08426797 0.6868113 True
100 0 4 256 309 176 213 1557 0 0.7939827 True
100 0 3 225 259 177 201 565 0 0.6924019 True
100 0 12 475 541 179 206 995 0 0.5583614 True
100 0 9 321 419 130 213 5902 0 0.7255962 True
100 0 5 345 484 173 273 9880 0 0.7107913 True
100 0 6 513 851 200 374 39631 0.01848555 0.6738591 True
100 1 4 244 297 176 213 1535 0 0.7827639 True
100 1 3 216 250 177 201 518 0 0.634804 True
100 1 12 466 531 179 206 1000 0 0.5698006 True
100 1 9 311 407 130 213 5246 0 0.6583835 True
100 1 5 320 455 173 273 9648 0 0.7146667 True
100 1 6 462 784 200 374 38087 0.02847701 0.6797851 True
101 0 4 252 304 176 211 1431 0 0.7862638 True
101 0 10 734 1087 194 349 31698 0 0.5793293 True
101 0 3 223 257 177 200 525 0 0.6713555 True
101 0 12 471 536 178 206 1004 0 0.5516484 True
101 0 9 317 411 131 212 5369 0 0.7051484 True
101 0 5 336 466 173 266 8697 0 0.7193549 True
101 0 6 484 773 198 374 31013 0 0.609724 True
101 1 4 241 291 176 211 1407 0 0.804 True
101 1 10 698 1039 194 349 30917 0 0.58494 True
101 1 3 215 248 177 200 481 0 0.6337286 True
101 1 12 461 526 178 206 1000 0 0.5494506 True
101 1 9 307 399 131 212 4828 0 0.6478798 True
101 1 5 312 438 173 266 8513 0 0.7264892 True
101 1 6 437 714 198 374 29904 0 0.6133902 True
102 0 4 249 299 176 210 1319 0 0.7758824 True
102 0 10 694 1003 192 330 25323 0 0.5938511 True
102 0 12 466 531 178 206 1059 0 0.5818681 True
102 0 9 313 404 132 210 4885 0 0.6882221 True
102 0 5 328 450 173 260 7680 0 0.7235726 True
102 0 6 459 711 196 360 24097 0 0.5830672 True
102 1 4 238 287 176 210 1297 0 0.7785114 True
102 1 10 660 960 192 330 24654 0 0.5955073 True
102 1 12 457 521 178 206 1039 0 0.5797991 True
102 1 9 303 392 132 210 4414 0 0.6358398 True
102 1 5 305 423 173 260 7527 0 0.733197 True
102 1 6 417 658 196 360 23288 0 0.5892116 True
103 0 4 246 293 176 208 1214 0 0.8071808 True
103 0 10 661 935 191 316 20646 0 0.6028029 True
103 0 12 462 526 178 206 1078 0 0.6015625 True
103 0 9 309 397 133 209 4448 0 0.6650718 True
103 0 5 321 435 173 255 6829 0 0.7305306 True
103 0 6 439 662 194 340 19233 0 0.5907304 True
103 1 4 235 282 176 208 1201 0 0.7985373 True
103 1 10 629 894 191 316 20152 0 0.6083623 True
103 1 12 452 517 178 206 1067 0 0.5862637 True
103 1 9 300 386 133 209 4070 0 0.622705 True
103 1 5 299 410 173 255 6706 0 0.7367612 True
103 1 6 400 614 194 340 18650 0 0.5969146 True
104 0 4 243 288 175 207 1131 0 0.7854167 True
104 0 10 631 876 190 303 17157 0 0.6197219 True
104 0 12 457 521 178 206 1039 0 0.5797991 True
104 0 9 306 390 134 208 4083 0 0.6568533 True
104 0 5 314 421 173 250 6079 0 0.7378322 True
104 0 6 419 617 192 322 15472 0 0.6010878 True
104 1 4 233 277 175 207 1113 0 0.7904829 True
104 1 10 601 839 190 303 16765 0 0.6233733 True
104 1 12 448 512 178 206 1024 0 0.5714286 True
104 1 9 296 379 134 208 3762 0 0.6125041 True
104 1 5 293 397 173 250 5960 0 0.7442557 True
104 1 6 383 574 192 322 15038 0 0.6056383 True
105 0 4 241 284 175 205 1053 0 0.8162791 True
105 0 10 604 824 189 293 14329 0 0.6262675 True
105 0 12 453 516 178 205 886 0 0.5208701 True
105 0 9 302 384 136 207 3763 0 0.6463414 True
105 0 5 308 409 172 246 5482 0 0.733476 True
105 0 6 403 581 191 308 12721 0 0.610823 True
105 1 4 231 273 175 205 1040 0 0.8253968 True
105 1 10 576 790 189 293 14004 0 0.6292236 True
105 1 12 443 507 178 205 910 0 0.5266204 True
105 1 9 293 373 136 207 3558 0 0.6264085 True
105 1 5 288 386 172 246 5331 0 0.7351075 True
105 1 6 369 541 191 308 12384 0 0.6153846 True
106 0 4 238 280 175 204 979 0 0.8037767 True
106 0 10 579 780 188 283 12135 0 0.6355067 True
106 0 12 448 512 178 205 776 0 0.4490741 True
106 0 9 298 378 137 206 3526 0 0.6387681 True
106 0 5 302 397 172 242 4947 0 0.7439098 True
106 0 6 388 550 190 297 10625 0 0.6129572 True
106 1 4 229 270 175 204 971 0 0.8166527 True
106 1 10 553 748 188 283 11850 0 0.6396761 True
106 1 12 439 502 178 205 905 0 0.53204 True
106 1 9 289 367 137 206 3354 0 0.6231884 True
106 1 5 283 376 172 242 4749 0 0.7294931 True
106 1 6 357 513 190 297 10348 0 0.6199377 True
107 0 4 236 276 175 203 903 0 0.80625 True
107 0 10 558 741 187 276 10388 0 0.6378093 True
107 0 12 445 509 178 205 785 0 0.4542824 True
107 0 9 295 372 138 205 3287 0 0.637139 True
107 0 5 296 386 172 238 4432 0 0.746128 True
107 0 6 376 523 188 287 9009 0 0.6190476 True
107 1 4 227 266 175 203 901 0 0.8250916 True
107 1 10 533 711 187 276 10146 0 0.6404495 True
107 1 12 436 499 178 205 944 0 0.5549676 True
107 1 9 286 362 138 205 3188 0 0.6260802 True
107 1 5 278 366 172 238 4234 0 0.7289945 True
107 1 6 347 490 188 287 8789 0 0.6208236 True
108 0 4 234 273 175 202 843 0 0.8005698 True
108 0 10 539 707 186 269 8978 0 0.6438612 True
108 0 12 442 505 178 205 866 0 0.5091123 True
108 0 9 292 366 138 204 3076 0 0.6298116 True
108 0 5 291 377 172 235 3993 0 0.7369878 True
108 0 6 364 499 187 278 7649 0 0.6226292 True
108 1 4 225 263 175 202 841 0 0.8196881 True
108 1 10 515 679 186 269 8792 0 0.6459007 True
108 1 12 433 496 178 205 1025 0 0.6025867 True
108 1 9 284 356 138 204 2993 0 0.6298401 True
108 1 5 274 358 172 235 3771 0 0.712585 True
108 1 6 337 468 187 278 7478 0 0.6272964 True
109 0 4 232 269 175 201 786 0 0.8170478 True
109 0 10 521 677 185 263 7856 0 0.6456279 True
109 0 12 440 502 178 205 974 0 0.5818399 True
109 0 9 289 360 139 203 2867 0 0.6309419 True
109 0 5 287 368 172 232 3586 0 0.7378601 True
109 0 6 354 479 186 270 6609 0 0.6294286 True
109 1 4 223 260 175 201 772 0 0.8024948 True
109 1 10 499 651 185 263 7696 0 0.6491228 True
109 1 12 430 493 178 205 1044 0 0.6137566 True
109 1 9 281 351 139 203 2851 0 0.636384 True
109 1 5 270 350 172 232 3391 0 0.7064583 True
109 1 6 328 449 186 270 6479 0 0.6374459 True
110 0 4 230 266 175 200 761 0 0.8455555 True
110 0 10 505 649 184 257 6881 0 0.6545852 True
110 0 12 437 499 178 205 1075 0 0.6421744 True
110 0 9 286 355 140 202 2730 0 0.6381487 True
110 0 5 282 359 172 229 3238 0 0.7377535 True
110 0 6 344 461 186 264 5792 0 0.6346702 True
110 1 4 221 257 175 200 747 0 0.83 True
110 1 10 484 624 184 257 6743 0 0.6597847 True
110 1 12 428 490 178 205 1055 0 0.630227 True
110 1 9 278 346 140 202 2752 0 0.6527514 True
110 1 5 266 342 172 229 3061 0 0.706602 True
110 1 6 320 433 186 264 5683 0 0.6447697 True
111 0 4 227 263 174 199 708 0 0.7866667 True
111 0 10 490 624 184 252 6075 0 0.6667032 True
111 0 12 434 497 178 205 1079 0 0.6343327 True
111 0 9 283 350 141 201 2581 0 0.6420398 True
111 0 5 278 351 172 227 2931 0 0.7300125 True
111 0 6 336 444 185 258 5030 0 0.638001 True
111 1 4 219 254 174 199 705 0 0.8057143 True
111 1 10 470 600 184 252 5962 0 0.6744344 True
111 1 12 425 487 178 205 1069 0 0.6385902 True
111 1 9 275 341 141 201 2610 0 0.6590909 True
111 1 5 262 335 172 227 2755 0 0.6861768 True
111 1 6 313 418 185 258 4930 0 0.6431833 True
112 0 4 225 259 174 198 671 0 0.822304 True
112 0 10 476 601 183 248 5388 0 0.6631384 True
112 0 12 432 494 178 205 1068 0 0.6379929 True
112 0 9 280 345 142 201 2471 0 0.6443285 True
112 0 5 274 344 172 224 2656 0 0.7296703 True
112 0 6 328 429 184 252 4446 0 0.64735 True
112 1 4 217 251 174 198 662 0 0.8112745 True
112 1 10 457 579 183 248 5296 0 0.6678436 True
112 1 12 423 485 178 205 1013 0 0.6051374 True
112 1 9 272 337 142 201 2510 0 0.654498 True
112 1 5 259 328 172 224 2501 0 0.6970457 True
112 1 6 306 405 184 252 4358 0 0.6473559 True
113 0 4 224 257 174 198 621 0 0.7840909 True
113 0 10 464 581 183 244 4808 0 0.6736724 True
113 0 12 430 491 178 205 989 0 0.6004857 True
113 0 9 277 341 142 200 2390 0 0.6438578 True
113 0 5 270 337 172 222 2420 0 0.7223881 True
113 0 6 320 415 183 247 3932 0 0.6467105 True
113 1 4 216 248 174 198 618 0 0.8046875 True
113 1 10 445 560 183 244 4724 0 0.6734141 True
113 1 12 420 482 178 205 843 0 0.5035842 True
113 1 9 269 332 142 200 2379 0 0.6510673 True
113 1 5 256 322 172 222 2246 0 0.6806061 True
113 1 6 300 392 183 247 3884 0 0.6596467 True
114 0 4 222 254 174 197 590 0 0.8016304 True
114 0 10 452 563 182 240 4312 0 0.6697732 True
114 0 12 427 489 178 204 812 0 0.5037221 True
114 0 9 275 337 143 199 2304 0 0.6635945 True
114 0 5 267 331 172 220 2189 0 0.7125651 True
114 0 6 314 403 183 243 3501 0 0.655618 True
114 1 4 214 246 174 197 590 0 0.8016304 True
114 1 10 434 542 182 240 4239 0 0.6767241 True
114 1 12 418 480 178 204 641 0 0.3976427 True
114 1 9 267 329 143 199 2289 0 0.6592742 True
114 1 5 253 316 172 220 2035 0 0.6729497 True
114 1 6 294 381 183 243 3452 0 0.6613027 True
115 0 10 442 546 182 237 3908 0 0.6832168 True
115 0 12 427 489 178 204 577 0 0.3579404 True
115 0 9 272 333 144 198 2162 0 0.6563449 True
115 0 5 263 325 172 218 2005 0 0.7030154 True
115 0 6 308 392 182 239 3136 0 0.6549708 True
115 1 10 425 527 182 237 3845 0 0.6853833 True
115 1 12 418 479 178 204 413 0 0.2604035 True
115 1 9 265 325 144 198 2180 0 0.6728395 True
115 1 5 250 310 172 218 1869 0 0.6771739 True
115 1 6 289 371 182 239 3096 0 0.6623877 True
116 0 10 431 530 181 234 3534 0 0.6735277 True
116 0 12 427 488 178 204 336 0 0.2118537 True
116 0 9 269 329 145 198 2069 0 0.6506289 True
116 0 5 260 319 172 217 1859 0 0.7001883 True
116 0 6 302 382 182 236 2843 0 0.6581019 True
116 1 10 415 512 181 234 3483 0 0.6774946 True
116 1 12 417 479 178 204 186 0 0.1153846 True
116 1 9 262 321 145 198 2112 0 0.6754078 True
116 1 5 247 305 172 217 1722 0 0.6597701 True
116 1 6 284 362 182 236 2790 0 0.6623932 True
117 0 10 422 516 181 231 3216 0 0.6842553 True
117 0 12 426 488 178 204 107 0 0.06637717 True
117 0 9 267 325 145 197 1989 0 0.6594828 True
117 0 5 257 314 172 215 1690 0 0.6895145 True
117 0 6 296 372 181 233 2571 0 0.6505567 True
117 1 10 406 498 181 231 3181 0 0.6915218 True
117 1 12 417 479 178 204 50 0 0.03101737 True
117 1 9 260 317 145 197 2029 0 0.6845479 True
117 1 5 245 301 172 215 1568 0 0.6511628 True
117 1 6 279 353 181 233 2538 0 0.6595634 True
118 0 10 413 502 181 229 2930 0 0.6858614 True
118 0 12 426 488 178 204 44 0 0.02729529 True
118 0 9 265 321 146 196 1892 0 0.6757143 True
118 0 5 254 309 172 214 1566 0 0.6779221 True
118 0 6 291 363 181 230 2342 0 0.6638322 True
118 1 10 398 485 181 229 2891 0 0.6922893 True
118 1 12 417 479 178 204 116 0 0.0719603 True
118 1 9 258 314 146 196 1928 0 0.6885715 True
118 1 5 242 296 172 214 1446 0 0.6375661 True
118 1 6 275 345 181 230 2332 0 0.6798834 True
119 0 10 405 490 180 226 2706 0 0.6920716 True
119 0 12 426 488 178 204 175 0 0.1085608 True
119 0 9 262 318 146 196 1813 0 0.6475 True
119 0 5 251 305 172 212 1452 0 0.6722222 True
119 0 6 286 355 180 227 2108 0 0.6500154 True
119 1 10 390 473 180 226 2674 0 0.7003667 True
119 1 12 417 478 178 204 322 0 0.2030265 True
119 1 9 256 310 146 196 1877 0 0.6951852 True
119 1 5 240 292 172 212 1348 0 0.648077 True
119 1 6 271 338 180 227 2083 0 0.6614798 True
120 0 10 397 478 180 224 2494 0 0.6997755 True
120 0 12 426 487 178 204 392 0 0.2471627 True
120 0 9 260 314 147 195 1719 0 0.6631944 True
120 0 5 249 300 172 211 1319 0 0.6631473 True
120 0 6 282 347 180 224 1952 0 0.6825175 True
120 1 10 383 462 180 224 2472 0 0.7111623 True
120 1 12 417 478 178 204 523 0 0.3297604 True
120 1 9 254 307 147 195 1772 0 0.6965409 True
120 1 5 237 288 172 211 1239 0 0.6229261 True
120 1 6 267 331 180 224 1933 0 0.6864347 True
121 0 10 390 467 180 222 2307 0 0.713358 True
121 0 12 426 487 178 204 604 0 0.3808323 True
121 0 9 258 311 147 195 1681 0 0.6607704 True
121 0 5 246 296 172 209 1235 0 0.6675676 True
121 0 6 278 340 180 222 1783 0 0.6847158 True
121 1 10 376 452 180 222 2280 0 0.7142857 True
121 1 12 417 478 178 204 705 0 0.4445145 True
121 1 9 252 304 147 195 1719 0 0.6887019 True
121 1 5 235 285 172 209 1154 0 0.6237838 True
121 1 6 263 325 180 222 1758 0 0.6751152 True
122 0 10 382 456 179 220 2123 0 0.6997363 True
122 0 12 426 487 178 204 782 0 0.4930643 True
122 0 9 256 308 148 194 1613 0 0.6743311 True
122 0 5 244 293 172 208 1143 0 0.6479592 True
122 0 6 274 334 179 220 1666 0 0.6772358 True
122 1 10 369 442 179 220 2104 0 0.7029736 True
122 1 12 416 478 178 204 868 0 0.5384616 True
122 1 9 250 301 148 194 1638 0 0.6982097 True
122 1 5 234 281 172 208 1074 0 0.6347518 True
122 1 6 260 319 179 220 1641 0 0.6783795 True
123 0 11 724 1142 139 373 61454 0 0.6282869 True
123 0 10 375 446 179 218 1988 0 0.7179487 True
123 0 12 426 487 178 204 917 0 0.5781841 True
123 0 9 254 304 148 194 1530 0 0.6652174 True
123 0 5 242 289 172 207 1059 0 0.643769 True
123 0 6 271 328 179 218 1522 0 0.6846604 True
123 1 11 685 1088 139 373 59334 0 0.6291913 True
123 1 10 363 432 179 218 1966 0 0.7305834 True
123 1 12 416 478 178 204 977 0 0.6060794 True
123 1 9 248 298 148 194 1555 0 0.676087 True
123 1 5 232 278 172 207 984 0 0.6111801 True
123 1 6 257 314 179 218 1514 0 0.6810616 True
124 0 11 684 1047 142 350 47890 0 0.634271 True
124 0 10 369 437 179 217 1836 0 0.7105263 True
124 0 12 426 487 178 204 1025 0 0.6462799 True
124 0 9 253 301 149 193 1473 0 0.6974432 True
124 0 5 240 285 172 206 987 0 0.645098 True
124 0 6 267 322 179 216 1400 0 0.6879607 True
124 1 11 648 998 142 350 46300 0 0.635989 True
124 1 10 357 424 179 217 1824 0 0.7164179 True
124 1 12 416 478 178 204 1059 0 0.6569479 True
124 1 9 246 295 149 193 1481 0 0.6869202 True
124 1 5 230 274 172 206 929 0 0.6209893 True
124 1 6 254 308 179 216 1397 0 0.6991992 True
125 0 11 648 966 146 331 37915 0 0.6444841 True
125 0 10 363 428 179 215 1719 0 0.7346154 True
125 0 12 426 487 178 204 1055 0 0.6651955 True
125 0 9 251 298 149 193 1425 0 0.6890716 True
125 0 5 238 281 172 205 926 0 0.6525722 True
125 0 6 264 317 178 215 1313 0 0.6695563 True
125 1 11 615 922 146 331 36694 0 0.646078 True
125 1 10 351 415 179 215 1701 0 0.7382813 True
125 1 12 416 478 178 204 1057 0 0.6557072 True
125 1 9 245 292 149 193 1442 0 0.6972921 True
125 1 5 228 271 172 205 863 0 0.6081747 True
125 1 6 252 304 178 215 1305 0 0.6782745 True
126 0 11 617 899 148 316 30647 0 0.6468887 True
126 0 10 357 420 178 214 1611 0 0.7103174 True
126 0 12 425 487 178 204 1058 0 0.6563275 True
126 0 9 249 295 150 192 1359 0 0.7034162 True
126 0 5 235 278 172 204 874 0 0.6351744 True
126 0 6 261 312 178 213 1218 0 0.682353 True
126 1 11 586 859 148 316 29711 0 0.6478066 True
126 1 10 346 408 178 214 1592 0 0.7132617 True
126 1 12 416 478 178 204 1057 0 0.6557072 True
126 1 9 243 289 150 192 1372 0 0.7101449 True
126 1 5 226 268 172 204 819 0 0.609375 True
126 1 6 249 299 178 213 1211 0 0.692 True
127 0 11 590 842 150 303 25171 0 0.6528426 True
127 0 10 352 412 178 212 1514 0 0.7421569 True
127 0 12 425 487 178 204 1058 0 0.6563275 True
127 0 9 247 292 150 192 1295 0 0.6851852 True
127 0 5 233 275 172 203 834 0 0.640553 True
127 0 6 259 308 178 212 1152 0 0.6914766 True
127 1 11 561 805 150 303 24439 0 0.6546394 True
127 1 10 340 400 178 212 1495 0 0.7328432 True
127 1 12 416 478 178 204 1055 0 0.6544665 True
127 1 9 242 286 150 192 1322 0 0.715368 True
127 1 5 224 265 172 203 788 0 0.6199843 True
127 1 6 247 295 178 212 1151 0 0.7052696 True
128 0 11 566 793 152 292 21029 0 0.6617055 True
128 0 10 346 405 178 211 1423 0 0.730868 True
128 0 12 425 487 178 204 1048 0 0.6501241 True
128 0 9 246 290 151 191 1253 0 0.7119318 True
128 0 5 231 271 172 202 789 0 0.6575 True
128 0 6 256 304 178 210 1061 0 0.6907552 True
128 1 11 538 759 152 292 20450 0 0.6609567 True
128 1 10 335 393 178 211 1404 0 0.7335423 True
128 1 12 416 477 178 204 1047 0 0.6601513 True
128 1 9 240 283 151 191 1290 0 0.75 True
128 1 5 222 262 172 202 751 0 0.6258333 True
128 1 6 245 291 178 210 1058 0 0.71875 True
129 0 11 543 750 153 283 17703 0 0.6578595 True
129 0 10 341 398 178 210 1335 0 0.7319079 True
129 0 12 425 487 178 204 1058 0 0.6563275 True
129 0 9 244 287 151 191 1188 0 0.6906977 True
129 0 5 230 268 172 201 743 0 0.6742287 True
129 0 6 253 299 178 209 994 0 0.6970547 True
129 1 11 518 718 153 283 17220 0 0.6623077 True
129 1 10 331 386 178 210 1314 0 0.7465909 True
129 1 12 416 477 178 204 1053 0 0.6639344 True
129 1 9 239 281 151 191 1227 0 0.7303572 True
129 1 5 221 259 172 201 701 0 0.6361161 True
129 1 6 242 288 178 209 980 0 0.687237 True
130 0 11 524 712 155 274 15110 0 0.6753978 True
130 0 10 337 391 178 209 1245 0 0.7437276 True
130 0 12 425 487 178 204 1052 0 0.6526055 False
130 0 9 243 284 151 191 1165 0 0.7103658 True
130 0 5 228 265 172 200 693 0 0.6689189 True
130 0 6 251 295 177 208 947 0 0.6942815 True
130 1 11 499 683 155 274 14709 0 0.6717665 True
130 1 10 326 380 178 209 1241 0 0.7413381 True
130 1 12 416 477 178 204 1047 0 0.6601513 False
130 1 9 237 278 151 191 1198 0 0.7304878 True
130 1 5 219 256 172 200 660 0 0.6370656 True
130 1 6 240 284 177 208 938 0 0.6876833 True
131 0 11 506 680 156 267 13024 0 0.6743295 True
131 0 10 332 385 177 208 1177 0 0.7163725 True
131 0 12 425 486 178 204 1051 0 0.6626734 False
131 0 9 241 282 152 190 1096 0 0.703466 True
131 0 5 227 263 172 200 649 0 0.6438492 True
131 0 6 248 291 177 207 884 0 0.6852713 True
131 1 11 483 652 156 267 12696 0 0.6767951 True
131 1 10 322 374 177 208 1165 0 0.7227047 True
131 1 12 416 477 178 204 1052 0 0.6633039 False
131 1 9 236 276 152 190 1141 0 0.7506579 True
131 1 5 218 254 172 200 615 0 0.610119 True
131 1 6 238 280 177 207 880 0 0.6984127 True
132 0 11 490 650 157 261 11299 0 0.6790264 True
132 0 10 328 379 177 207 1111 0 0.7261438 True
132 0 12 425 486 178 204 1053 0 0.6639344 False
132 0 9 240 279 152 190 1057 0 0.7132254 True
132 0 5 226 261 172 199 606 0 0.6412699 True
132 0 6 246 288 177 206 832 0 0.6830871 True
132 1 11 468 625 157 261 11030 0 0.6755267 True
132 1 10 318 368 177 207 1108 0 0.7386667 True
132 1 12 415 477 178 204 1054 0 0.6538461 False
132 1 9 235 274 152 190 1100 0 0.7422402 True
132 1 5 217 252 172 199 571 0 0.6042328 True
132 1 6 236 277 177 206 824 0 0.6930193 True
133 0 11 475 624 158 256 9900 0 0.6779893 True
133 0 10 324 373 177 206 1054 0 0.7417312 True
133 0 12 424 486 178 204 1053 0 0.6532258 False
133 0 9 239 277 152 189 1026 0 0.7297297 True
133 0 5 225 258 172 198 568 0 0.6620046 True
133 0 6 244 284 177 205 788 0 0.7035714 True
133 1 11 454 600 158 256 9664 0 0.6754264 True
133 1 10 314 362 177 206 1046 0 0.7514368 True
133 1 12 415 476 178 204 937 0 0.5907944 False
133 1 9 233 271 152 189 1072 0 0.7624466 True
133 1 5 217 250 172 198 538 0 0.6270396 True
133 1 6 234 274 177 205 789 0 0.7044643 True
134 0 11 461 600 159 251 8676 0 0.6784486 True
134 0 10 319 367 177 205 997 0 0.7418154 True
134 0 12 424 485 178 204 891 0 0.5617906 False
134 0 9 237 275 153 189 993 0 0.7258772 True
134 0 5 224 256 172 198 519 0 0.6237981 True
134 0 6 242 281 177 204 750 0 0.7122507 True
134 1 11 441 577 159 251 8497 0 0.6791081 True
134 1 10 310 357 177 205 986 0 0.7492401 True
134 1 12 415 476 178 204 647 0 0.4079445 False
134 1 9 232 269 153 189 1014 0 0.7612613 True
134 1 5 216 248 172 198 488 0 0.5865384 True
134 1 6 232 271 177 204 748 0 0.7103513 True
135 0 11 448 578 159 246 7667 0 0.6778957 True
135 0 10 315 362 177 204 942 0 0.7423168 True
135 0 12 424 485 178 204 597 0 0.3764187 True
135 0 9 236 273 153 189 946 0 0.7102102 True
135 0 5 223 254 171 197 474 0 0.5880893 True
135 0 6 240 278 176 203 713 0 0.6949317 True
135 1 11 429 556 159 246 7502 0 0.6789755 True
135 1 10 306 352 177 204 943 0 0.7592593 True
135 1 12 415 476 178 204 381 0 0.240227 True
135 1 9 231 267 153 189 973 0 0.7507716 True
135 1 5 215 246 171 197 450 0 0.5583127 True
135 1 6 231 268 176 203 707 0 0.7077077 True
136 0 11 437 558 160 242 6836 0 0.688974 True
136 0 10 312 357 177 203 898 0 0.7675214 True
136 0 12 424 485 178 204 321 0 0.202396 True
136 0 9 235 271 154 188 1093 0 0.8929738 True
136 0 6 238 275 176 202 673 0 0.6995842 True
136 1 11 419 538 160 242 6702 0 0.686821 True
136 1 10 303 347 177 203 887 0 0.7753497 True
136 1 12 415 476 178 204 133 0 0.08385877 True
136 1 9 230 265 154 188 1062 0 0.892437 True
136 1 6 229 265 176 202 661 0 0.7061966 True
137 0 11 426 541 160 239 6116 0 0.6731976 True
137 0 10 309 352 176 202 854 0 0.763864 True
137 0 12 424 485 178 204 97 0 0.06116015 True
137 0 9 234 269 154 188 1047 0 0.8798319 True
137 0 6 237 272 176 201 616 0 0.704 True
137 1 11 409 521 160 239 5988 0 0.6767631 True
137 1 10 300 343 176 202 850 0 0.7602862 True
137 1 12 415 476 178 204 2 0 0.001261034 True
137 1 9 229 264 154 188 1028 0 0.8638656 True
137 1 6 228 263 176 201 616 0 0.704 True
138 0 11 416 524 161 235 5524 0 0.6911912 True
138 0 10 306 348 176 201 822 0 0.7828571 True
138 0 9 233 267 154 188 1006 0 0.8702422 True
138 0 6 235 270 176 200 603 0 0.7178571 True
138 1 11 400 506 161 235 5422 0 0.691229 True
138 1 10 297 339 176 201 816 0 0.7771429 True
138 1 9 228 262 154 188 999 0 0.8641868 True
138 1 6 227 261 176 200 592 0 0.7254902 True
139 0 11 407 509 161 232 4976 0 0.687103 True
139 0 10 302 344 176 201 783 0 0.7457143 True
139 0 9 232 265 155 187 963 0 0.9119318 True
139 0 6 234 268 176 199 564 0 0.7212276 True
139 1 11 391 491 161 232 4882 0 0.6876056 True
139 1 10 294 335 176 201 775 0 0.7560976 True
139 1 9 227 260 155 187 957 0 0.90625 True
139 1 6 225 259 176 199 560 0 0.7161126 True
140 0 11 398 495 162 230 4495 0 0.6814736 True
140 0 10 299 339 176 200 739 0 0.7697917 True
140 0 6 233 266 176 199 525 0 0.6916996 True
140 1 11 383 478 162 230 4419 0 0.6840557 True
140 1 10 291 331 176 200 742 0 0.7729167 True
140 1 12 415 477 178 204 67 0 0.04156328 True
140 1 6 224 257 176 199 526 0 0.6930171 True
141 0 11 390 482 162 227 4105 0 0.6864548 True
141 0 10 296 335 176 199 706 0 0.787068 True
141 0 12 425 486 178 204 169 0 0.1065574 True
141 0 6 231 263 176 198 521 0 0.7400568 True
141 1 11 375 465 162 227 4028 0 0.688547 True
141 1 10 288 327 176 199 713 0 0.7948718 True
141 1 12 415 477 178 204 326 0 0.2022333 True
141 1 6 223 255 176 198 521 0 0.7400568 True
142 0 11 382 470 163 225 3762 0 0.6895161 True
142 0 10 293 331 176 199 667 0 0.7631579 True
142 0 12 425 486 178 204 437 0 0.2755359 True
142 1 11 368 454 163 225 3691 0 0.6922355 True
142 1 10 285 323 176 199 664 0 0.7597254 True
142 1 12 416 477 178 204 587 0 0.3701135 True
143 0 11 375 459 163 223 3452 0 0.6849206 True
143 0 10 290 327 176 198 647 0 0.7948403 True
143 0 12 425 486 178 204 684 0 0.4312736 True
143 1 11 362 444 163 223 3396 0 0.6902439 True
143 1 10 282 319 176 198 644 0 0.7911548 True
143 1 12 416 477 178 204 802 0 0.5056747 True
144 0 11 369 448 163 221 3169 0 0.6916194 True
144 0 10 287 324 176 197 612 0 0.7876448 True
144 0 12 425 487 178 204 882 0 0.5471464 True
144 1 11 355 434 163 221 3118 0 0.6804889 True
144 1 10 280 316 176 197 609 0 0.8055556 True
144 1 12 416 477 178 204 961 0 0.6059269 True
145 0 11 362 438 164 219 2902 0 0.6942584 True
145 0 10 285 320 176 197 585 0 0.7959183 True
145 0 12 425 487 178 204 1034 0 0.6414392 True
145 1 11 349 424 164 219 2861 0 0.6935757 True
145 1 10 277 313 176 197 585 0 0.7738096 True
145 1 12 416 478 178 204 1062 0 0.6588089 True
146 0 11 356 429 164 217 2702 0 0.6983716 True
146 0 10 282 317 176 196 566 0 0.8085715 True
146 0 12 425 486 178 204 1060 0 0.6683481 True
146 1 11 344 415 164 217 2647 0 0.7034281 True
146 1 10 275 310 176 196 560 0 0.8 True
146 1 12 416 477 178 204 1060 0 0.6683481 True
147 0 11 350 420 164 215 2482 0 0.6952381 True
147 0 10 280 314 175 196 543 0 0.7605042 True
147 0 12 424 486 178 204 1060 0 0.6575682 True
147 1 11 338 407 164 215 2438 0 0.6928105 True
147 1 10 273 307 175 196 542 0 0.7591037 True
147 1 12 415 477 178 204 1056 0 0.6550869 True
148 0 11 345 412 164 214 2296 0 0.6853731 True
148 0 10 277 311 175 195 526 0 0.7735294 True
148 0 12 424 486 178 204 1050 0 0.6513647 True
148 1 11 333 399 164 214 2267 0 0.6869697 True
148 1 10 270 303 175 195 523 0 0.7924243 True
148 1 12 415 476 178 204 1044 0 0.6582597 True
149 0 11 340 404 165 212 2141 0 0.7117686 True
149 0 10 275 307 175 195 494 0 0.771875 True
149 0 12 424 485 178 204 1046 0 0.6595208 True
149 1 11 328 392 165 212 2109 0 0.7011303 True
149 1 10 268 300 175 195 494 0 0.771875 True
149 1 12 415 476 178 204 1040 0 0.6557377 True
150 0 11 335 397 165 211 2003 0 0.7023141 True
150 0 10 273 304 175 194 482 0 0.8183362 True
150 0 12 423 485 178 204 1057 0 0.6557072 True
150 1 11 324 385 165 211 1980 0 0.7056308 True
150 1 10 266 297 175 194 481 0 0.8166384 True
150 1 12 414 476 178 204 1055 0 0.6544665 True
151 0 11 330 390 165 210 1868 0 0.6918519 True
151 0 10 271 301 175 194 446 0 0.7824562 True
151 0 12 423 484 178 204 1046 0 0.6595208 True
151 1 11 319 378 165 210 1839 0 0.6926554 True
151 1 10 264 295 175 194 442 0 0.7504244 True
151 1 12 413 475 178 204 1049 0 0.6507444 True
152 0 11 326 383 165 208 1743 0 0.7111383 True
152 0 10 269 299 175 193 435 0 0.8055556 True
152 0 12 422 483 178 204 1044 0 0.6582597 True
152 1 11 315 372 165 208 1726 0 0.7042024 True
152 1 10 263 292 175 193 442 0 0.8467433 True
152 1 12 412 474 178 204 1045 0 0.648263 True
153 0 11 321 377 165 207 1634 0 0.6947279 True
153 0 12 421 482 178 204 1040 0 0.6557377 True
153 1 11 311 366 165 207 1622 0 0.7021645 True
153 1 12 412 473 178 204 1042 0 0.6569988 True
154 0 11 317 371 166 206 1542 0 0.7138889 True
154 0 12 420 481 178 204 1041 0 0.6563682 True
154 1 11 308 361 166 206 1518 0 0.7160378 True
154 1 12 411 472 178 204 1039 0 0.6551072 True
155 0 11 314 366 166 205 1449 0 0.714497 True
155 0 12 419 480 177 204 1039 0 0.6308439 True
155 1 11 304 356 166 205 1433 0 0.7066075 True
155 1 12 410 471 177 204 1033 0 0.627201 True
156 0 11 310 361 166 204 1383 0 0.7136223 True
156 0 12 417 478 177 204 1034 0 0.6278082 True
156 1 11 301 351 166 204 1374 0 0.7231579 True
156 1 12 408 469 177 204 1035 0 0.6284153 True
157 0 11 307 356 166 204 1316 0 0.7067669 True
157 0 12 415 476 177 204 1030 0 0.6253795 True
157 1 11 298 346 166 204 1290 0 0.7072368 True
157 1 12 406 467 177 204 1033 0 0.627201 True
158 0 11 303 351 166 203 1225 0 0.6897523 True
158 0 12 413 474 177 204 1029 0 0.6247723 True
158 1 11 295 342 166 203 1217 0 0.6998275 True
158 1 12 404 465 177 204 1030 0 0.6253795 True
159 0 11 300 347 166 202 1187 0 0.7015367 True
159 0 12 411 472 177 204 1027 0 0.623558 True
159 1 11 291 337 166 202 1168 0 0.705314 True
159 1 12 402 463 177 204 1029 0 0.6247723 True
160 0 11 297 342 166 201 1116 0 0.7085714 True
160 0 12 409 470 177 204 1017 0 0.6174864 True
160 1 11 288 333 166 201 1108 0 0.703492 True
160 1 12 400 461 177 204 1022 0 0.6205221 True
161 0 11 294 338 167 201 1067 0 0.7132353 True
161 0 12 406 466 177 204 1017 0 0.6277778 True
161 1 11 285 329 167 201 1057 0 0.7065508 True
161 1 12 397 457 177 204 1016 0 0.6271605 True
162 0 11 291 334 167 200 1019 0 0.7181113 True
162 0 12 403 463 177 203 1013 0 0.649359 True
162 1 11 283 325 167 200 1020 0 0.7359307 True
162 1 12 394 454 177 203 1011 0 0.648077 True
163 0 11 288 330 167 199 967 0 0.719494 True
163 0 12 400 460 177 203 1009 0 0.6467949 True
163 1 11 280 322 167 199 956 0 0.7113096 True
163 1 12 391 451 177 203 1009 0 0.6467949 True
164 0 11 285 326 167 199 933 0 0.7111281 True
164 0 12 397 457 177 203 1001 0 0.6416667 True
164 1 11 277 318 167 199 924 0 0.7042683 True
164 1 12 388 448 177 203 994 0 0.6371795 True
165 0 11 283 323 167 198 875 0 0.7056451 True
165 0 12 394 453 177 203 992 0 0.6466753 True
165 1 11 275 315 167 198 862 0 0.6951613 True
165 1 12 385 444 177 203 991 0 0.6460235 True
166 0 11 280 319 167 197 848 0 0.7247863 True
166 0 12 390 449 177 203 973 0 0.6342894 True
166 1 11 273 312 167 197 839 0 0.717094 True
166 1 12 381 440 177 203 972 0 0.6336375 True
167 0 11 278 316 167 197 813 0 0.7131579 True
167 0 12 387 445 177 203 958 0 0.6352785 True
167 1 11 270 309 167 197 799 0 0.682906 True
167 1 12 378 436 177 203 958 0 0.6352785 True
168 0 11 275 313 167 196 785 0 0.7123412 True
168 0 12 383 441 177 203 946 0 0.6273209 True
168 1 11 268 306 167 196 774 0 0.7023593 True
168 1 12 374 432 177 203 950 0 0.6299735 True
169 0 11 273 310 167 196 753 0 0.7017707 True
169 0 12 380 437 177 203 936 0 0.6315789 True
169 1 11 266 303 167 196 737 0 0.6868593 True
169 1 12 371 428 177 203 938 0 0.6329285 True
170 0 11 271 307 167 195 722 0 0.7162699 True
170 0 12 376 432 177 202 918 0 0.6557143 True
170 1 11 264 300 167 195 719 0 0.7132937 True
170 1 12 367 424 177 202 920 0 0.645614 True
171 0 11 269 304 167 195 681 0 0.6948979 True
171 0 12 372 428 177 202 899 0 0.6421428 True
171 1 11 262 297 167 195 679 0 0.6928571 True
171 1 12 363 419 177 202 898 0 0.6414286 True
172 0 11 267 301 168 194 649 0 0.7341629 True
172 0 12 368 423 177 202 889 0 0.6465455 True
172 1 11 260 294 168 194 645 0 0.729638 True
172 1 12 359 414 177 202 886 0 0.6443636 True
173 0 11 265 298 168 194 627 0 0.7307692 True
173 0 12 364 418 177 202 869 0 0.6437037 True
173 1 11 258 292 168 194 624 0 0.7058824 True
173 1 12 355 410 177 202 871 0 0.6334546 True
174 0 11 263 296 168 193 609 0 0.7381818 True
174 0 12 360 413 177 202 860 0 0.6490566 True
174 1 11 257 289 168 193 602 0 0.7525 True
174 1 12 351 405 177 202 853 0 0.6318519 True
175 0 11 261 293 168 193 579 0 0.72375 True
175 0 12 356 408 177 201 844 0 0.676282 True
175 1 11 255 287 168 193 573 0 0.71625 True
175 1 12 347 400 177 201 833 0 0.6548742 True
176 0 11 260 291 168 193 554 0 0.7148387 True
176 0 12 351 403 177 201 817 0 0.6546474 True
176 1 11 253 284 168 193 552 0 0.712258 True
176 1 12 343 395 177 201 810 0 0.6490384 True
177 0 11 258 289 168 192 540 0 0.7258065 True
177 0 12 347 398 177 201 790 0 0.6454248 True
177 1 11 252 282 168 192 537 0 0.7458333 True
177 1 12 339 390 177 201 793 0 0.6478758 True
178 0 11 256 286 168 192 516 0 0.7166666 True
178 0 12 343 393 177 201 772 0 0.6433333 True
178 1 11 250 280 168 192 509 0 0.7069445 True
178 1 12 335 385 177 201 778 0 0.6483333 True
179 0 12 340 389 177 201 764 0 0.6496599 True
179 1 12 331 380 177 201 754 0 0.6411564 True
180 0 12 336 384 177 201 743 0 0.6449653 True
180 1 12 328 376 177 201 739 0 0.6414931 True
181 0 12 332 380 177 201 720 0 0.625 True
181 1 12 324 371 177 201 717 0 0.6356383 True
182 0 12 329 375 177 201 696 0 0.6304348 True
182 1 12 321 367 177 201 693 0 0.6277174 True
183 0 12 325 371 178 201 674 0 0.637051 True
183 1 12 317 363 178 201 673 0 0.6361058 True
184 0 12 322 367 178 201 663 0 0.6405797 True
184 1 12 314 359 178 201 661 0 0.6386473 True
185 0 13 17 57 162 192 1158 0 0.965 True
185 0 12 319 363 178 201 658 0 0.6501976 True
185 1 13 11 51 162 192 1165 0 0.9708334 True
185 1 12 311 355 178 201 656 0 0.6482214 True
186 0 13 15 55 162 193 1217 0 0.9814516 True
186 0 12 316 359 179 201 633 0 0.6691332 True
186 1 13 8 49 162 193 1240 0 0.9756098 True
186 1 12 308 351 179 201 631 0 0.667019 True
187 0 13 12 53 163 194 1246 0 0.9803305 True
187 0 12 312 354 180 202 620 0 0.6709957 True
187 1 13 6 47 163 194 1261 0 0.9921322 True
187 1 12 305 347 180 202 614 0 0.6645021 True
188 0 13 10 52 164 195 1300 0 0.9984639 True
188 0 12 309 350 181 203 599 0 0.6640798 True
188 1 13 3 45 164 195 1324 0 1.016897 True
188 1 12 302 343 181 203 602 0 0.6674058 True
189 0 13 7 50 165 197 1359 0 0.9876453 True
189 0 12 306 346 182 204 585 0 0.6647727 True
189 1 13 0 44 165 197 1339 0 0.9509943 True
189 1 12 299 339 182 204 579 0 0.6579546 True
190 0 13 4 48 165 198 1394 0 0.9600551 True
190 0 12 303 342 182 204 561 0 0.6538461 True
190 1 13 0 42 165 198 1338 0.009087145 0.965368 True
190 1 12 295 334 182 204 552 0 0.6433566 True
191 0 13 0 44 165 198 1427 0 0.9827824 True
191 0 12 299 337 182 204 553 0 0.6614832 True
191 1 13 0 38 165 198 1242 0.08462411 0.9904306 True
191 1 12 291 330 182 204 545 0 0.6351981 True
192 0 13 0 40 165 198 1346 0.0497967 1.019697 True
192 0 12 295 333 182 204 514 0 0.6148325 True
192 1 13 0 34 165 198 1147 0.214017 1.022282 True
192 1 12 288 325 182 204 521 0 0.6400492 True
193 0 13 0 36 165 199 1230 0.1635371 1.004902 True
193 0 12 291 328 183 204 521 0 0.6705277 True
193 1 13 0 30 165 199 1015 0.3416173 0.9950981 True
193 1 12 283 320 183 204 516 0 0.6640927 True
194 0 13 0 32 166 200 1123 0.2987383 1.032169 True
194 0 12 286 322 184 205 500 0 0.6613756 True
194 1 13 0 25 166 200 891 0.4758539 1.048235 True
194 1 12 279 315 184 205 506 0 0.6693122 True
195 0 13 0 28 167 202 1014 0.4257157 1.034694 True
195 0 12 282 317 184 205 485 0 0.6598639 True
195 1 13 0 21 167 202 775 0.6028724 1.054422 True
195 1 12 275 310 184 205 486 0 0.6612245 True
196 0 13 0 22 168 203 846 0.5721419 1.098701 True
196 0 12 278 312 185 206 483 0 0.6764706 True
196 1 13 0 15 168 203 600 0.7514446 1.142857 True
196 1 12 270 305 185 206 481 0 0.6544217 True
197 0 13 0 17 168 205 659 0.7194552 1.047695 True
197 0 12 273 307 186 207 473 0 0.662465 True
197 1 13 0 10 169 204 407 0.8929548 1.162857 True
197 1 12 266 300 186 207 472 0 0.6610644 True
198 0 13 0 12 169 206 483 0.8629043 1.087838 True
198 0 12 270 303 187 208 462 0 0.6666667 True
198 1 13 0 4 170 205 218 0.983285 1.557143 True
198 1 12 263 296 187 208 461 0 0.6652237 True
199 0 13 0 5 170 206 242 0.9761889 1.344444 True
199 0 12 266 299 188 208 457 0 0.6924242 True
199 1 12 259 292 188 208 457 0 0.6924242 True
200 0 13 0 0 0 0 13 1 0 True
200 0 12 261 294 188 209 437 0 0.6305916 True
200 1 12 254 286 188 209 438 0 0.6517857 True
201 0 12 256 288 189 209 440 0 0.6875 True
201 1 12 249 281 189 209 438 0 0.684375 True
202 0 12 251 283 187 208 424 0 0.6309524 True
202 1 12 244 275 187 208 422 0 0.6482335 True
203 0 12 246 279 186 206 437 0 0.6621212 True
203 1 12 240 272 186 206 436 0 0.68125 True
204 0 12 242 275 186 206 440 0 0.6666667 True
204 1 12 235 268 186 206 434 0 0.6575758 True
205 0 12 239 272 185 205 439 0 0.6651515 True
205 1 12 232 265 185 205 433 0 0.6560606 True
206 0 12 237 269 184 204 424 0 0.6625 True
206 1 12 230 262 184 204 420 0 0.65625 True
207 0 12 236 268 184 204 428 0 0.66875 True
207 1 12 229 261 184 204 426 0 0.665625 True
208 0 12 236 268 183 203 423 0 0.6609375 True
208 1 12 229 261 183 203 416 0 0.65 True
209 0 12 237 268 183 203 413 0 0.6661291 True
209 1 12 230 261 183 203 411 0 0.6629032 True
210 0 12 238 269 184 204 413 0 0.6661291 True
210 1 12 231 262 184 204 413 0 0.6661291 True
211 0 12 245 274 184 204 400 0 0.6896552 True
211 1 12 238 267 184 204 399 0 0.6879311 True
212 0 12 252 280 185 204 372 0 0.6992481 True
212 1 12 245 273 185 204 369 0 0.693609 True
213 0 12 259 286 186 205 354 0 0.6900585 True
213 1 12 252 279 186 205 350 0 0.6822612 True
214 0 12 271 297 187 206 338 0 0.6842105 True
214 1 12 264 290 187 206 343 0 0.694332 True
215 0 13 0 1 173 219 115 0.9999223 2.5 True
215 0 12 282 307 188 207 324 0 0.6821052 True
215 1 12 276 300 188 207 327 0 0.7171053 True
216 0 13 0 20 171 222 1051 0.8777779 1.030392 True
216 0 12 299 323 187 206 311 0 0.6820176 True
216 1 13 0 10 172 220 565 0.9702128 1.177083 True
216 1 12 292 316 187 206 318 0 0.6973684 True
217 0 13 0 40 170 223 2064 0.5638551 0.9735849 True
217 0 12 316 339 186 204 306 0 0.7391304 True
217 1 13 0 30 170 223 1520 0.7491444 0.9559748 True
217 1 12 309 333 186 204 300 0 0.6944444 True
218 0 13 0 66 169 224 3490 0.155311 0.9614325 True
218 0 12 337 360 186 204 288 0 0.6956522 True
218 1 13 0 56 169 224 2944 0.3142774 0.9558442 True
218 1 12 331 354 186 204 282 0 0.6811594 True
219 0 13 0 92 169 225 4629 0.0003880262 0.898486 True
219 0 12 359 381 185 202 279 0 0.7459893 True
219 1 13 0 82 169 225 4364 0.02937776 0.9503484 True
219 1 12 353 375 185 202 270 0 0.7219251 True
220 0 13 26 119 167 224 4618 0 0.8711564 True
220 0 12 380 402 183 200 263 0 0.7032086 True
220 1 13 14 109 167 224 4684 0 0.8650046 True
220 1 12 374 396 183 200 262 0 0.7005348 True
221 0 13 59 151 166 223 4571 0 0.8716629 True
221 1 13 46 141 166 223 4650 0 0.8587258 True
222 0 13 92 183 164 222 4530 0 0.8582796 True
222 1 13 79 173 164 222 4608 0 0.8451944 True
223 0 13 125 216 162 220 4538 0 0.8597954 True
223 1 13 113 205 162 220 4614 0 0.8646926 True
224 0 13 159 249 159 218 4497 0 0.8468927 True
224 1 13 147 238 159 218 4569 0 0.8509964 True
225 0 13 194 282 159 217 4500 0 0.8816614 True
225 1 13 181 271 159 217 4574 0 0.8762452 True
226 0 13 229 316 159 218 4497 0 0.8760958 True
226 1 13 216 305 159 218 4571 0 0.8705009 True
227 0 13 265 350 159 219 4520 0 0.8862745 True
227 1 13 252 339 159 219 4611 0 0.8833333 True
228 0 13 301 385 159 220 4466 0 0.8715847 True
228 1 13 288 374 159 220 4562 0 0.869615 True
229 0 13 335 420 158 220 4596 0 0.8721063 True
229 1 13 322 409 158 220 4681 0 0.8678161 True
230 0 13 370 456 156 220 4722 0 0.8579215 True
230 1 13 356 445 156 220 4826 0 0.8472613 True
231 0 13 406 493 153 218 4860 0 0.8594164 True
231 1 13 392 481 153 218 4959 0 0.857217 True
232 0 13 441 528 151 218 5066 0 0.8691028 True
232 1 13 426 516 151 218 5159 0 0.8555555 True
233 0 13 477 565 149 219 5263 0 0.8543831 True
233 1 13 462 553 149 219 5347 0 0.8394035 True
234 0 13 515 604 147 218 5459 0 0.8639025 True
234 1 13 500 592 147 218 5578 0 0.8539498 True
235 0 13 556 645 145 218 5682 0 0.8745575 True
235 1 13 540 632 145 218 5800 0 0.8636093 True
236 0 13 593 685 142 218 6113 0 0.8742849 True
236 1 13 576 671 142 218 6237 0 0.8638504 True
237 0 13 632 727 139 219 6591 0 0.8672369 True
237 1 13 616 713 139 219 6716 0 0.8654639 True
238 0 13 676 773 135 218 7141 0 0.8869706 True
238 1 13 658 759 135 218 7280 0 0.8684242 True
239 0 13 723 823 132 219 7752 0 0.8910345 True
239 1 13 705 808 132 219 7902 0 0.8818212 True
