frame cameraID r1,1 r1,2 r1,3 t1 r2,1 r2,2 r2,3 t2 r3,1 r3,2 r3,3 t3 0 0 0 1
0 0 0.690989 -0.01231958 -0.7227603 -1.137258 -0.00118805 0.9998341 -0.01817818 114.6491 0.7228643 0.0134196 0.6908597 0.4394673 0 0 0 1
0 1 0.690989 -0.01231958 -0.7227603 -1.669983 -0.00118805 0.9998341 -0.01817818 114.6491 0.7228643 0.0134196 0.6908597 0.4394674 0 0 0 1
1 0 0.6909331 -0.01239057 -0.7228125 -1.14498 -0.00110425 0.9998338 -0.01819487 114.6491 0.7229179 0.0133696 0.6908046 0.434244 0 0 0 1
1 1 0.6909331 -0.01239057 -0.7228125 -1.677705 -0.00110425 0.9998338 -0.01819487 114.6491 0.7229179 0.0133696 0.6908046 0.4342439 0 0 0 1
2 0 0.6909389 -0.01238957 -0.7228069 -1.143928 -0.00111636 0.9998336 -0.0182052 114.6491 0.7229122 0.0133856 0.6908102 0.4363661 0 0 0 1
2 1 0.6909389 -0.01238957 -0.7228069 -1.676653 -0.00111636 0.9998336 -0.0182052 114.6491 0.7229122 0.0133856 0.6908102 0.436366 0 0 0 1
3 0 0.6909186 -0.01236458 -0.7228267 -1.140679 -0.001136315 0.9998339 -0.01818918 114.6491 0.7229316 0.0133886 0.6907898 0.4373282 0 0 0 1
3 1 0.6909186 -0.01236458 -0.7228267 -1.673404 -0.001136315 0.9998339 -0.01818918 114.6491 0.7229316 0.0133886 0.6907898 0.437328 0 0 0 1
4 0 0.6909659 -0.01238657 -0.7227812 -1.142678 -0.001135109 0.9998333 -0.01821966 114.649 0.7228864 0.0134096 0.6908367 0.4403963 0 0 0 1
4 1 0.6909659 -0.01238657 -0.7227812 -1.675403 -0.001135109 0.9998333 -0.01821966 114.649 0.7228864 0.0134096 0.6908367 0.4403963 0 0 0 1
5 0 0.6909589 -0.01237657 -0.7227881 -1.141545 -0.001162438 0.9998331 -0.01823176 114.649 0.7228931 0.0134376 0.6908292 0.4439548 0 0 0 1
5 1 0.6909589 -0.01237657 -0.7227881 -1.67427 -0.001162438 0.9998331 -0.01823176 114.649 0.7228931 0.0134376 0.6908292 0.4439548 0 0 0 1
6 0 0.6909786 -0.01239957 -0.7227688 -1.143811 -0.00110845 0.9998335 -0.0182125 114.649 0.7228743 0.0133856 0.6908499 0.4383752 0 0 0 1
6 1 0.6909786 -0.01239957 -0.7227688 -1.676536 -0.00110845 0.9998335 -0.0182125 114.649 0.7228743 0.0133856 0.6908499 0.4383751 0 0 0 1
7 0 0.6909621 -0.01235058 -0.7227855 -1.137703 -0.001149232 0.999834 -0.01818327 114.6491 0.72289 0.0133946 0.6908332 0.4399233 0 0 0 1
7 1 0.6909621 -0.01235058 -0.7227855 -1.670428 -0.001149232 0.999834 -0.01818327 114.6491 0.72289 0.0133946 0.6908332 0.4399233 0 0 0 1
8 0 0.6909626 -0.01235457 -0.722785 -1.137779 -0.001180441 0.9998333 -0.01821863 114.6491 0.7228897 0.0134416 0.6908328 0.445652 0 0 0 1
8 1 0.6909626 -0.01235457 -0.722785 -1.670504 -0.001180441 0.9998333 -0.01821863 114.6491 0.7228897 0.0134416 0.6908328 0.4456521 0 0 0 1
9 0 0.6909443 -0.01243055 -0.7228012 -1.145901 -0.001160208 0.9998318 -0.01830393 114.649 0.7229072 0.01348559 0.6908136 0.4511225 0 0 0 1
9 1 0.6909443 -0.01243055 -0.7228012 -1.678626 -0.001160208 0.9998318 -0.01830393 114.649 0.7229072 0.01348559 0.6908136 0.4511225 0 0 0 1
10 0 0.6909489 -0.01238956 -0.7227974 -1.139991 -0.00116528 0.9998327 -0.01825219 114.649 0.7229027 0.0134536 0.6908189 0.4483629 0 0 0 1
10 1 0.6909489 -0.01238956 -0.7227974 -1.672716 -0.00116528 0.9998327 -0.01825219 114.649 0.7229027 0.0134536 0.6908189 0.4483629 0 0 0 1
11 0 0.6909299 -0.01241755 -0.722815 -1.141797 -0.001168834 0.999832 -0.01829381 114.649 0.7229208 0.01348459 0.6907992 0.4523287 0 0 0 1
11 1 0.6909299 -0.01241755 -0.722815 -1.674522 -0.001168834 0.999832 -0.01829381 114.649 0.7229208 0.01348459 0.6907992 0.4523288 0 0 0 1
12 0 0.6909084 -0.01247253 -0.7228347 -1.147341 -0.001167531 0.9998306 -0.01836807 114.6489 0.7229414 0.01353459 0.6907768 0.458483 0 0 0 1
12 1 0.6909084 -0.01247253 -0.7228347 -1.680067 -0.001167531 0.9998306 -0.01836807 114.6489 0.7229414 0.01353459 0.6907768 0.458483 0 0 0 1
13 0 0.6909156 -0.01243256 -0.7228286 -1.141927 -0.001124842 0.9998324 -0.01827217 114.649 0.7229345 0.0134376 0.6907859 0.4480187 0 0 0 1
13 1 0.6909156 -0.01243256 -0.7228286 -1.674653 -0.001124842 0.9998324 -0.01827217 114.649 0.7229345 0.0134376 0.6907859 0.4480187 0 0 0 1
14 0 0.6908901 -0.01245754 -0.7228525 -1.144057 -0.00115305 0.9998313 -0.01833303 114.6489 0.7229589 0.01349959 0.6907592 0.4557316 0 0 0 1
14 1 0.6908901 -0.01245754 -0.7228525 -1.676782 -0.00115305 0.9998313 -0.01833303 114.6489 0.7229589 0.01349959 0.6907592 0.4557316 0 0 0 1
15 0 0.6908293 -0.01246756 -0.7229104 -1.144518 -0.001088383 0.9998323 -0.01828353 114.649 0.7230171 0.0134176 0.6906998 0.446878 0 0 0 1
15 1 0.6908293 -0.01246756 -0.7229104 -1.677243 -0.001088383 0.9998323 -0.01828353 114.649 0.7230171 0.0134176 0.6906998 0.446878 0 0 0 1
16 0 0.6908054 -0.01246854 -0.7229332 -1.144239 -0.001139644 0.9998313 -0.01833325 114.6489 0.7230398 0.01348859 0.6906747 0.4551993 0 0 0 1
16 1 0.6908054 -0.01246854 -0.7229332 -1.676964 -0.001139644 0.9998313 -0.01833325 114.6489 0.7230398 0.01348859 0.6906747 0.4551993 0 0 0 1
17 0 0.690865 -0.01246757 -0.7228763 -1.143616 -0.001041198 0.9998331 -0.01823938 114.649 0.7229831 0.0133536 0.6907367 0.4400943 0 0 0 1
17 1 0.690865 -0.01246757 -0.7228763 -1.676342 -0.001041198 0.9998331 -0.01823938 114.649 0.7229831 0.0133536 0.6907367 0.4400942 0 0 0 1
18 0 0.6908624 -0.01242155 -0.7228796 -1.13744 -0.001158375 0.9998321 -0.01828762 114.649 0.7229854 0.01347159 0.690732 0.4539222 0 0 0 1
18 1 0.6908624 -0.01242155 -0.7228796 -1.670165 -0.001158375 0.9998321 -0.01828762 114.649 0.7229854 0.01347159 0.690732 0.4539222 0 0 0 1
19 0 0.6908689 -0.01246555 -0.7228726 -1.141517 -0.001127091 0.9998316 -0.01831875 114.649 0.7229792 0.01347059 0.6907384 0.4542606 0 0 0 1
19 1 0.6908689 -0.01246555 -0.7228726 -1.674242 -0.001127091 0.9998316 -0.01831875 114.649 0.7229792 0.01347059 0.6907384 0.4542605 0 0 0 1
20 0 0.6908392 -0.01253452 -0.7228999 -1.148503 -0.00111923 0.9998299 -0.01840587 114.6489 0.7230076 0.01352459 0.6907077 0.4604445 0 0 0 1
20 1 0.6908392 -0.01253452 -0.7228999 -1.681228 -0.00111923 0.9998299 -0.01840587 114.6489 0.7230076 0.01352459 0.6907077 0.4604445 0 0 0 1
21 0 0.6908906 -0.01249753 -0.7228514 -1.143494 -0.001156498 0.9998302 -0.01839164 114.6489 0.7229584 0.01354259 0.6907588 0.4625612 0 0 0 1
21 1 0.6908906 -0.01249753 -0.7228514 -1.676219 -0.001156498 0.9998302 -0.01839164 114.6489 0.7229584 0.01354259 0.6907588 0.4625611 0 0 0 1
22 0 0.6908569 -0.01251053 -0.7228833 -1.144186 -0.001119446 0.9998305 -0.01837336 114.6489 0.7229907 0.01350259 0.6907259 0.4578755 0 0 0 1
22 1 0.6908569 -0.01251053 -0.7228833 -1.676912 -0.001119446 0.9998305 -0.01837336 114.6489 0.7229907 0.01350259 0.6907259 0.4578756 0 0 0 1
23 0 0.6908456 -0.01251453 -0.7228941 -1.143981 -0.001126375 0.9998304 -0.01838521 114.6489 0.7230015 0.01351559 0.6907142 0.4594093 0 0 0 1
23 1 0.6908456 -0.01251453 -0.7228941 -1.676706 -0.001126375 0.9998304 -0.01838521 114.6489 0.7230015 0.01351559 0.6907142 0.4594094 0 0 0 1
24 0 0.6908726 -0.01257053 -0.7228673 -1.14961 -0.001050118 0.9998303 -0.01839051 114.6489 0.7229758 0.01346459 0.6907421 0.4533976 0 0 0 1
24 1 0.6908726 -0.01257053 -0.7228673 -1.682335 -0.001050118 0.9998303 -0.01839051 114.6489 0.7229758 0.01346459 0.6907421 0.4533977 0 0 0 1
25 0 0.690838 -0.01252052 -0.722901 -1.143128 -0.001157857 0.9998296 -0.01842337 114.6489 0.7230086 0.01356458 0.6907058 0.4645135 0 0 0 1
25 1 0.690838 -0.01252052 -0.722901 -1.675853 -0.001157857 0.9998296 -0.01842337 114.6489 0.7230086 0.01356458 0.6907058 0.4645134 0 0 0 1
26 0 0.690854 -0.01249954 -0.7228863 -1.140045 -0.001123505 0.9998308 -0.01836195 114.649 0.7229935 0.01349759 0.690723 0.4565857 0 0 0 1
26 1 0.690854 -0.01249954 -0.7228863 -1.67277 -0.001123505 0.9998308 -0.01836195 114.649 0.7229935 0.01349759 0.690723 0.4565856 0 0 0 1
27 0 0.6908952 -0.01251552 -0.7228467 -1.141014 -0.001154793 0.9998298 -0.01841502 114.649 0.7229541 0.01355758 0.6907631 0.4628339 0 0 0 1
27 1 0.6908952 -0.01251552 -0.7228467 -1.673739 -0.001154793 0.9998298 -0.01841502 114.649 0.7229541 0.01355758 0.6907631 0.462834 0 0 0 1
28 0 0.6908448 -0.01249653 -0.7228951 -1.138149 -0.001146783 0.9998304 -0.01837979 114.649 0.7230021 0.01352659 0.6907133 0.4591294 0 0 0 1
28 1 0.6908448 -0.01249653 -0.7228951 -1.670875 -0.001146783 0.9998304 -0.01837979 114.649 0.7230021 0.01352659 0.6907133 0.4591293 0 0 0 1
29 0 0.6908906 -0.01256051 -0.7228503 -1.144545 -0.001165764 0.9998284 -0.0184876 114.6489 0.7229584 0.01361558 0.6907574 0.4692859 0 0 0 1
29 1 0.6908906 -0.01256051 -0.7228503 -1.67727 -0.001165764 0.9998284 -0.0184876 114.6489 0.7229584 0.01361558 0.6907574 0.469286 0 0 0 1
30 0 0.6908664 -0.01251253 -0.7228742 -1.138362 -0.001114932 0.9998306 -0.01837205 114.649 0.7229816 0.01349859 0.6907353 0.4556455 0 0 0 1
30 1 0.6908664 -0.01251253 -0.7228742 -1.671087 -0.001114932 0.9998306 -0.01837205 114.649 0.7229816 0.01349859 0.6907353 0.4556455 0 0 0 1
31 0 0.6908499 -0.01250352 -0.7228901 -1.137014 -0.001196054 0.9998293 -0.01843666 114.649 0.7229972 0.01360158 0.690717 0.4669853 0 0 0 1
31 1 0.6908499 -0.01250352 -0.7228901 -1.669739 -0.001196054 0.9998293 -0.01843666 114.649 0.7229972 0.01360158 0.690717 0.4669852 0 0 0 1
32 0 0.6908433 -0.01249553 -0.7228966 -1.135561 -0.001137388 0.9998306 -0.0183694 114.6491 0.7230036 0.01351259 0.6907121 0.45652 0 0 0 1
32 1 0.6908433 -0.01249553 -0.7228966 -1.668286 -0.001137388 0.9998306 -0.0183694 114.6491 0.7230036 0.01351259 0.6907121 0.4565201 0 0 0 1
33 0 0.6909031 -0.01249553 -0.7228394 -1.134956 -0.001174194 0.9998299 -0.0184061 114.6491 0.7229465 0.01356559 0.6907709 0.4621028 0 0 0 1
33 1 0.6909031 -0.01249553 -0.7228394 -1.667681 -0.001174194 0.9998299 -0.0184061 114.6491 0.7229465 0.01356559 0.6907709 0.4621028 0 0 0 1
34 0 0.6908498 -0.01247653 -0.7228907 -1.132101 -0.001203864 0.9998298 -0.01840678 114.6491 0.7229974 0.01358658 0.6907172 0.4644398 0 0 0 1
34 1 0.6908498 -0.01247653 -0.7228907 -1.664826 -0.001203864 0.9998298 -0.01840678 114.6491 0.7229974 0.01358658 0.6907172 0.4644397 0 0 0 1
35 0 0.6909307 -0.01248654 -0.7228131 -1.133202 -0.001138491 0.9998308 -0.01836027 114.6491 0.7229201 0.01350859 0.6907996 0.4554685 0 0 0 1
35 1 0.6909307 -0.01248654 -0.7228131 -1.665927 -0.001138491 0.9998308 -0.01836027 114.6491 0.7229201 0.01350859 0.6907996 0.4554685 0 0 0 1
36 0 0.6909351 -0.01250853 -0.7228085 -1.135674 -0.001133303 0.9998303 -0.01838585 114.6491 0.7229158 0.01352259 0.6908038 0.4570193 0 0 0 1
36 1 0.6909351 -0.01250853 -0.7228085 -1.668398 -0.001133303 0.9998303 -0.01838585 114.6491 0.7229158 0.01352259 0.6908038 0.4570191 0 0 0 1
37 0 0.6909495 -0.01252153 -0.7227946 -1.137076 -0.001117447 0.9998303 -0.01838905 114.6491 0.7229022 0.01351359 0.6908182 0.4559809 0 0 0 1
37 1 0.6909495 -0.01252153 -0.7227946 -1.669801 -0.001117447 0.9998303 -0.01838905 114.6491 0.7229022 0.01351359 0.6908182 0.4559807 0 0 0 1
38 0 0.6909667 -0.01253553 -0.7227779 -1.138633 -0.001081304 0.9998306 -0.01837433 114.6491 0.7228858 0.01347759 0.6908361 0.4515525 0 0 0 1
38 1 0.6909667 -0.01253553 -0.7227779 -1.671359 -0.001081304 0.9998306 -0.01837433 114.6491 0.7228858 0.01347759 0.6908361 0.4515525 0 0 0 1
39 0 0.6909428 -0.01252954 -0.7228008 -1.137763 -0.001083891 0.9998307 -0.01836788 114.6491 0.7229086 0.01347459 0.6908122 0.4512165 0 0 0 1
39 1 0.6909428 -0.01252954 -0.7228008 -1.670488 -0.001083891 0.9998307 -0.01836788 114.6491 0.7229086 0.01347459 0.6908122 0.4512165 0 0 0 1
40 0 0.6908839 -0.01248253 -0.722858 -1.132565 -0.00116269 0.9998305 -0.01837664 114.6491 0.7229648 0.01353658 0.6907523 0.4580234 0 0 0 1
40 1 0.6908839 -0.01248253 -0.722858 -1.66529 -0.00116269 0.9998305 -0.01837664 114.6491 0.7229648 0.01353658 0.6907523 0.4580235 0 0 0 1
41 0 0.690861 -0.01248654 -0.7228798 -1.132741 -0.001115674 0.9998313 -0.01833667 114.6491 0.7229867 0.01347459 0.6907306 0.4507778 0 0 0 1
41 1 0.690861 -0.01248654 -0.7228798 -1.665467 -0.001115674 0.9998313 -0.01833667 114.6491 0.7229867 0.01347459 0.6907306 0.4507779 0 0 0 1
42 0 0.6908262 -0.01250253 -0.7229128 -1.135183 -0.001160465 0.99983 -0.01840068 114.6491 0.72302 0.01355059 0.6906943 0.459126 0 0 0 1
42 1 0.6908262 -0.01250253 -0.7229128 -1.667908 -0.001160465 0.99983 -0.01840068 114.6491 0.72302 0.01355059 0.6906943 0.4591259 0 0 0 1
43 0 0.6908104 -0.01244953 -0.7229287 -1.129464 -0.00120182 0.9998306 -0.01836648 114.6491 0.7230349 0.01355658 0.6906785 0.4596319 0 0 0 1
43 1 0.6908104 -0.01244953 -0.7229287 -1.662189 -0.00120182 0.9998306 -0.01836648 114.6491 0.7230349 0.01355658 0.6906785 0.4596318 0 0 0 1
44 0 0.6908947 -0.01242655 -0.7228486 -1.127657 -0.001190983 0.9998313 -0.01832651 114.6492 0.7229545 0.01352259 0.6907634 0.4553496 0 0 0 1
44 1 0.6908947 -0.01242655 -0.7228486 -1.660382 -0.001190983 0.9998313 -0.01832651 114.6492 0.7229545 0.01352259 0.6907634 0.4553496 0 0 0 1
45 0 0.6908202 -0.01241955 -0.7229199 -1.127176 -0.00119843 0.9998314 -0.01832202 114.6492 0.7230256 0.01352359 0.6906888 0.4551268 0 0 0 1
45 1 0.6908202 -0.01241955 -0.7229199 -1.659901 -0.00119843 0.9998314 -0.01832202 114.6492 0.7230256 0.01352359 0.6906888 0.4551266 0 0 0 1
46 0 0.6907879 -0.01244855 -0.7229503 -1.130534 -0.001127144 0.999832 -0.01829321 114.6492 0.7230566 0.01345159 0.6906578 0.4465543 0 0 0 1
46 1 0.6907879 -0.01244855 -0.7229503 -1.663259 -0.001127144 0.999832 -0.01829321 114.6492 0.7230566 0.01345159 0.6906578 0.4465542 0 0 0 1
47 0 0.6907443 -0.01241755 -0.7229924 -1.126946 -0.001204626 0.9998314 -0.01832321 114.6492 0.723098 0.01352759 0.6906129 0.454953 0 0 0 1
47 1 0.6907443 -0.01241755 -0.7229924 -1.659671 -0.001204626 0.9998314 -0.01832321 114.6492 0.723098 0.01352759 0.6906129 0.454953 0 0 0 1
48 0 0.6907277 -0.01239655 -0.7230088 -1.125338 -0.001225338 0.9998316 -0.01831352 114.6492 0.723114 0.01353559 0.6905962 0.4553694 0 0 0 1
48 1 0.6907277 -0.01239655 -0.7230088 -1.658063 -0.001225338 0.9998316 -0.01831352 114.6492 0.723114 0.01353559 0.6905962 0.4553695 0 0 0 1
49 0 0.6907595 -0.01241854 -0.722978 -1.12847 -0.001206445 0.9998313 -0.01832672 114.6492 0.7230836 0.01353159 0.690628 0.4540864 0 0 0 1
49 1 0.6907595 -0.01241854 -0.722978 -1.661195 -0.001206445 0.9998313 -0.01832672 114.6492 0.7230836 0.01353159 0.690628 0.4540864 0 0 0 1
50 0 0.6907296 -0.01239054 -0.7230071 -1.126041 -0.001262708 0.999831 -0.01834095 114.6492 0.7231121 0.01358158 0.6905972 0.4588993 0 0 0 1
50 1 0.6907296 -0.01239054 -0.7230071 -1.658766 -0.001262708 0.999831 -0.01834095 114.6492 0.7231121 0.01358158 0.6905972 0.4588993 0 0 0 1
51 0 0.6907442 -0.01239155 -0.7229931 -1.126898 -0.001212463 0.9998319 -0.01829474 114.6492 0.7230982 0.01351359 0.690613 0.4502138 0 0 0 1
51 1 0.6907442 -0.01239155 -0.7229931 -1.659623 -0.001212463 0.9998319 -0.01829474 114.6492 0.7230982 0.01351359 0.690613 0.450214 0 0 0 1
52 0 0.6907463 -0.01231456 -0.7229924 -1.118234 -0.001277889 0.9998326 -0.01825082 114.6493 0.7230961 0.01353059 0.6906149 0.4517239 0 0 0 1
52 1 0.6907463 -0.01231456 -0.7229924 -1.650959 -0.001277889 0.9998326 -0.01825082 114.6493 0.7230961 0.01353059 0.6906149 0.4517239 0 0 0 1
53 0 0.6908091 -0.01232856 -0.7229322 -1.120332 -0.00125434 0.9998327 -0.01824931 114.6493 0.7230362 0.01351359 0.690678 0.4494873 0 0 0 1
53 1 0.6908091 -0.01232856 -0.7229322 -1.653057 -0.00125434 0.9998327 -0.01824931 114.6493 0.7230362 0.01351359 0.690678 0.4494873 0 0 0 1
54 0 0.6908107 -0.01234155 -0.7229304 -1.122176 -0.001308962 0.9998313 -0.01831948 114.6492 0.7230346 0.01360158 0.690678 0.4591477 0 0 0 1
54 1 0.6908107 -0.01234155 -0.7229304 -1.654901 -0.001308962 0.9998313 -0.01831948 114.6492 0.7230346 0.01360158 0.690678 0.4591477 0 0 0 1
55 0 0.6908243 -0.01234456 -0.7229174 -1.123376 -0.00123495 0.9998326 -0.0182533 114.6493 0.7230217 0.01350259 0.6906934 0.4471486 0 0 0 1
55 1 0.6908243 -0.01234456 -0.7229174 -1.656101 -0.00123495 0.9998326 -0.0182533 114.6493 0.7230217 0.01350259 0.6906934 0.4471487 0 0 0 1
56 0 0.6907845 -0.01234456 -0.7229554 -1.12428 -0.001237399 0.9998326 -0.01825462 114.6493 0.7230597 0.01350459 0.6906536 0.4467538 0 0 0 1
56 1 0.6907845 -0.01234456 -0.7229554 -1.657005 -0.001237399 0.9998326 -0.01825462 114.6493 0.7230597 0.01350459 0.6906536 0.4467538 0 0 0 1
57 0 0.6907448 -0.01234456 -0.7229933 -1.125184 -0.001239849 0.9998326 -0.01825593 114.6493 0.7230976 0.01350659 0.6906138 0.4463586 0 0 0 1
57 1 0.6907448 -0.01234456 -0.7229933 -1.657909 -0.001239849 0.9998326 -0.01825593 114.6493 0.7230976 0.01350659 0.6906138 0.4463585 0 0 0 1
58 0 0.6907393 -0.01232356 -0.7229989 -1.12371 -0.001282698 0.9998323 -0.01826767 114.6493 0.7231027 0.01354559 0.6906077 0.4506135 0 0 0 1
58 1 0.6907393 -0.01232356 -0.7229989 -1.656435 -0.001282698 0.9998323 -0.01826767 114.6493 0.7231027 0.01354559 0.6906077 0.4506136 0 0 0 1
59 0 0.6907391 -0.01232356 -0.7229991 -1.124666 -0.001261731 0.9998327 -0.01824764 114.6493 0.723103 0.01351659 0.690608 0.4470929 0 0 0 1
59 1 0.6907391 -0.01232356 -0.7229991 -1.657391 -0.001261731 0.9998327 -0.01824764 114.6493 0.723103 0.01351659 0.690608 0.4470929 0 0 0 1
60 0 0.6907231 -0.01231156 -0.7230146 -1.124537 -0.001265361 0.9998329 -0.0182341 114.6493 0.7231183 0.01350959 0.6905921 0.4458328 0 0 0 1
60 1 0.6907231 -0.01231156 -0.7230146 -1.657262 -0.001265361 0.9998329 -0.0182341 114.6493 0.7231183 0.01350959 0.6905921 0.4458327 0 0 0 1
61 0 0.6907498 -0.01231958 -0.722989 -1.126399 -0.001196238 0.999834 -0.01817986 114.6493 0.7230929 0.0134226 0.6906204 0.4355268 0 0 0 1
61 1 0.6907498 -0.01231958 -0.722989 -1.659123 -0.001196238 0.999834 -0.01817986 114.6493 0.7230929 0.0134226 0.6906204 0.4355268 0 0 0 1
62 0 0.6907437 -0.01225557 -0.7229959 -1.120629 -0.001340408 0.9998329 -0.01822887 114.6493 0.7230985 0.01356059 0.6906118 0.4506008 0 0 0 1
62 1 0.6907437 -0.01225557 -0.7229959 -1.653354 -0.001340408 0.9998329 -0.01822887 114.6493 0.7230985 0.01356059 0.6906118 0.4506006 0 0 0 1
63 0 0.6907026 -0.01227458 -0.7230348 -1.123839 -0.001279134 0.9998336 -0.01819558 114.6493 0.7231378 0.01349259 0.690572 0.4423608 0 0 0 1
63 1 0.6907026 -0.01227458 -0.7230348 -1.656564 -0.001279134 0.9998336 -0.01819558 114.6493 0.7231378 0.01349259 0.690572 0.4423607 0 0 0 1
64 0 0.6906963 -0.01216959 -0.7230425 -1.112997 -0.001376406 0.9998345 -0.01814312 114.6494 0.7231436 0.01352659 0.6905652 0.4458722 0 0 0 1
64 1 0.6906963 -0.01216959 -0.7230425 -1.645722 -0.001376406 0.9998345 -0.01814312 114.6494 0.7231436 0.01352659 0.6905652 0.4458722 0 0 0 1
65 0 0.6907272 -0.01230057 -0.7230109 -1.128812 -0.001260557 0.9998333 -0.01821442 114.6493 0.7231144 0.01349259 0.6905966 0.4417077 0 0 0 1
65 1 0.6907272 -0.01230057 -0.7230109 -1.661537 -0.001260557 0.9998333 -0.01821442 114.6493 0.7231144 0.01349259 0.6905966 0.4417077 0 0 0 1
66 0 0.690714 -0.01234055 -0.7230228 -1.134652 -0.001275213 0.999832 -0.01828337 114.6492 0.7231269 0.01355059 0.6905823 0.4480355 0 0 0 1
66 1 0.690714 -0.01234055 -0.7230228 -1.667377 -0.001275213 0.999832 -0.01828337 114.6492 0.7231269 0.01355059 0.6905823 0.4480355 0 0 0 1
67 0 0.6906674 -0.01225259 -0.7230688 -1.125862 -0.001254707 0.9998347 -0.01814094 114.6493 0.7231715 0.0134366 0.6905378 0.4346508 0 0 0 1
67 1 0.6906674 -0.01225259 -0.7230688 -1.658587 -0.001254707 0.9998347 -0.01814094 114.6493 0.7231715 0.0134366 0.6905378 0.4346508 0 0 0 1
68 0 0.6907487 -0.0122246 -0.7229916 -1.123867 -0.001240185 0.9998356 -0.01809045 114.6494 0.7230939 0.0133926 0.6906199 0.429432 0 0 0 1
68 1 0.6907487 -0.0122246 -0.7229916 -1.656592 -0.001240185 0.9998356 -0.01809045 114.6494 0.7230939 0.0133926 0.6906199 0.4294321 0 0 0 1
69 0 0.690751 -0.01225258 -0.7229889 -1.128053 -0.001285156 0.9998341 -0.01817216 114.6493 0.7230915 0.01348159 0.6906207 0.4393596 0 0 0 1
69 1 0.690751 -0.01225258 -0.7229889 -1.660778 -0.001285156 0.9998341 -0.01817216 114.6493 0.7230915 0.01348159 0.6906207 0.4393595 0 0 0 1
70 0 0.69085 -0.01223359 -0.7228946 -1.126953 -0.001245171 0.9998352 -0.01811025 114.6493 0.722997 0.0134116 0.690721 0.4312232 0 0 0 1
70 1 0.69085 -0.01223359 -0.7228946 -1.659678 -0.001245171 0.9998352 -0.01811025 114.6493 0.722997 0.0134116 0.690721 0.4312233 0 0 0 1
71 0 0.6908478 -0.01222658 -0.7228969 -1.126654 -0.00130647 0.9998342 -0.01815907 114.6493 0.7229991 0.01348959 0.6907173 0.4403249 0 0 0 1
71 1 0.6908478 -0.01222658 -0.7228969 -1.659379 -0.00130647 0.9998342 -0.01815907 114.6493 0.7229991 0.01348959 0.6907173 0.4403248 0 0 0 1
72 0 0.6908771 -0.01226958 -0.7228681 -1.132061 -0.00124927 0.9998342 -0.01816464 114.6493 0.7229711 0.0134526 0.6907473 0.4361817 0 0 0 1
72 1 0.6908771 -0.01226958 -0.7228681 -1.664786 -0.00124927 0.9998342 -0.01816464 114.6493 0.7229711 0.0134526 0.6907473 0.4361816 0 0 0 1
73 0 0.6909078 -0.01231257 -0.7228379 -1.137219 -0.001245545 0.9998332 -0.01822134 114.6492 0.7229418 0.01348959 0.6907773 0.4408275 0 0 0 1
73 1 0.6909078 -0.01231257 -0.7228379 -1.669944 -0.001245545 0.9998332 -0.01822134 114.6492 0.7229418 0.01348959 0.6907773 0.4408274 0 0 0 1
74 0 0.690886 -0.0122386 -0.7228602 -1.12973 -0.001225631 0.9998354 -0.01809943 114.6493 0.7229627 0.0133906 0.6907573 0.4298174 0 0 0 1
74 1 0.690886 -0.0122386 -0.7228602 -1.662455 -0.001225631 0.9998354 -0.01809943 114.6493 0.7229627 0.0133906 0.6907573 0.4298174 0 0 0 1
75 0 0.6909295 -0.01229957 -0.7228176 -1.137931 -0.001235906 0.9998337 -0.01819471 114.6492 0.7229212 0.01346459 0.6907994 0.4384523 0 0 0 1
75 1 0.6909295 -0.01229957 -0.7228176 -1.670656 -0.001235906 0.9998337 -0.01819471 114.6492 0.7229212 0.01346459 0.6907994 0.4384524 0 0 0 1
76 0 0.6908724 -0.01224559 -0.722873 -1.132707 -0.001237764 0.9998351 -0.01812035 114.6492 0.7229757 0.0134136 0.6907433 0.4327067 0 0 0 1
76 1 0.6908724 -0.01224559 -0.722873 -1.665432 -0.001237764 0.9998351 -0.01812035 114.6492 0.7229757 0.0134136 0.6907433 0.4327067 0 0 0 1
77 0 0.6909128 -0.01229359 -0.7228335 -1.138545 -0.001184069 0.9998348 -0.01813647 114.6492 0.7229371 0.0133866 0.6907841 0.4301967 0 0 0 1
77 1 0.6909128 -0.01229359 -0.7228335 -1.67127 -0.001184069 0.9998348 -0.01813647 114.6492 0.7229371 0.0133866 0.6907841 0.4301966 0 0 0 1
78 0 0.6909528 -0.01232158 -0.7227949 -1.141744 -0.001185412 0.9998341 -0.01817749 114.6491 0.722899 0.0134166 0.6908236 0.4340658 0 0 0 1
78 1 0.6909528 -0.01232158 -0.7227949 -1.674469 -0.001185412 0.9998341 -0.01817749 114.6491 0.722899 0.0134166 0.6908236 0.4340659 0 0 0 1
79 0 0.6909083 -0.01228859 -0.722838 -1.138203 -0.00117462 0.9998351 -0.01812041 114.6492 0.7229415 0.0133686 0.6907799 0.4289934 0 0 0 1
79 1 0.6909083 -0.01228859 -0.722838 -1.670928 -0.00117462 0.9998351 -0.01812041 114.6492 0.7229415 0.0133686 0.6907799 0.4289933 0 0 0 1
80 0 0.6909524 -0.01228658 -0.7227959 -1.138091 -0.00123274 0.9998341 -0.0181743 114.6491 0.7228993 0.01344859 0.6908226 0.43877 0 0 0 1
80 1 0.6909524 -0.01228658 -0.7227959 -1.670816 -0.00123274 0.9998341 -0.0181743 114.6491 0.7228993 0.01344859 0.6908226 0.4387701 0 0 0 1
81 0 0.6909236 -0.01231359 -0.7228229 -1.141549 -0.001162749 0.9998347 -0.01814403 114.6491 0.7229269 0.0133766 0.6907951 0.4308419 0 0 0 1
81 1 0.6909236 -0.01231359 -0.7228229 -1.674274 -0.001162749 0.9998347 -0.01814403 114.6491 0.7229269 0.0133766 0.6907951 0.430842 0 0 0 1
82 0 0.6910121 -0.01230757 -0.7227384 -1.140851 -0.001246375 0.9998333 -0.0182179 114.6491 0.7228421 0.01348959 0.6908815 0.4436405 0 0 0 1
82 1 0.6910121 -0.01230757 -0.7227384 -1.673576 -0.001246375 0.9998333 -0.0182179 114.6491 0.7228421 0.01348959 0.6908815 0.4436405 0 0 0 1
83 0 0.6910331 -0.01232058 -0.7227181 -1.14273 -0.001184084 0.9998341 -0.0181769 114.6491 0.7228222 0.0134166 0.6909038 0.4350148 0 0 0 1
83 1 0.6910331 -0.01232058 -0.7227181 -1.675455 -0.001184084 0.9998341 -0.0181769 114.6491 0.7228222 0.0134166 0.6909038 0.4350148 0 0 0 1
84 0 0.6910977 -0.01230558 -0.7226566 -1.141415 -0.00122174 0.9998337 -0.0181938 114.6491 0.7227603 0.01345659 0.6909677 0.4395116 0 0 0 1
84 1 0.6910977 -0.01230558 -0.7226566 -1.67414 -0.00122174 0.9998337 -0.0181938 114.6491 0.7227603 0.01345659 0.6909677 0.4395116 0 0 0 1
85 0 0.6910765 -0.01232958 -0.7226765 -1.144588 -0.001173157 0.9998341 -0.01818002 114.6491 0.7227807 0.0134116 0.6909473 0.4343069 0 0 0 1
85 1 0.6910765 -0.01232958 -0.7226765 -1.677313 -0.001173157 0.9998341 -0.01818002 114.6491 0.7227807 0.0134116 0.6909473 0.4343069 0 0 0 1
86 0 0.6911257 -0.01230958 -0.7226298 -1.142749 -0.00120598 0.9998339 -0.01818499 114.6491 0.7227336 0.01343959 0.6909961 0.4377545 0 0 0 1
86 1 0.6911257 -0.01230958 -0.7226298 -1.675474 -0.00120598 0.9998339 -0.01818499 114.6491 0.7227336 0.01343959 0.6909961 0.4377545 0 0 0 1
87 0 0.6911374 -0.01235258 -0.7226178 -1.147678 -0.001125365 0.9998343 -0.01816772 114.6491 0.7227225 0.0133696 0.691009 0.4296902 0 0 0 1
87 1 0.6911374 -0.01235258 -0.7226178 -1.680403 -0.001125365 0.9998343 -0.01816772 114.6491 0.7227225 0.0133696 0.691009 0.4296902 0 0 0 1
88 0 0.6912014 -0.01237957 -0.7225562 -1.150543 -0.001128951 0.9998335 -0.01821013 114.649 0.7226613 0.0134026 0.6910724 0.4337189 0 0 0 1
88 1 0.6912014 -0.01237957 -0.7225562 -1.683268 -0.001128951 0.9998335 -0.01821013 114.649 0.7226613 0.0134026 0.6910724 0.4337189 0 0 0 1
89 0 0.6912141 -0.01235258 -0.7225445 -1.14791 -0.001129944 0.9998342 -0.01817406 114.6491 0.7226492 0.0133786 0.6910856 0.4312613 0 0 0 1
89 1 0.6912141 -0.01235258 -0.7225445 -1.680635 -0.001129944 0.9998342 -0.01817406 114.6491 0.7226492 0.0133786 0.6910856 0.4312614 0 0 0 1
90 0 0.6912743 -0.01237457 -0.7224864 -1.150126 -0.001134182 0.9998335 -0.01821009 114.649 0.7225915 0.0134076 0.6911452 0.4347904 0 0 0 1
90 1 0.6912743 -0.01237457 -0.7224864 -1.682851 -0.001134182 0.9998335 -0.01821009 114.649 0.7225915 0.0134076 0.6911452 0.4347906 0 0 0 1
91 0 0.691269 -0.01236056 -0.7224917 -1.14857 -0.00118808 0.9998329 -0.01824212 114.649 0.7225965 0.01346859 0.6911389 0.4416418 0 0 0 1
91 1 0.691269 -0.01236056 -0.7224917 -1.681295 -0.00118808 0.9998329 -0.01824212 114.649 0.7225965 0.01346859 0.6911389 0.4416418 0 0 0 1
92 0 0.6913078 -0.01237057 -0.7224544 -1.149874 -0.001150558 0.9998333 -0.01822107 114.649 0.7225595 0.0134276 0.6911784 0.4370679 0 0 0 1
92 1 0.6913078 -0.01237057 -0.7224544 -1.682599 -0.001150558 0.9998333 -0.01822107 114.649 0.7225595 0.0134276 0.6911784 0.437068 0 0 0 1
93 0 0.6912756 -0.01230657 -0.7224864 -1.14236 -0.001220184 0.9998336 -0.01819828 114.6491 0.7225902 0.0134616 0.6911455 0.4412199 0 0 0 1
93 1 0.6912756 -0.01230657 -0.7224864 -1.675085 -0.001220184 0.9998336 -0.01819828 114.6491 0.7225902 0.0134616 0.6911455 0.4412199 0 0 0 1
94 0 0.6912901 -0.01237558 -0.7224714 -1.15023 -0.001115026 0.9998339 -0.01819356 114.649 0.7225765 0.0133826 0.6911615 0.4324661 0 0 0 1
94 1 0.6912901 -0.01237558 -0.7224714 -1.682955 -0.001115026 0.9998339 -0.01819356 114.649 0.7225765 0.0133826 0.6911615 0.4324661 0 0 0 1
95 0 0.691336 -0.01237357 -0.7224275 -1.149819 -0.00114416 0.9998333 -0.01821983 114.649 0.7225326 0.0134226 0.6912066 0.4373552 0 0 0 1
95 1 0.691336 -0.01237357 -0.7224275 -1.682544 -0.00114416 0.9998333 -0.01821983 114.649 0.7225326 0.0134226 0.6912066 0.4373552 0 0 0 1
96 0 0.691294 -0.01232858 -0.7224685 -1.144972 -0.001180663 0.9998338 -0.0181914 114.6491 0.7225727 0.0134286 0.6911646 0.4380427 0 0 0 1
96 1 0.691294 -0.01232858 -0.7224685 -1.677697 -0.001180663 0.9998338 -0.0181914 114.6491 0.7225727 0.0134286 0.6911646 0.4380426 0 0 0 1
97 0 0.6912941 -0.01235157 -0.722468 -1.146594 -0.001169819 0.9998335 -0.01821286 114.649 0.7225726 0.0134356 0.6911645 0.4392868 0 0 0 1
97 1 0.6912941 -0.01235157 -0.722468 -1.679319 -0.001169819 0.9998335 -0.01821286 114.649 0.7225726 0.0134356 0.6911645 0.4392866 0 0 0 1
98 0 0.6913204 -0.01240356 -0.7224419 -1.151563 -0.001145496 0.9998326 -0.01826221 114.649 0.7225475 0.01345259 0.6911904 0.4414469 0 0 0 1
98 1 0.6913204 -0.01240356 -0.7224419 -1.684288 -0.001145496 0.9998326 -0.01826221 114.649 0.7225475 0.01345259 0.6911904 0.4414469 0 0 0 1
99 0 0.6913134 -0.01243955 -0.7224481 -1.154509 -0.001142467 0.9998317 -0.01830895 114.6489 0.7225543 0.01348259 0.6911829 0.4448593 0 0 0 1
99 1 0.6913134 -0.01243955 -0.7224481 -1.687234 -0.001142467 0.9998317 -0.01830895 114.6489 0.7225543 0.01348259 0.6911829 0.4448593 0 0 0 1
100 0 0.6913246 -0.01238457 -0.7224382 -1.147794 -0.00115202 0.9998329 -0.01824227 114.649 0.7225435 0.0134436 0.6911948 0.4403569 0 0 0 1
100 1 0.6913246 -0.01238457 -0.7224382 -1.680519 -0.00115202 0.9998329 -0.01824227 114.649 0.7225435 0.0134436 0.6911948 0.4403567 0 0 0 1
101 0 0.6913076 -0.01238856 -0.7224544 -1.147751 -0.001177869 0.9998323 -0.01827209 114.649 0.7225597 0.01348259 0.6911771 0.4448495 0 0 0 1
101 1 0.6913076 -0.01238856 -0.7224544 -1.680476 -0.001177869 0.9998323 -0.01827209 114.649 0.7225597 0.01348259 0.6911771 0.4448495 0 0 0 1
102 0 0.6913654 -0.01239954 -0.7223989 -1.148416 -0.001216501 0.9998313 -0.01832575 114.649 0.7225043 0.01354859 0.6912336 0.4522804 0 0 0 1
102 1 0.6913654 -0.01239954 -0.7223989 -1.681141 -0.001216501 0.9998313 -0.01832575 114.649 0.7225043 0.01354859 0.6912336 0.4522804 0 0 0 1
103 0 0.6913612 -0.01246255 -0.7224019 -1.154941 -0.001128969 0.9998314 -0.01832909 114.6489 0.7225085 0.01348759 0.6912305 0.4454727 0 0 0 1
103 1 0.6913612 -0.01246255 -0.7224019 -1.687666 -0.001128969 0.9998314 -0.01832909 114.6489 0.7225085 0.01348759 0.6912305 0.4454726 0 0 0 1
104 0 0.6913542 -0.01242953 -0.722409 -1.1502 -0.001235068 0.9998302 -0.01838472 114.6489 0.7225149 0.01360258 0.6912215 0.4587301 0 0 0 1
104 1 0.6913542 -0.01242953 -0.722409 -1.682925 -0.001235068 0.9998302 -0.01838472 114.6489 0.7225149 0.01360258 0.6912215 0.4587301 0 0 0 1
105 0 0.6914117 -0.01243754 -0.7223539 -1.150603 -0.001206395 0.9998305 -0.01836986 114.6489 0.72246 0.01357258 0.6912795 0.4553775 0 0 0 1
105 1 0.6914117 -0.01243754 -0.7223539 -1.683328 -0.001206395 0.9998305 -0.01836986 114.6489 0.72246 0.01357258 0.6912795 0.4553774 0 0 0 1
106 0 0.6913916 -0.01243853 -0.7223731 -1.150449 -0.001213442 0.9998304 -0.01837747 114.6489 0.7224792 0.01358258 0.6912593 0.456418 0 0 0 1
106 1 0.6913916 -0.01243853 -0.7223731 -1.683174 -0.001213442 0.9998304 -0.01837747 114.6489 0.7224792 0.01358258 0.6912593 0.4564179 0 0 0 1
107 0 0.6913241 -0.01251553 -0.7224364 -1.158197 -0.0011164 0.9998303 -0.01838944 114.6489 0.722544 0.01351959 0.6911927 0.4491917 0 0 0 1
107 1 0.6913241 -0.01251553 -0.7224364 -1.690922 -0.0011164 0.9998303 -0.01838944 114.6489 0.722544 0.01351959 0.6911927 0.4491917 0 0 0 1
108 0 0.6914114 -0.01244953 -0.722354 -1.149728 -0.001223399 0.9998299 -0.01840272 114.6489 0.7224602 0.01360758 0.6912786 0.4588862 0 0 0 1
108 1 0.6914114 -0.01244953 -0.722354 -1.682453 -0.001223399 0.9998299 -0.01840272 114.6489 0.7224602 0.01360758 0.6912786 0.4588862 0 0 0 1
109 0 0.6914052 -0.01247853 -0.7223594 -1.152369 -0.001168096 0.9998302 -0.01838979 114.6489 0.7224662 0.01355859 0.6912732 0.4533622 0 0 0 1
109 1 0.6914052 -0.01247853 -0.7223594 -1.685093 -0.001168096 0.9998302 -0.01838979 114.6489 0.7224662 0.01355859 0.6912732 0.4533622 0 0 0 1
110 0 0.6914502 -0.01255451 -0.722315 -1.159834 -0.001128856 0.999829 -0.01845858 114.6488 0.7224233 0.01357858 0.6913178 0.4559985 0 0 0 1
110 1 0.6914502 -0.01255451 -0.722315 -1.692559 -0.001128856 0.999829 -0.01845858 114.6489 0.7224233 0.01357858 0.6913178 0.4559985 0 0 0 1
111 0 0.691497 -0.01250253 -0.7222712 -1.153351 -0.0011535 0.9998298 -0.01841142 114.6489 0.7223785 0.01356458 0.6913649 0.4544074 0 0 0 1
111 1 0.691497 -0.01250253 -0.7222712 -1.686076 -0.0011535 0.9998298 -0.01841142 114.6489 0.7223785 0.01356458 0.6913649 0.4544074 0 0 0 1
112 0 0.6915178 -0.01247653 -0.7222517 -1.148986 -0.001168059 0.9998302 -0.01838991 114.649 0.7223585 0.01356058 0.6913859 0.4543563 0 0 0 1
112 1 0.6915178 -0.01247653 -0.7222517 -1.681711 -0.001168059 0.9998302 -0.01838991 114.649 0.7223585 0.01356058 0.6913859 0.4543561 0 0 0 1
113 0 0.6914985 -0.01250552 -0.7222697 -1.151577 -0.001162949 0.9998296 -0.01842465 114.6489 0.7223769 0.01358058 0.6913661 0.4567762 0 0 0 1
113 1 0.6914985 -0.01250552 -0.7222697 -1.684302 -0.001162949 0.9998296 -0.01842465 114.6489 0.7223769 0.01358058 0.6913661 0.4567761 0 0 0 1
114 0 0.6915033 -0.01246054 -0.7222658 -1.145696 -0.001164319 0.9998307 -0.01836382 114.649 0.7223724 0.01353959 0.6913717 0.4519843 0 0 0 1
114 1 0.6915033 -0.01246054 -0.7222658 -1.678421 -0.001164319 0.9998307 -0.01836382 114.649 0.7223724 0.01353959 0.6913717 0.4519843 0 0 0 1
115 0 0.691553 -0.01247552 -0.722218 -1.146304 -0.001201811 0.9998296 -0.01842174 114.649 0.7223247 0.01360758 0.6914202 0.4596781 0 0 0 1
115 1 0.691553 -0.01247552 -0.722218 -1.679029 -0.001201811 0.9998296 -0.01842174 114.649 0.7223247 0.01360758 0.6914202 0.4596781 0 0 0 1
116 0 0.6915444 -0.01254052 -0.7222251 -1.153021 -0.001102892 0.9998298 -0.01841682 114.6489 0.7223331 0.01353259 0.6914129 0.451333 0 0 0 1
116 1 0.6915444 -0.01254052 -0.7222251 -1.685746 -0.001102892 0.9998298 -0.01841682 114.649 0.7223331 0.01353259 0.6914129 0.4513331 0 0 0 1
117 0 0.6915433 -0.01246053 -0.7222275 -1.143056 -0.001193646 0.9998301 -0.01839292 114.649 0.7223339 0.01358158 0.691411 0.4567658 0 0 0 1
117 1 0.6915433 -0.01246053 -0.7222275 -1.675781 -0.001193646 0.9998301 -0.01839292 114.649 0.7223339 0.01358158 0.691411 0.4567658 0 0 0 1
118 0 0.6915471 -0.01244453 -0.7222242 -1.139944 -0.001217619 0.9998301 -0.01839381 114.6491 0.7223304 0.01359958 0.6914144 0.4586082 0 0 0 1
118 1 0.6915471 -0.01244453 -0.7222242 -1.672669 -0.001217619 0.9998301 -0.01839381 114.6491 0.7223304 0.01359958 0.6914144 0.4586083 0 0 0 1
119 0 0.691519 -0.01242951 -0.7222513 -1.137002 -0.001298069 0.9998289 -0.0184493 114.649 0.722357 0.01369557 0.6913846 0.4698806 0 0 0 1
119 1 0.691519 -0.01242951 -0.7222513 -1.669727 -0.001298069 0.9998289 -0.0184493 114.649 0.722357 0.01369557 0.6913846 0.4698806 0 0 0 1
120 0 0.6915519 -0.01250353 -0.7222186 -1.144664 -0.00115141 0.9998298 -0.01841223 114.649 0.7223259 0.01356458 0.6914198 0.4548796 0 0 0 1
120 1 0.6915519 -0.01250353 -0.7222186 -1.677389 -0.00115141 0.9998298 -0.01841223 114.649 0.7223259 0.01356458 0.6914198 0.4548795 0 0 0 1
121 0 0.6914756 -0.0125375 -0.7222911 -1.147288 -0.001204271 0.999828 -0.01850787 114.649 0.7223988 0.01366758 0.6913416 0.4664926 0 0 0 1
121 1 0.6914756 -0.0125375 -0.7222911 -1.680013 -0.001204271 0.999828 -0.01850787 114.649 0.7223988 0.01366758 0.6913416 0.4664925 0 0 0 1
122 0 0.6914513 -0.01246552 -0.7223155 -1.137901 -0.001223605 0.9998295 -0.0184261 114.6491 0.7224221 0.01362458 0.6913182 0.4614413 0 0 0 1
122 1 0.6914513 -0.01246552 -0.7223155 -1.670626 -0.001223605 0.9998295 -0.0184261 114.6491 0.7224221 0.01362458 0.6913182 0.4614412 0 0 0 1
123 0 0.6914945 -0.01244351 -0.7222746 -1.134295 -0.001285404 0.9998289 -0.01845591 114.6491 0.7223807 0.01369057 0.6913601 0.4686256 0 0 0 1
123 1 0.6914945 -0.01244351 -0.7222746 -1.667019 -0.001285404 0.9998289 -0.01845591 114.6491 0.7223807 0.01369057 0.6913601 0.4686257 0 0 0 1
124 0 0.6914548 -0.0124915 -0.7223118 -1.138831 -0.001248895 0.9998283 -0.01848636 114.6491 0.7224187 0.01368457 0.6913204 0.467568 0 0 0 1
124 1 0.6914548 -0.0124915 -0.7223118 -1.671556 -0.001248895 0.9998283 -0.01848636 114.6491 0.7224187 0.01368457 0.6913204 0.467568 0 0 0 1
125 0 0.6914386 -0.01248451 -0.7223273 -1.13745 -0.001231748 0.9998288 -0.01845985 114.6491 0.7224341 0.01365358 0.6913049 0.4636585 0 0 0 1
125 1 0.6914386 -0.01248451 -0.7223273 -1.670175 -0.001231748 0.9998288 -0.01845985 114.6491 0.7224341 0.01365358 0.6913049 0.4636586 0 0 0 1
126 0 0.6914093 -0.01245451 -0.722356 -1.133247 -0.001282142 0.9998287 -0.01846578 114.6491 0.7224622 0.01369357 0.6912749 0.4678126 0 0 0 1
126 1 0.6914093 -0.01245451 -0.722356 -1.665972 -0.001282142 0.9998287 -0.01846578 114.6491 0.7224622 0.01369357 0.6912749 0.4678127 0 0 0 1
127 0 0.6914036 -0.0125025 -0.7223605 -1.137783 -0.001246934 0.9998281 -0.01849837 114.6491 0.7224677 0.01369057 0.6912692 0.4671247 0 0 0 1
127 1 0.6914036 -0.0125025 -0.7223605 -1.670508 -0.001246934 0.9998281 -0.01849837 114.6491 0.7224677 0.01369057 0.6912692 0.4671247 0 0 0 1
128 0 0.6913607 -0.0124405 -0.7224027 -1.130176 -0.00133787 0.999828 -0.01849843 114.6491 0.7225085 0.01375557 0.6912251 0.4738497 0 0 0 1
128 1 0.6913607 -0.0124405 -0.7224027 -1.662901 -0.00133787 0.999828 -0.01849843 114.6491 0.7225085 0.01375557 0.6912251 0.4738498 0 0 0 1
129 0 0.6913567 -0.01242953 -0.7224067 -1.128534 -0.001261021 0.9998297 -0.01840961 114.6492 0.7225125 0.01363858 0.6912234 0.460167 0 0 0 1
129 1 0.6913567 -0.01242953 -0.7224067 -1.661259 -0.001261021 0.9998297 -0.01840961 114.6492 0.7225125 0.01363858 0.6912234 0.460167 0 0 0 1
130 0 0.6913743 -0.0124555 -0.7223894 -1.131193 -0.001316311 0.999828 -0.01849892 114.6492 0.7224956 0.01374057 0.691239 0.4714758 0 0 0 1
130 1 0.6913743 -0.0124555 -0.7223894 -1.663918 -0.001316311 0.999828 -0.01849892 114.6492 0.7224956 0.01374057 0.691239 0.4714758 0 0 0 1
131 0 0.6913614 -0.01245352 -0.7224019 -1.130536 -0.001269605 0.9998289 -0.01845114 114.6492 0.7225081 0.01367357 0.6912273 0.463468 0 0 0 1
131 1 0.6913614 -0.01245352 -0.7224019 -1.663261 -0.001269605 0.9998289 -0.01845114 114.6492 0.7225081 0.01367357 0.6912273 0.4634679 0 0 0 1
132 0 0.6913609 -0.01242053 -0.7224029 -1.126376 -0.001255575 0.9998301 -0.01839206 114.6493 0.7225085 0.01362258 0.6912278 0.4572544 0 0 0 1
132 1 0.6913609 -0.01242053 -0.7224029 -1.659101 -0.001255575 0.9998301 -0.01839206 114.6493 0.7225085 0.01362258 0.6912278 0.4572544 0 0 0 1
133 0 0.6912733 -0.01248551 -0.7224855 -1.13376 -0.00125118 0.9998285 -0.01847549 114.6492 0.7225923 0.01367557 0.6911392 0.4629847 0 0 0 1
133 1 0.6912733 -0.01248551 -0.7224855 -1.666485 -0.00125118 0.9998285 -0.01847549 114.6492 0.7225923 0.01367557 0.6911392 0.4629847 0 0 0 1
134 0 0.6912488 -0.01242851 -0.72251 -1.127401 -0.001298437 0.9998291 -0.01844118 114.6492 0.7226157 0.01368557 0.6911145 0.4638168 0 0 0 1
134 1 0.6912488 -0.01242851 -0.72251 -1.660126 -0.001298437 0.9998291 -0.01844118 114.6492 0.7226157 0.01368557 0.6911145 0.4638166 0 0 0 1
135 0 0.691229 -0.0124235 -0.7225291 -1.126882 -0.001386242 0.9998276 -0.01851769 114.6492 0.7226346 0.01380156 0.6910926 0.4765504 0 0 0 1
135 1 0.691229 -0.0124235 -0.7225291 -1.659607 -0.001386242 0.9998276 -0.01851769 114.6492 0.7226346 0.01380156 0.6910926 0.4765503 0 0 0 1
136 0 0.69126 -0.01242553 -0.7224993 -1.127123 -0.001272757 0.9998296 -0.01841277 114.6493 0.722605 0.01364758 0.6911265 0.4587161 0 0 0 1
136 1 0.69126 -0.01242553 -0.7224993 -1.659848 -0.001272757 0.9998296 -0.01841277 114.6493 0.722605 0.01364758 0.6911265 0.4587159 0 0 0 1
137 0 0.6912505 -0.01241851 -0.7225085 -1.12628 -0.001334215 0.9998287 -0.0184616 114.6492 0.722614 0.01372557 0.6911155 0.4671938 0 0 0 1
137 1 0.6912505 -0.01241851 -0.7225085 -1.659006 -0.001334215 0.9998287 -0.0184616 114.6492 0.722614 0.01372557 0.6911155 0.4671938 0 0 0 1
138 0 0.6912296 -0.01246452 -0.7225277 -1.131292 -0.001244404 0.9998292 -0.01843882 114.6492 0.7226341 0.01364458 0.6910961 0.4579629 0 0 0 1
138 1 0.6912296 -0.01246452 -0.7225277 -1.664016 -0.001244404 0.9998292 -0.01843882 114.6492 0.7226341 0.01364458 0.6910961 0.4579628 0 0 0 1
139 0 0.6912258 -0.01236352 -0.7225331 -1.119737 -0.001364189 0.9998295 -0.01841352 114.6493 0.7226375 0.01371357 0.6910911 0.4657206 0 0 0 1
139 1 0.6912258 -0.01236352 -0.7225331 -1.652462 -0.001364189 0.9998295 -0.01841352 114.6493 0.7226375 0.01371357 0.6910911 0.4657205 0 0 0 1
140 0 0.6912442 -0.01241252 -0.7225146 -1.125085 -0.001300935 0.9998295 -0.01842132 114.6493 0.7226201 0.01367358 0.6911103 0.4608307 0 0 0 1
140 1 0.6912442 -0.01241252 -0.7225146 -1.657809 -0.001300935 0.9998295 -0.01842132 114.6493 0.7226201 0.01367358 0.6911103 0.4608308 0 0 0 1
141 0 0.6912057 -0.01244051 -0.722551 -1.12822 -0.001319429 0.9998284 -0.01847672 114.6492 0.7226568 0.01372457 0.6910707 0.4666351 0 0 0 1
141 1 0.6912057 -0.01244051 -0.722551 -1.660945 -0.001319429 0.9998284 -0.01847672 114.6492 0.7226568 0.01372457 0.6910707 0.4666351 0 0 0 1
142 0 0.6912086 -0.01241453 -0.7225486 -1.125024 -0.001280946 0.9998298 -0.01840404 114.6493 0.7226541 0.01364658 0.6910751 0.4575614 0 0 0 1
142 1 0.6912086 -0.01241453 -0.7225486 -1.657749 -0.001280946 0.9998298 -0.01840404 114.6493 0.7226541 0.01364658 0.6910751 0.4575615 0 0 0 1
143 0 0.6911287 -0.01232854 -0.7226266 -1.115134 -0.001364825 0.9998304 -0.01836317 114.6494 0.7227305 0.01367757 0.6909946 0.4607882 0 0 0 1
143 1 0.6911287 -0.01232854 -0.7226266 -1.647859 -0.001364825 0.9998304 -0.01836317 114.6494 0.7227305 0.01367757 0.6909946 0.4607883 0 0 0 1
144 0 0.6911308 -0.01234653 -0.7226244 -1.116965 -0.001345106 0.9998304 -0.01836927 114.6494 0.7227286 0.01366758 0.6909969 0.4594906 0 0 0 1
144 1 0.6911308 -0.01234653 -0.7226244 -1.64969 -0.001345106 0.9998304 -0.01836927 114.6494 0.7227286 0.01366758 0.6909969 0.4594905 0 0 0 1
145 0 0.6911108 -0.01241652 -0.7226422 -1.124691 -0.001310972 0.9998292 -0.01843295 114.6493 0.7227477 0.01368657 0.6909765 0.4613941 0 0 0 1
145 1 0.6911108 -0.01241652 -0.7226422 -1.657415 -0.001310972 0.9998292 -0.01843295 114.6493 0.7227477 0.01368657 0.6909765 0.4613941 0 0 0 1
146 0 0.6911194 -0.01232453 -0.7226355 -1.113962 -0.001380114 0.9998302 -0.01837201 114.6494 0.7227393 0.01369457 0.6909851 0.4622586 0 0 0 1
146 1 0.6911194 -0.01232453 -0.7226355 -1.646687 -0.001380114 0.9998302 -0.01837201 114.6494 0.7227393 0.01369457 0.6909851 0.4622585 0 0 0 1
147 0 0.6910931 -0.01239754 -0.7226594 -1.121827 -0.001247922 0.9998309 -0.01834595 114.6494 0.7227647 0.01358058 0.6909608 0.4494043 0 0 0 1
147 1 0.6910931 -0.01239754 -0.7226594 -1.654552 -0.001247922 0.9998309 -0.01834595 114.6494 0.7227647 0.01358058 0.6909608 0.4494043 0 0 0 1
148 0 0.6911212 -0.0125115 -0.7226306 -1.134511 -0.001265295 0.9998277 -0.01852096 114.6492 0.7227377 0.01371457 0.6909863 0.4650215 0 0 0 1
148 1 0.6911212 -0.0125115 -0.7226306 -1.667235 -0.001265295 0.9998277 -0.01852096 114.6492 0.7227377 0.01371457 0.6909863 0.4650216 0 0 0 1
149 0 0.6910692 -0.0124665 -0.7226811 -1.128957 -0.001298448 0.9998282 -0.01848904 114.6492 0.7227874 0.01371557 0.6909343 0.4648768 0 0 0 1
149 1 0.6910692 -0.0124665 -0.7226811 -1.661682 -0.001298448 0.9998282 -0.01848904 114.6492 0.7227874 0.01371557 0.6909343 0.4648768 0 0 0 1
150 0 0.6911091 -0.01234453 -0.7226451 -1.114707 -0.001342701 0.9998305 -0.01836364 114.6494 0.7227493 0.01366157 0.6909753 0.4586005 0 0 0 1
150 1 0.6911091 -0.01234453 -0.7226451 -1.647431 -0.001342701 0.9998305 -0.01836364 114.6494 0.7227493 0.01366157 0.6909753 0.4586006 0 0 0 1
151 0 0.6911227 -0.01239953 -0.7226311 -1.120175 -0.001300728 0.9998299 -0.01839996 114.6494 0.7227364 0.01365658 0.690989 0.4577952 0 0 0 1
151 1 0.6911227 -0.01239953 -0.7226311 -1.6529 -0.001300728 0.9998299 -0.01839996 114.6494 0.7227364 0.01365658 0.690989 0.4577951 0 0 0 1
152 0 0.691072 -0.01247151 -0.7226784 -1.128156 -0.001281185 0.9998284 -0.01847953 114.6493 0.7227849 0.01369657 0.6909374 0.4621077 0 0 0 1
152 1 0.691072 -0.01247151 -0.7226784 -1.660881 -0.001281185 0.9998284 -0.01847953 114.6493 0.7227849 0.01369657 0.6909374 0.4621077 0 0 0 1
153 0 0.6911151 -0.01241453 -0.7226381 -1.121481 -0.001263807 0.9998302 -0.01838522 114.6494 0.7227436 0.01361958 0.6909821 0.4531942 0 0 0 1
153 1 0.6911151 -0.01241453 -0.7226381 -1.654206 -0.001263807 0.9998302 -0.01838522 114.6494 0.7227436 0.01361958 0.6909821 0.4531941 0 0 0 1
154 0 0.6911756 -0.01236054 -0.7225812 -1.114631 -0.001284412 0.9998311 -0.01833179 114.6495 0.7226858 0.01359858 0.691043 0.450682 0 0 0 1
154 1 0.6911756 -0.01236054 -0.7225812 -1.647356 -0.001284412 0.9998311 -0.01833179 114.6495 0.7226858 0.01359858 0.691043 0.4506819 0 0 0 1
155 0 0.6911016 -0.01241951 -0.7226509 -1.120631 -0.001331544 0.9998288 -0.01845652 114.6493 0.7227564 0.01371757 0.6909667 0.4644777 0 0 0 1
155 1 0.6911016 -0.01241951 -0.7226509 -1.653356 -0.001331544 0.9998288 -0.01845652 114.6493 0.7227564 0.01371757 0.6909667 0.4644777 0 0 0 1
156 0 0.6911455 -0.01243152 -0.7226087 -1.121516 -0.001296107 0.9998291 -0.01844039 114.6493 0.7227145 0.01368157 0.6910113 0.460702 0 0 0 1
156 1 0.6911455 -0.01243152 -0.7226087 -1.654241 -0.001296107 0.9998291 -0.01844039 114.6493 0.7227145 0.01368157 0.6910113 0.4607019 0 0 0 1
157 0 0.6909907 -0.01241152 -0.722757 -1.1186 -0.001313875 0.9998294 -0.01842566 114.6494 0.7228624 0.01368157 0.6908565 0.4613659 0 0 0 1
157 1 0.6909907 -0.01241152 -0.722757 -1.651325 -0.001313875 0.9998294 -0.01842566 114.6494 0.7228624 0.01368157 0.6908565 0.461366 0 0 0 1
158 0 0.6910706 -0.01243852 -0.7226803 -1.12094 -0.001260648 0.9998296 -0.01841423 114.6494 0.7227862 0.01363658 0.6909372 0.4567389 0 0 0 1
158 1 0.6910706 -0.01243852 -0.7226803 -1.653665 -0.001260648 0.9998296 -0.01841423 114.6494 0.7227862 0.01363658 0.6909372 0.4567388 0 0 0 1
159 0 0.6910861 -0.01235153 -0.722667 -1.11084 -0.001349292 0.9998302 -0.01837902 114.6494 0.7227713 0.01367658 0.6909521 0.4621415 0 0 0 1
159 1 0.6910861 -0.01235153 -0.722667 -1.643565 -0.001349292 0.9998302 -0.01837902 114.6494 0.7227713 0.01367658 0.6909521 0.4621413 0 0 0 1
160 0 0.6910443 -0.01240155 -0.722706 -1.116736 -0.001211693 0.9998315 -0.0183156 114.6494 0.7228113 0.01353259 0.6909129 0.4461788 0 0 0 1
160 1 0.6910443 -0.01240155 -0.722706 -1.649461 -0.001211693 0.9998315 -0.0183156 114.6494 0.7228113 0.01353259 0.6909129 0.4461788 0 0 0 1
161 0 0.6910329 -0.01230856 -0.7227185 -1.106235 -0.001300104 0.9998322 -0.01827116 114.6495 0.7228221 0.01356559 0.690901 0.4503726 0 0 0 1
161 1 0.6910329 -0.01230856 -0.7227185 -1.63896 -0.001300104 0.9998322 -0.01827116 114.6495 0.7228221 0.01356559 0.690901 0.4503726 0 0 0 1
162 0 0.6910236 -0.01241553 -0.7227255 -1.118299 -0.001279905 0.9998299 -0.0183996 114.6494 0.722831 0.01363958 0.6908902 0.4591977 0 0 0 1
162 1 0.6910236 -0.01241553 -0.7227255 -1.651024 -0.001279905 0.9998299 -0.0183996 114.6494 0.722831 0.01363958 0.6908902 0.4591976 0 0 0 1
163 0 0.6910412 -0.01243355 -0.7227084 -1.120858 -0.001175198 0.9998314 -0.0183249 114.6494 0.7228144 0.01351259 0.6909101 0.4454492 0 0 0 1
163 1 0.6910412 -0.01243355 -0.7227084 -1.653583 -0.001175198 0.9998314 -0.0183249 114.6494 0.7228144 0.01351259 0.6909101 0.4454491 0 0 0 1
164 0 0.6910024 -0.01237655 -0.7227466 -1.114343 -0.001224969 0.9998319 -0.01829262 114.6494 0.7228515 0.01352558 0.6908711 0.4468476 0 0 0 1
164 1 0.6910024 -0.01237655 -0.7227466 -1.647068 -0.001224969 0.9998319 -0.01829262 114.6494 0.7228515 0.01352558 0.6908711 0.4468476 0 0 0 1
165 0 0.6909874 -0.01238255 -0.7227607 -1.115422 -0.001236388 0.9998316 -0.01831144 114.6494 0.7228658 0.01354659 0.6908557 0.4492878 0 0 0 1
165 1 0.6909874 -0.01238255 -0.7227607 -1.648147 -0.001236388 0.9998316 -0.01831144 114.6494 0.7228658 0.01354659 0.6908557 0.4492878 0 0 0 1
166 0 0.6909903 -0.01238655 -0.7227579 -1.115855 -0.001242948 0.9998313 -0.01832332 114.6494 0.7228629 0.01355959 0.6908584 0.4511054 0 0 0 1
166 1 0.6909903 -0.01238655 -0.7227579 -1.648579 -0.001242948 0.9998313 -0.01832332 114.6494 0.7228629 0.01355959 0.6908584 0.4511054 0 0 0 1
167 0 0.6909722 -0.01237456 -0.7227755 -1.114675 -0.0011859 0.9998327 -0.01825175 114.6495 0.7228804 0.01346859 0.6908419 0.4408772 0 0 0 1
167 1 0.6909722 -0.01237456 -0.7227755 -1.6474 -0.0011859 0.9998327 -0.01825175 114.6495 0.7228804 0.01346859 0.6908419 0.4408771 0 0 0 1
168 0 0.6909809 -0.01234655 -0.7227676 -1.111757 -0.001270826 0.9998319 -0.01829439 114.6494 0.7228719 0.01355958 0.6908489 0.4512421 0 0 0 1
168 1 0.6909809 -0.01234655 -0.7227676 -1.644482 -0.001270826 0.9998319 -0.01829439 114.6494 0.7228719 0.01355958 0.6908489 0.4512421 0 0 0 1
169 0 0.6909727 -0.01233556 -0.7227755 -1.110674 -0.001259109 0.9998323 -0.01826777 114.6495 0.7228797 0.01353259 0.6908414 0.4480446 0 0 0 1
169 1 0.6909727 -0.01233556 -0.7227755 -1.643399 -0.001259109 0.9998323 -0.01826777 114.6495 0.7228797 0.01353259 0.6908414 0.4480445 0 0 0 1
170 0 0.6909952 -0.01233855 -0.722754 -1.11198 -0.001262254 0.9998322 -0.0182755 114.6494 0.7228582 0.01354059 0.6908637 0.4491203 0 0 0 1
170 1 0.6909952 -0.01233855 -0.722754 -1.644705 -0.001262254 0.9998322 -0.0182755 114.6494 0.7228582 0.01354059 0.6908637 0.4491204 0 0 0 1
171 0 0.6909686 -0.01235355 -0.7227793 -1.113986 -0.001256901 0.9998319 -0.01829045 114.6494 0.7228837 0.01354659 0.6908369 0.4498602 0 0 0 1
171 1 0.6909686 -0.01235355 -0.7227793 -1.646711 -0.001256901 0.9998319 -0.01829045 114.6494 0.7228837 0.01354659 0.6908369 0.4498603 0 0 0 1
172 0 0.6910047 -0.01228656 -0.7227458 -1.106741 -0.001312405 0.9998326 -0.01825176 114.6495 0.7228491 0.01356058 0.6908728 0.4514135 0 0 0 1
172 1 0.6910047 -0.01228656 -0.7227458 -1.639466 -0.001312405 0.9998326 -0.01825176 114.6495 0.7228491 0.01356058 0.6908728 0.4514136 0 0 0 1
173 0 0.6909454 -0.01232955 -0.7228018 -1.111469 -0.001275517 0.9998322 -0.01827444 114.6494 0.7229059 0.01354858 0.6908137 0.4498025 0 0 0 1
173 1 0.6909454 -0.01232955 -0.7228018 -1.644194 -0.001275517 0.9998322 -0.01827444 114.6494 0.7229059 0.01354858 0.6908137 0.4498025 0 0 0 1
174 0 0.6909782 -0.01231657 -0.7227707 -1.111601 -0.001233059 0.9998333 -0.01821675 114.6495 0.7228745 0.01347859 0.6908478 0.4429867 0 0 0 1
174 1 0.6909782 -0.01231657 -0.7227707 -1.644326 -0.001233059 0.9998333 -0.01821675 114.6495 0.7228745 0.01347859 0.6908478 0.4429867 0 0 0 1
175 0 0.6908942 -0.01225158 -0.7228521 -1.105297 -0.00129237 0.9998339 -0.01818136 114.6495 0.7229547 0.01349559 0.6907636 0.4455189 0 0 0 1
175 1 0.6908942 -0.01225158 -0.7228521 -1.638022 -0.00129237 0.9998339 -0.01818136 114.6495 0.7229547 0.01349559 0.6907636 0.445519 0 0 0 1
176 0 0.6908892 -0.01227559 -0.7228565 -1.109516 -0.00122602 0.9998345 -0.01815104 114.6495 0.7229597 0.0134266 0.6907598 0.4386603 0 0 0 1
176 1 0.6908892 -0.01227559 -0.7228565 -1.642241 -0.00122602 0.9998345 -0.01815104 114.6495 0.7229597 0.0134266 0.6907598 0.4386603 0 0 0 1
177 0 0.6908723 -0.01234257 -0.7228715 -1.117659 -0.001204023 0.9998332 -0.01822224 114.6494 0.7229758 0.01345959 0.6907423 0.4432124 0 0 0 1
177 1 0.6908723 -0.01234257 -0.7228715 -1.650384 -0.001204023 0.9998332 -0.01822224 114.6494 0.7229758 0.01345959 0.6907423 0.4432126 0 0 0 1
178 0 0.6908491 -0.01234966 -0.7228935 -1.118398 -0.0007767207 0.9998409 -0.01782323 114.6496 0.7229986 0.01287465 0.6907295 0.3742095 0 0 0 1
178 1 0.6908491 -0.01234966 -0.7228935 -1.651123 -0.0007767207 0.9998409 -0.01782323 114.6496 0.7229986 0.01287465 0.6907295 0.3742095 0 0 0 1
179 0 0.6908406 -0.01218581 -0.7229044 -1.096273 -0.0003239857 0.9998527 -0.01716386 114.6502 0.723007 0.0120917 0.6907349 0.2772043 0 0 0 1
179 1 0.6908406 -0.01218581 -0.7229044 -1.628998 -0.0003239857 0.9998527 -0.01716386 114.6502 0.723007 0.0120917 0.6907349 0.2772043 0 0 0 1
180 0 0.690837 -0.01225083 -0.7229067 -1.097044 -0.0001084977 0.9998547 -0.01704785 114.6504 0.7230105 0.01185572 0.6907353 0.2384832 0 0 0 1
180 1 0.690837 -0.01225083 -0.7229067 -1.629768 -0.0001084977 0.9998547 -0.01704785 114.6504 0.7230105 0.01185572 0.6907353 0.2384832 0 0 0 1
181 0 0.6909268 -0.01197385 -0.7228256 -1.05716 -0.0004271991 0.9998559 -0.01697129 114.651 0.7229246 0.01203471 0.6908221 0.2417496 0 0 0 1
181 1 0.6909268 -0.01197385 -0.7228256 -1.589885 -0.0004271991 0.9998559 -0.01697129 114.6509 0.7229246 0.01203471 0.6908221 0.2417495 0 0 0 1
182 0 0.6908677 -0.01147191 -0.7228902 -0.9875553 -0.0008252887 0.9998609 -0.01665603 114.6519 0.7229808 0.0121037 0.6907622 0.2263116 0 0 0 1
182 1 0.6908677 -0.01147191 -0.7228902 -1.52028 -0.0008252887 0.9998609 -0.01665603 114.6519 0.7229808 0.0121037 0.6907622 0.2263116 0 0 0 1
183 0 0.6909099 -0.01123996 -0.7228536 -0.9478339 -0.0009007258 0.999865 -0.01640825 114.6526 0.7229404 0.01198771 0.6908064 0.188201 0 0 0 1
183 1 0.6909099 -0.01123996 -0.7228536 -1.480559 -0.0009007258 0.999865 -0.01640825 114.6526 0.7229404 0.01198771 0.6908064 0.188201 0 0 0 1
184 0 0.6909466 -0.01094803 -0.7228228 -0.8974865 -0.000919437 0.9998712 -0.01602315 114.6534 0.7229052 0.01173573 0.6908476 0.1282229 0 0 0 1
184 1 0.6909466 -0.01094803 -0.7228228 -1.430212 -0.000919437 0.9998712 -0.01602315 114.6534 0.7229052 0.01173573 0.6908476 0.1282229 0 0 0 1
185 0 0.6908284 -0.01080111 -0.7229381 -0.8633369 -0.0006699832 0.9998784 -0.01557898 114.6542 0.7230184 0.01124676 0.6907372 0.0403291 0 0 0 1
185 1 0.6908284 -0.01080111 -0.7229381 -1.396062 -0.0006699832 0.9998784 -0.01557898 114.6542 0.7230184 0.01124676 0.6907372 0.04032898 0 0 0 1
186 0 0.690749 -0.01120817 -0.7230077 -0.8889225 0.0002697343 0.9998838 -0.01524264 114.6544 0.7230945 0.01033382 0.6906717 -0.1007476 0 0 0 1
186 1 0.690749 -0.01120817 -0.7230077 -1.421648 0.0002697343 0.9998838 -0.01524264 114.6544 0.7230945 0.01033382 0.6906717 -0.1007477 0 0 0 1
187 0 0.6906935 -0.0117863 -0.7230516 -0.9269334 0.001983427 0.9998943 -0.01440439 114.6542 0.7231449 0.008514896 0.6906438 -0.356803 0 0 0 1
187 1 0.6906935 -0.0117863 -0.7230516 -1.459658 0.001983427 0.9998943 -0.01440439 114.6542 0.7231449 0.008514896 0.6906438 -0.356803 0 0 0 1
188 0 0.6903225 -0.01246742 -0.7233943 -0.9726244 0.003943336 0.9999015 -0.01346985 114.6533 0.723491 0.006445955 0.6903037 -0.6478875 0 0 0 1
188 1 0.6903225 -0.01246742 -0.7233943 -1.505349 0.003943336 0.9999015 -0.01346985 114.6533 0.723491 0.006445955 0.6903037 -0.6478874 0 0 0 1
189 0 0.6897762 -0.01280051 -0.7239095 -0.9719219 0.005411262 0.9999069 -0.01252471 114.6525 0.7240025 0.004721983 0.6897812 -0.9115652 0 0 0 1
189 1 0.6897762 -0.01280051 -0.7239095 -1.504647 0.005411262 0.9999069 -0.01252471 114.6525 0.7240025 0.004721983 0.6897812 -0.9115654 0 0 0 1
190 0 0.688894 -0.01287455 -0.7247477 -0.9281211 0.006085661 0.9999098 -0.01197798 114.6526 0.7248365 0.003840991 0.6889102 -1.102058 0 0 0 1
190 1 0.688894 -0.01287455 -0.7247477 -1.460846 0.006085661 0.9999098 -0.01197798 114.6526 0.7248365 0.003840991 0.6889102 -1.102058 0 0 0 1
191 0 0.6880124 -0.01291955 -0.725584 -0.8762626 0.006181894 0.9999096 -0.01194233 114.6536 0.7256727 0.003730991 0.68803 -1.211159 0 0 0 1
191 1 0.6880124 -0.01291955 -0.725584 -1.408988 0.006181894 0.9999096 -0.01194233 114.6536 0.7256727 0.003730991 0.68803 -1.211159 0 0 0 1
192 0 0.6868485 -0.01314352 -0.7266817 -0.8348401 0.006195233 0.999906 -0.0122297 114.6549 0.7267742 0.00389799 0.6868654 -1.303626 0 0 0 1
192 1 0.6868485 -0.01314352 -0.7266817 -1.367565 0.006195233 0.999906 -0.0122297 114.6549 0.7267742 0.00389799 0.6868654 -1.303625 0 0 0 1
193 0 0.6853649 -0.01316156 -0.7280809 -0.7534623 0.006774693 0.9999086 -0.01169818 114.6553 0.7281683 0.003084996 0.6853914 -1.536451 0 0 0 1
193 1 0.6853649 -0.01316156 -0.7280809 -1.286187 0.006774693 0.9999086 -0.01169818 114.6553 0.7281683 0.003084996 0.6853914 -1.536451 0 0 0 1
194 0 0.6838675 -0.01298761 -0.7294908 -0.6478778 0.007548078 0.999914 -0.01072613 114.6548 0.7295673 0.001828999 0.6839067 -1.824194 0 0 0 1
194 1 0.6838675 -0.01298761 -0.7294908 -1.180603 0.007548078 0.999914 -0.01072613 114.6548 0.7295673 0.001828999 0.6839067 -1.824194 0 0 0 1
195 0 0.6819195 -0.01230168 -0.7313238 -0.4643999 0.007693795 0.9999239 -0.009645795 114.655 0.7313867 0.0009510005 0.6819623 -2.101167 0 0 0 1
195 1 0.6819195 -0.01230168 -0.7313238 -0.997125 0.007693795 0.9999239 -0.009645795 114.655 0.7313867 0.0009510005 0.6819623 -2.101167 0 0 0 1
196 0 0.680006 -0.01179673 -0.7331116 -0.3005756 0.00815585 0.9999304 -0.008525142 114.654 0.7331612 -0.0001819995 0.6800549 -2.408723 0 0 0 1
196 1 0.680006 -0.01179673 -0.7331116 -0.8333007 0.00815585 0.9999304 -0.008525142 114.654 0.7331612 -0.0001819995 0.6800549 -2.408723 0 0 0 1
197 0 0.6779765 -0.01189171 -0.7349874 -0.1925057 0.009161821 0.9999282 -0.007727145 114.6518 0.7350265 -0.001495 0.6780368 -2.753939 0 0 0 1
197 1 0.6779765 -0.01189171 -0.7349874 -0.7252305 0.009161821 0.9999282 -0.007727145 114.6518 0.7350265 -0.001495 0.6780368 -2.753939 0 0 0 1
198 0 0.675413 -0.01254559 -0.7373331 -0.1230644 0.01117165 0.9999146 -0.006779898 114.6464 0.7373551 -0.003657992 0.6754954 -3.236801 0 0 0 1
198 1 0.675413 -0.01254559 -0.7373331 -0.6557894 0.01117165 0.9999146 -0.006779898 114.6464 0.7373551 -0.003657992 0.6754954 -3.236801 0 0 0 1
199 0 0.6730015 -0.01264853 -0.739533 0.01033437 0.01193098 0.9999093 -0.006244226 114.644 0.7395449 -0.004620983 0.6730914 -3.582742 0 0 0 1
199 1 0.6730015 -0.01264853 -0.739533 -0.5223905 0.01193098 0.9999093 -0.006244226 114.644 0.7395449 -0.004620983 0.6730914 -3.582742 0 0 0 1
200 0 0.6704195 -0.01237353 -0.7418791 0.1999204 0.01196958 0.9999112 -0.005860514 114.6435 0.7418858 -0.004950981 0.670508 -3.87631 0 0 0 1
200 1 0.6704195 -0.01237353 -0.7418791 -0.3328046 0.01196958 0.9999112 -0.005860514 114.6435 0.7418858 -0.004950981 0.670508 -3.87631 0 0 0 1
201 0 0.6675259 -0.01118663 -0.7445026 0.522646 0.01122495 0.9999247 -0.004960143 114.6433 0.744502 -0.005045979 0.6676012 -4.193001 0 0 0 1
201 1 0.6675259 -0.01118663 -0.7445026 -0.01007903 0.01122495 0.9999247 -0.004960143 114.6433 0.744502 -0.005045979 0.6676012 -4.193 0 0 0 1
202 0 0.6650168 -0.01096973 -0.7467479 0.7327594 0.009649483 0.9999349 -0.006095688 114.652 0.7467661 -0.003151995 0.6650794 -4.273417 0 0 0 1
202 1 0.6650168 -0.01096973 -0.7467479 0.2000345 0.009649483 0.9999349 -0.006095688 114.652 0.7467661 -0.003151995 0.6650794 -4.273417 0 0 0 1
203 0 0.6625448 -0.01151273 -0.7489338 0.8884747 0.008904547 0.9999323 -0.007493705 114.6604 0.7489693 -0.001703999 0.6626025 -4.457365 0 0 0 1
203 1 0.6625448 -0.01151273 -0.7489338 0.3557496 0.008904547 0.9999323 -0.007493705 114.6604 0.7489693 -0.001703999 0.6626025 -4.457365 0 0 0 1
204 0 0.6608141 -0.01066779 -0.7504738 1.190311 0.00758873 0.9999428 -0.007531836 114.6659 0.7505112 -0.0007180003 0.6608573 -4.680489 0 0 0 1
204 1 0.6608141 -0.01066779 -0.7504738 0.6575866 0.00758873 0.9999428 -0.007531836 114.6659 0.7505112 -0.0007180003 0.6608573 -4.680489 0 0 0 1
205 0 0.6597315 -0.008423892 -0.7514542 1.655235 0.004477783 0.9999635 -0.007278488 114.675 0.751488 0.001437 0.6597452 -4.786065 0 0 0 1
205 1 0.6597315 -0.008423892 -0.7514542 1.122509 0.004477783 0.9999635 -0.007278488 114.675 0.751488 0.001437 0.6597452 -4.786065 0 0 0 1
206 0 0.659243 -0.006763918 -0.7518995 2.077583 0.002243201 0.9999728 -0.007028757 114.6819 0.7519266 0.002946995 0.6592402 -5.012345 0 0 0 1
206 1 0.659243 -0.006763918 -0.7518995 1.544858 0.002243201 0.9999728 -0.007028757 114.6819 0.7519266 0.002946995 0.6592402 -5.012345 0 0 0 1
207 0 0.6596141 -0.005978923 -0.7515807 2.380557 0.001129061 0.9999751 -0.00696403 114.6869 0.7516036 0.003744992 0.6596044 -5.294866 0 0 0 1
207 1 0.6596141 -0.005978923 -0.7515807 1.847832 0.001129061 0.9999751 -0.00696403 114.6869 0.7516036 0.003744992 0.6596044 -5.294866 0 0 0 1
208 0 0.6607937 -0.005845904 -0.7505449 2.60874 0.0003668156 0.999972 -0.007465711 114.6944 0.7505676 0.004657983 0.6607773 -5.575418 0 0 0 1
208 1 0.6607937 -0.005845904 -0.7505449 2.076015 0.0003668156 0.999972 -0.007465711 114.6944 0.7505676 0.004657983 0.6607773 -5.575418 0 0 0 1
209 0 0.6628361 -0.005102911 -0.7487471 2.926762 -0.0004497773 0.9999739 -0.007213258 114.6984 0.7487644 0.005117977 0.6628165 -5.95969 0 0 0 1
209 1 0.6628361 -0.005102911 -0.7487471 2.394037 -0.0004497773 0.9999739 -0.007213258 114.6984 0.7487644 0.005117977 0.6628165 -5.95969 0 0 0 1
210 0 0.6659336 -0.003836941 -0.7460012 3.276927 -0.001265178 0.9999796 -0.006272627 114.6976 0.74601 0.005120978 0.6659151 -6.371849 0 0 0 1
210 1 0.6659336 -0.003836941 -0.7460012 2.744202 -0.001265178 0.9999796 -0.006272627 114.6976 0.74601 0.005120978 0.6659151 -6.371849 0 0 0 1
211 0 0.6701564 -0.00258896 -0.7422154 3.618329 -0.002239582 0.9999823 -0.005510239 114.6977 0.7422166 0.005354973 0.6701387 -6.772355 0 0 0 1
211 1 0.6701564 -0.00258896 -0.7422154 3.085604 -0.002239582 0.9999823 -0.005510239 114.6977 0.7422166 0.005354973 0.6701387 -6.772355 0 0 0 1
212 0 0.6762449 -0.0004949918 -0.7366767 4.065681 -0.003951232 0.999983 -0.004299015 114.6959 0.7366663 0.005817967 0.6762314 -7.20948 0 0 0 1
212 1 0.6762449 -0.0004949918 -0.7366767 3.532956 -0.003951232 0.999983 -0.004299015 114.6959 0.7366663 0.005817967 0.6762314 -7.20948 0 0 0 1
213 0 0.6838539 0.001645977 -0.7296171 4.478731 -0.004936377 0.999985 -0.002370844 114.6848 0.7296022 0.005222976 0.6838518 -7.745866 0 0 0 1
213 1 0.6838539 0.001645977 -0.7296171 3.946005 -0.004936377 0.999985 -0.002370844 114.6848 0.7296022 0.005222976 0.6838518 -7.745866 0 0 0 1
214 0 0.6941479 0.004850938 -0.7198161 5.009439 -0.006426558 0.9999792 0.000541603 114.6638 0.7198037 0.004249987 0.6941646 -8.397662 0 0 0 1
214 1 0.6941479 0.004850938 -0.7198161 4.476714 -0.006426558 0.9999792 0.000541603 114.6638 0.7198037 0.004249987 0.6941646 -8.397663 0 0 0 1
215 0 0.7051148 0.007834841 -0.7090499 5.478448 -0.008690669 0.9999593 0.002406888 114.6514 0.7090399 0.004464985 0.7051542 -8.887771 0 0 0 1
215 1 0.7051148 0.007834841 -0.7090499 4.945724 -0.008690669 0.9999593 0.002406888 114.6514 0.7090399 0.004464985 0.7051542 -8.887771 0 0 0 1
216 0 0.7177044 0.008952717 -0.6962903 5.711431 -0.01063424 0.9999416 0.0018957 114.6614 0.6962667 0.006043963 0.7177577 -9.244256 0 0 0 1
216 1 0.7177044 0.008952717 -0.6962903 5.178707 -0.01063424 0.9999416 0.0018957 114.6614 0.6962667 0.006043963 0.7177577 -9.244255 0 0 0 1
217 0 0.7318851 0.009391611 -0.6813633 5.84073 -0.01186167 0.9999291 0.001041385 114.674 0.6813248 0.007319935 0.7319447 -9.657278 0 0 0 1
217 1 0.7318851 0.009391611 -0.6813633 5.308004 -0.01186167 0.9999291 0.001041385 114.674 0.6813248 0.007319935 0.7319447 -9.657278 0 0 0 1
218 0 0.7489059 0.01037148 -0.6625952 6.004534 -0.0130866 0.999914 0.000860191 114.6796 0.6625472 0.008026915 0.7489772 -10.21636 0 0 0 1
218 1 0.7489059 0.01037148 -0.6625952 5.471809 -0.0130866 0.999914 0.000860191 114.6796 0.6625472 0.008026915 0.7489772 -10.21636 0 0 0 1
219 0 0.76565 0.01330694 -0.6431198 6.348309 -0.01661015 0.9998616 0.0009135781 114.6872 0.6430429 0.009982834 0.7657651 -10.60065 0 0 0 1
219 1 0.76565 0.01330694 -0.6431198 5.815583 -0.01661015 0.9998616 0.0009135781 114.6872 0.6430429 0.009982834 0.7657651 -10.60065 0 0 0 1
220 0 0.7836906 0.01329363 -0.6210091 6.313635 -0.01797086 0.9998377 -0.001275547 114.7182 0.6208913 0.0121597 0.7838023 -10.98088 0 0 0 1
220 1 0.7836906 0.01329363 -0.6210091 5.78091 -0.01797086 0.9998377 -0.001275547 114.7182 0.6208913 0.0121597 0.7838023 -10.98088 0 0 0 1
221 0 0.8039553 0.01435418 -0.5945164 6.36279 -0.01963718 0.9998043 -0.002415495 114.738 0.5943654 0.01361658 0.8040799 -11.52328 0 0 0 1
221 1 0.8039553 0.01435418 -0.5945164 5.830066 -0.01963718 0.9998043 -0.002415495 114.738 0.5943654 0.01361658 0.8040799 -11.52328 0 0 0 1
222 0 0.8228558 0.01421998 -0.5680723 6.237886 -0.02007454 0.9997903 -0.00405135 114.763 0.5678955 0.01473747 0.8229687 -12.05587 0 0 0 1
222 1 0.8228558 0.01421998 -0.5680723 5.70516 -0.02007454 0.9997903 -0.00405135 114.763 0.5678955 0.01473747 0.8229687 -12.05587 0 0 0 1
223 0 0.8436732 0.01318273 -0.5366954 5.956855 -0.02020332 0.9997699 -0.00720204 114.8102 0.536477 0.01691919 0.8437454 -12.5455 0 0 0 1
223 1 0.8436732 0.01318273 -0.5366954 5.42413 -0.02020332 0.9997699 -0.00720204 114.8102 0.536477 0.01691919 0.8437454 -12.5455 0 0 0 1
224 0 0.8617661 0.01067307 -0.5071936 5.498598 -0.01831662 0.9997814 -0.01008274 114.8519 0.5069751 0.01797903 0.8617732 -13.09724 0 0 0 1
224 1 0.8617661 0.01067307 -0.5071936 4.965873 -0.01831662 0.9997814 -0.01008274 114.8519 0.5069751 0.01797903 0.8617732 -13.09724 0 0 0 1
225 0 0.8792983 0.009750368 -0.4761716 5.185973 -0.01686216 0.9998009 -0.01066514 114.8632 0.4759728 0.01740712 0.8792877 -13.83821 0 0 0 1
225 1 0.8792983 0.009750368 -0.4761716 4.653249 -0.01686216 0.9998009 -0.01066514 114.8632 0.4759728 0.01740712 0.8792877 -13.83821 0 0 0 1
226 0 0.898077 0.01128413 -0.4396935 5.075236 -0.01760463 0.999792 -0.01029928 114.8653 0.4394859 0.01699018 0.8980888 -14.63521 0 0 0 1
226 1 0.898077 0.01128413 -0.4396935 4.542511 -0.01760463 0.999792 -0.01029928 114.8653 0.4394859 0.01699018 0.8980888 -14.63521 0 0 0 1
227 0 0.9141622 0.01113429 -0.4051956 4.763241 -0.0167798 0.9998053 -0.01038347 114.8701 0.4050011 0.01629128 0.914171 -15.39068 0 0 0 1
227 1 0.9141622 0.01113429 -0.4051956 4.230515 -0.0167798 0.9998053 -0.01038347 114.8701 0.4050011 0.01629128 0.914171 -15.39068 0 0 0 1
228 0 0.9293437 0.009889806 -0.3690833 4.28286 -0.01452743 0.9998466 -0.009788269 114.8605 0.3689299 0.0144585 0.9293448 -16.27028 0 0 0 1
228 1 0.9293437 0.009889806 -0.3690833 3.750135 -0.01452743 0.9998466 -0.009788269 114.8605 0.3689299 0.0144585 0.9293448 -16.27028 0 0 0 1
229 0 0.9445376 0.01291602 -0.328149 4.215706 -0.01739965 0.999791 -0.01073081 114.8865 0.3279418 0.01584534 0.944565 -16.84511 0 0 0 1
229 1 0.9445376 0.01291602 -0.328149 3.682982 -0.01739965 0.999791 -0.01073081 114.8865 0.3279418 0.01584534 0.944565 -16.84511 0 0 0 1
230 0 0.9568328 0.01732716 -0.2901222 4.313446 -0.02195698 0.9996781 -0.01271041 114.9309 0.2898085 0.01853194 0.9569052 -17.19648 0 0 0 1
230 1 0.9568328 0.01732716 -0.2901222 3.78072 -0.02195698 0.9996781 -0.01271041 114.9309 0.2898085 0.01853194 0.9569052 -17.19648 0 0 0 1
231 0 0.9686749 0.01907148 -0.247599 4.037785 -0.02376988 0.9995894 -0.01600018 114.9962 0.2471922 0.02138437 0.9687304 -17.58028 0 0 0 1
231 1 0.9686749 0.01907148 -0.247599 3.505059 -0.02376988 0.9995894 -0.01600018 114.9961 0.2471922 0.02138437 0.9687304 -17.58028 0 0 0 1
232 0 0.9778462 0.02163862 -0.2082031 3.869062 -0.0259358 0.9995028 -0.01793133 115.0371 0.2077116 0.02293399 0.9779212 -18.03505 0 0 0 1
232 1 0.9778462 0.02163862 -0.2082031 3.336338 -0.0259358 0.9995028 -0.01793133 115.0371 0.2077116 0.02293399 0.9779212 -18.03506 0 0 0 1
233 0 0.985578 0.02373836 -0.1675485 3.603686 -0.02728928 0.9994485 -0.01892254 115.0603 0.1670069 0.02322191 0.9856822 -18.62068 0 0 0 1
233 1 0.985578 0.02373836 -0.1675485 3.070961 -0.02728928 0.9994485 -0.01892254 115.0603 0.1670069 0.02322191 0.9856822 -18.62068 0 0 0 1
234 0 0.9921982 0.02461935 -0.1222159 3.118951 -0.0273757 0.9994062 -0.02092517 115.1039 0.1216282 0.02410766 0.9922829 -19.17919 0 0 0 1
234 1 0.9921982 0.02461935 -0.1222159 2.586226 -0.0273757 0.9994062 -0.02092517 115.1039 0.1216282 0.02410766 0.9922829 -19.17919 0 0 0 1
235 0 0.9963993 0.02443131 -0.08118759 2.551828 -0.02632266 0.9994045 -0.02230784 115.1369 0.08059424 0.02436459 0.9964492 -19.73033 0 0 0 1
235 1 0.9963993 0.02443131 -0.08118759 2.019103 -0.02632266 0.9994045 -0.02230784 115.1369 0.08059424 0.02436459 0.9964492 -19.73033 0 0 0 1
236 0 0.9988796 0.02532383 -0.03997735 2.086928 -0.02632915 0.9993451 -0.02482437 115.1928 0.03932251 0.02584912 0.9988922 -20.1237 0 0 0 1
236 1 0.9988796 0.02532383 -0.03997735 1.554203 -0.02632915 0.9993451 -0.02482437 115.1928 0.03932251 0.02584912 0.9988922 -20.1237 0 0 0 1
237 0 0.9996784 0.02478867 0.00533907 1.38412 -0.02463729 0.9993381 -0.026765 115.2414 -0.005999005 0.02662486 0.9996275 -20.63491 0 0 0 1
237 1 0.9996784 0.02478867 0.00533907 0.8513955 -0.02463729 0.9993381 -0.026765 115.2414 -0.005999005 0.02662486 0.9996275 -20.63491 0 0 0 1
238 0 0.9986451 0.02436649 0.0459816 0.7491991 -0.02300662 0.9992888 -0.02987539 115.3157 -0.04667686 0.02877703 0.9984955 -20.91761 0 0 0 1
238 1 0.9986451 0.02436649 0.0459816 0.2164739 -0.02300662 0.9992888 -0.02987539 115.3157 -0.04667686 0.02877703 0.9984955 -20.91761 0 0 0 1
239 0 0.995931 0.02432441 0.08677381 0.1360809 -0.02158809 0.9992439 -0.0323342 115.3785 -0.08749472 0.03032935 0.9957032 -21.25437 0 0 0 1
239 1 0.995931 0.02432441 0.08677381 -0.3966439 -0.02158809 0.9992439 -0.0323342 115.3786 -0.08749472 0.03032935 0.9957032 -21.25437 0 0 0 1
240 0 0.9909814 0.02540185 0.1315698 -0.4338748 -0.02122327 0.9992278 -0.03306505 115.4049 -0.1323082 0.02997451 0.9907553 -21.84474 0 0 0 1
240 1 0.9909814 0.02540185 0.1315698 -0.9665998 -0.02122327 0.9992278 -0.03306505 115.4049 -0.1323082 0.02997451 0.9907553 -21.84475 0 0 0 1
241 0 0.9848283 0.03021118 0.1708817 -0.5027124 -0.02489294 0.9991393 -0.03318032 115.4044 -0.1717371 0.02842317 0.9847327 -22.51324 0 0 0 1
241 1 0.9848283 0.03021118 0.1708817 -1.035437 -0.02489294 0.9991393 -0.03318032 115.4044 -0.1717371 0.02842317 0.9847327 -22.51324 0 0 0 1
242 0 0.9772892 0.02924707 0.209882 -1.243116 -0.02344744 0.9992728 -0.03006864 115.3438 -0.2106088 0.02446456 0.9772642 -23.44237 0 0 0 1
242 1 0.9772892 0.02924707 0.209882 -1.775841 -0.02344744 0.9992728 -0.03006864 115.3437 -0.2106088 0.02446456 0.9772642 -23.44237 0 0 0 1
243 0 0.9676097 0.02687545 0.2510163 -2.179198 -0.02101622 0.9994411 -0.02599406 115.2596 -0.2515747 0.01987669 0.9676338 -24.48018 0 0 0 1
243 1 0.9676097 0.02687545 0.2510163 -2.711923 -0.02101622 0.9994411 -0.02599406 115.2596 -0.2515747 0.01987669 0.9676338 -24.48018 0 0 0 1
244 0 0.9573916 0.03121175 0.2871014 -2.281922 -0.02519223 0.999379 -0.02463777 115.2073 -0.2876921 0.01635527 0.9575833 -25.34709 0 0 0 1
244 1 0.9573916 0.03121175 0.2871014 -2.814647 -0.02519223 0.999379 -0.02463777 115.2073 -0.2876921 0.01635527 0.9575833 -25.34709 0 0 0 1
245 0 0.9450791 0.03005879 0.3254563 -3.054554 -0.02332408 0.9994258 -0.02457607 115.2134 -0.3260082 0.01563536 0.9452376 -25.93195 0 0 0 1
245 1 0.9450791 0.03005879 0.3254563 -3.587279 -0.02332408 0.9994258 -0.02457607 115.2134 -0.3260082 0.01563536 0.9452376 -25.93195 0 0 0 1
246 0 0.9336309 0.03207236 0.3567978 -3.328438 -0.02421481 0.9993563 -0.02646881 115.2545 -0.3574171 0.01607231 0.9338066 -26.35073 0 0 0 1
246 1 0.9336309 0.03207236 0.3567978 -3.861163 -0.02421481 0.9993563 -0.02646881 115.2545 -0.3574171 0.01607231 0.9338066 -26.35073 0 0 0 1
247 0 0.9210768 0.03288087 0.3879902 -3.759821 -0.02487409 0.9993617 -0.02564222 115.225 -0.3885857 0.01396755 0.9213067 -27.04817 0 0 0 1
247 1 0.9210768 0.03288087 0.3879902 -4.292546 -0.02487409 0.9993617 -0.02564222 115.225 -0.3885857 0.01396755 0.9213067 -27.04817 0 0 0 1
248 0 0.906902 0.03268941 0.4200716 -4.31871 -0.02529668 0.9994117 -0.02315932 115.1491 -0.4205815 0.01037681 0.9071954 -27.96429 0 0 0 1
248 1 0.906902 0.03268941 0.4200716 -4.851436 -0.02529668 0.9994117 -0.02315932 115.1491 -0.4205815 0.01037681 0.9071954 -27.96428 0 0 0 1
249 0 0.8934062 0.03516703 0.4478714 -4.509502 -0.0285808 0.9993612 -0.02145774 115.0661 -0.4483399 0.006369957 0.8938405 -28.88153 0 0 0 1
249 1 0.8934062 0.03516703 0.4478714 -5.042227 -0.0285808 0.9993612 -0.02145774 115.0661 -0.4483399 0.006369957 0.8938405 -28.88153 0 0 0 1
250 0 0.8806762 0.0309606 0.472706 -5.383608 -0.02469786 0.9995057 -0.01945073 115.0342 -0.4730745 0.005454974 0.8810055 -29.45907 0 0 0 1
250 1 0.8806762 0.0309606 0.472706 -5.916332 -0.02469786 0.9995057 -0.01945073 115.0342 -0.4730745 0.005454974 0.8810055 -29.45907 0 0 0 1
251 0 0.8679172 0.02858776 0.4958855 -5.974339 -0.02238091 0.9995792 -0.01845377 115.0171 -0.4962043 0.004917979 0.8681918 -30.07676 0 0 0 1
251 1 0.8679172 0.02858776 0.4958855 -6.507064 -0.02238091 0.9995792 -0.01845377 115.0171 -0.4962043 0.004917979 0.8681918 -30.07676 0 0 0 1
252 0 0.8575741 0.02541304 0.5137323 -6.534448 -0.01962901 0.9996681 -0.01668432 114.9839 -0.5139858 0.004223987 0.8577883 -30.69342 0 0 0 1
252 1 0.8575741 0.02541304 0.5137323 -7.067173 -0.01962901 0.9996681 -0.01668432 114.9839 -0.5139858 0.004223987 0.8577883 -30.69342 0 0 0 1
253 0 0.8490801 0.02165714 0.52782 -7.039388 -0.01627738 0.9997574 -0.01483666 114.9557 -0.5280132 0.00400599 0.8492267 -31.29675 0 0 0 1
253 1 0.8490801 0.02165714 0.52782 -7.572112 -0.01627738 0.9997574 -0.01483666 114.9557 -0.5280132 0.00400599 0.8492267 -31.29675 0 0 0 1
254 0 0.8412147 0.01897865 0.5403681 -7.331512 -0.01342989 0.9998088 -0.0142081 114.9608 -0.5405345 0.004694983 0.8413088 -31.88897 0 0 0 1
254 1 0.8412147 0.01897865 0.5403681 -7.864238 -0.01342989 0.9998088 -0.0142081 114.9608 -0.5405345 0.004694983 0.8413088 -31.88897 0 0 0 1
255 0 0.8355071 0.01619712 0.5492409 -7.553236 -0.01100508 0.9998582 -0.01274486 114.9385 -0.5493695 0.004603983 0.8355669 -32.54545 0 0 0 1
255 1 0.8355071 0.01619712 0.5492409 -8.085962 -0.01100508 0.9998582 -0.01274486 114.9385 -0.5493695 0.004603983 0.8355669 -32.54546 0 0 0 1
256 0 0.8312694 0.01402943 0.5556926 -7.57297 -0.009457318 0.9998937 -0.0110967 114.9009 -0.5557892 0.003968989 0.8313138 -33.37166 0 0 0 1
256 1 0.8312694 0.01402943 0.5556926 -8.105697 -0.009457318 0.9998937 -0.0110967 114.9009 -0.5557892 0.003968989 0.8313138 -33.37166 0 0 0 1
257 0 0.8291482 0.01294659 0.5588789 -7.386325 -0.009164228 0.9999123 -0.009567278 114.8519 -0.5589538 0.002810996 0.8291941 -34.2263 0 0 0 1
257 1 0.8291482 0.01294659 0.5588789 -7.919051 -0.009164228 0.9999123 -0.009567278 114.8519 -0.5589538 0.002810996 0.8291941 -34.22631 0 0 0 1
258 0 0.8281459 0.01096078 0.5604054 -7.234567 -0.00870047 0.9999397 -0.006700257 114.7599 -0.5604451 0.000673 0.8281913 -35.21296 0 0 0 1
258 1 0.8281459 0.01096078 0.5604054 -7.767291 -0.00870047 0.9999397 -0.006700257 114.7599 -0.5604451 0.000673 0.8281913 -35.21296 0 0 0 1
259 0 0.828056 0.008687889 0.5605781 -7.011997 -0.006808061 0.999962 -0.005440997 114.7401 -0.5606041 0.0006890001 0.8280837 -36.05013 0 0 0 1
259 1 0.828056 0.008687889 0.5605781 -7.544722 -0.006808061 0.999962 -0.005440997 114.7401 -0.5606041 0.0006890001 0.8280837 -36.05013 0 0 0 1
260 0 0.8282964 0.007967886 0.5602335 -6.632081 -0.00504633 0.9999644 -0.00676101 114.8084 -0.5602675 0.002772996 0.8283071 -36.58511 0 0 0 1
260 1 0.8282964 0.007967886 0.5602335 -7.164807 -0.00504633 0.9999644 -0.00676101 114.8084 -0.5602675 0.002772996 0.8283071 -36.58511 0 0 0 1
261 0 0.828953 0.008519692 0.5592533 -6.076709 -0.003193347 0.9999398 -0.01049979 114.9639 -0.5593091 0.006917944 0.8289303 -36.89477 0 0 0 1
261 1 0.828953 0.008519692 0.5592533 -6.609432 -0.003193347 0.9999398 -0.01049979 114.9639 -0.5593091 0.006917944 0.8289303 -36.89476 0 0 0 1
262 0 0.829542 0.01160939 0.5583236 -5.189159 -0.005294911 0.9999025 -0.01292424 115.0139 -0.5584192 0.007764922 0.8295226 -37.66192 0 0 0 1
262 1 0.829542 0.01160939 0.5583236 -5.721884 -0.005294911 0.9999025 -0.01292424 115.0139 -0.5584192 0.007764922 0.8295226 -37.66192 0 0 0 1
263 0 0.8302188 0.01468806 0.5572441 -4.339584 -0.007993896 0.9998637 -0.01444496 115.0195 -0.5573804 0.007537929 0.8302231 -38.48014 0 0 0 1
263 1 0.8302188 0.01468806 0.5572441 -4.872308 -0.007993896 0.9998637 -0.01444496 115.0195 -0.5573804 0.007537929 0.8302231 -38.48014 0 0 0 1
264 0 0.8308048 0.01628469 0.5563257 -3.617004 -0.008779586 0.999831 -0.01615567 115.0634 -0.5564948 0.008537894 0.8308073 -39.23778 0 0 0 1
264 1 0.8308048 0.01628469 0.5563257 -4.149729 -0.008779586 0.999831 -0.01615567 115.0634 -0.5564948 0.008537894 0.8308073 -39.23778 0 0 0 1
265 0 0.8314454 0.01738712 0.5553343 -2.989158 -0.008478474 0.9997909 -0.01860877 115.1542 -0.5555418 0.01076379 0.8314189 -39.78028 0 0 0 1
265 1 0.8314454 0.01738712 0.5553343 -3.521883 -0.008478474 0.9997909 -0.01860877 115.1542 -0.5555418 0.01076379 0.8314189 -39.78028 0 0 0 1
266 0 0.8320147 0.01744724 0.5544792 -2.483355 -0.006390044 0.9997404 -0.02186935 115.3113 -0.5547168 0.01465248 0.8319102 -40.13413 0 0 0 1
266 1 0.8320147 0.01744724 0.5544792 -3.01608 -0.006390044 0.9997404 -0.02186935 115.3113 -0.5547168 0.01465248 0.8319102 -40.13413 0 0 0 1
267 0 0.8327636 0.01617351 0.5533925 -2.063728 -2.46428E-06 0.9995733 -0.02920993 115.7034 -0.5536287 0.02432361 0.8324083 -39.90456 0 0 0 1
267 1 0.8327636 0.01617351 0.5533925 -2.596453 -2.46428E-06 0.9995733 -0.02920993 115.7034 -0.5536287 0.02432361 0.8324083 -39.90456 0 0 0 1
268 0 0.8334342 0.01943476 0.5522769 -1.174818 0.001536117 0.9992961 -0.03748362 116.0321 -0.5526167 0.03208849 0.8328176 -39.81468 0 0 0 1
268 1 0.8334342 0.01943476 0.5522769 -1.707542 0.001536117 0.9992961 -0.03748362 116.0321 -0.5526167 0.03208849 0.8328176 -39.81469 0 0 0 1
269 0 0.8335254 0.01880562 0.5521611 -0.7817669 0.0007074475 0.9993834 -0.03510515 115.9488 -0.5524808 0.02965165 0.832998 -40.89484 0 0 0 1
269 1 0.8335254 0.01880562 0.5521611 -1.314491 0.0007074475 0.9993834 -0.03510515 115.9488 -0.5524808 0.02965165 0.832998 -40.89484 0 0 0 1
