frame cameraID r1,1 r1,2 r1,3 t1 r2,1 r2,2 r2,3 t2 r3,1 r3,2 r3,3 t3 0 0 0 1
0 0 0.9714233 -0.01231958 0.2370339 -2.226741 0.01514874 0.9998341 -0.01011797 114.6315 -0.23687 0.0134196 0.9714487 0.7505442 0 0 0 1
0 1 0.9714233 -0.01231958 0.2370339 -2.759466 0.01514874 0.9998341 -0.01011797 114.6315 -0.23687 0.0134196 0.9714487 0.7505443 0 0 0 1
1 0 0.9714406 -0.01239058 0.2369593 -2.23423 0.01520509 0.9998338 -0.01005374 114.6314 -0.2367953 0.0133696 0.9714676 0.7447033 0 0 0 1
1 1 0.9714406 -0.01239058 0.2369593 -2.766955 0.01520509 0.9998338 -0.01005374 114.6314 -0.2367953 0.0133696 0.9714676 0.7447034 0 0 0 1
2 0 0.9714386 -0.01238957 0.2369672 -2.233398 0.01520799 0.9998336 -0.0100694 114.6314 -0.2368031 0.0133856 0.9714655 0.7458705 0 0 0 1
2 1 0.9714386 -0.01238957 0.2369672 -2.766123 0.01520799 0.9998336 -0.0100694 114.6314 -0.2368031 0.0133856 0.9714655 0.7458704 0 0 0 1
3 0 0.9714457 -0.01236458 0.2369397 -2.229805 0.01518413 0.9998339 -0.01007867 114.6315 -0.2367757 0.0133886 0.9714721 0.7461917 0 0 0 1
3 1 0.9714457 -0.01236458 0.2369397 -2.76253 0.01518413 0.9998339 -0.01007867 114.6315 -0.2367757 0.0133886 0.9714721 0.7461915 0 0 0 1
4 0 0.9714298 -0.01238657 0.2370034 -2.231494 0.01521113 0.9998333 -0.01009286 114.6314 -0.2368389 0.0134096 0.9714564 0.7484766 0 0 0 1
4 1 0.9714298 -0.01238657 0.2370034 -2.764219 0.01521113 0.9998333 -0.01009286 114.6314 -0.2368389 0.0134096 0.9714564 0.7484768 0 0 0 1
5 0 0.9714323 -0.01237657 0.236994 -2.230053 0.01520795 0.9998331 -0.01012258 114.6314 -0.2368291 0.0134376 0.9714584 0.7518731 0 0 0 1
5 1 0.9714323 -0.01237657 0.236994 -2.762778 0.01520795 0.9998331 -0.01012258 114.6314 -0.2368291 0.0134376 0.9714584 0.751873 0 0 0 1
6 0 0.9714255 -0.01239957 0.2370207 -2.232173 0.01521826 0.9998335 -0.01006619 114.6314 -0.2368565 0.0133856 0.9714524 0.7457806 0 0 0 1
6 1 0.9714255 -0.01239957 0.2370207 -2.764898 0.01521826 0.9998335 -0.01006619 114.6314 -0.2368565 0.0133856 0.9714524 0.7457807 0 0 0 1
7 0 0.9714316 -0.01235058 0.236998 -2.225864 0.01517256 0.999834 -0.0100869 114.6315 -0.236834 0.0133946 0.9714578 0.7466465 0 0 0 1
7 1 0.9714316 -0.01235058 0.236998 -2.758589 0.01517256 0.999834 -0.0100869 114.6315 -0.236834 0.0133946 0.9714578 0.7466465 0 0 0 1
8 0 0.9714314 -0.01235457 0.2369986 -2.225836 0.01518758 0.9998333 -0.01013161 114.6315 -0.2368339 0.0134416 0.9714572 0.7518736 0 0 0 1
8 1 0.9714314 -0.01235457 0.2369986 -2.758561 0.01518758 0.9998333 -0.01013161 114.6315 -0.2368339 0.0134416 0.9714572 0.7518736 0 0 0 1
9 0 0.9714363 -0.01243055 0.2369747 -2.233883 0.01527156 0.9998318 -0.01015673 114.6313 -0.2368085 0.01348559 0.9714627 0.7566193 0 0 0 1
9 1 0.9714363 -0.01243055 0.2369747 -2.766608 0.01527156 0.9998318 -0.01015673 114.6313 -0.2368085 0.01348559 0.9714627 0.7566192 0 0 0 1
10 0 0.9714354 -0.01238956 0.2369806 -2.227792 0.01522422 0.9998327 -0.01013526 114.6315 -0.2368154 0.0134536 0.9714615 0.7523575 0 0 0 1
10 1 0.9714354 -0.01238956 0.2369806 -2.760517 0.01522422 0.9998327 -0.01013526 114.6315 -0.2368154 0.0134536 0.9714615 0.7523576 0 0 0 1
11 0 0.9714412 -0.01241755 0.2369551 -2.229943 0.01525849 0.999832 -0.01015915 114.6314 -0.2367892 0.01348459 0.9714675 0.7549021 0 0 0 1
11 1 0.9714412 -0.01241755 0.2369551 -2.762668 0.01525849 0.999832 -0.01015915 114.6314 -0.2367892 0.01348459 0.9714675 0.754902 0 0 0 1
12 0 0.9714473 -0.01247253 0.236927 -2.235502 0.01532345 0.9998306 -0.01019515 114.6312 -0.2367598 0.01353459 0.9714739 0.760187 0 0 0 1
12 1 0.9714473 -0.01247253 0.236927 -2.768227 0.01532345 0.9998306 -0.01019515 114.6312 -0.2367598 0.01353459 0.9714739 0.7601869 0 0 0 1
13 0 0.9714457 -0.01243256 0.2369362 -2.229934 0.01526174 0.9998324 -0.01011023 114.6314 -0.2367708 0.0134376 0.9714726 0.7486766 0 0 0 1
13 1 0.9714457 -0.01243256 0.2369362 -2.762659 0.01526174 0.9998324 -0.01011023 114.6314 -0.2367708 0.0134376 0.9714726 0.7486765 0 0 0 1
14 0 0.9714536 -0.01245754 0.2369023 -2.231908 0.01530034 0.9998313 -0.01016508 114.6313 -0.2367357 0.01349959 0.9714803 0.7554491 0 0 0 1
14 1 0.9714536 -0.01245754 0.2369023 -2.764633 0.01530034 0.9998313 -0.01016508 114.6313 -0.2367357 0.01349959 0.9714803 0.7554492 0 0 0 1
15 0 0.9714734 -0.01246755 0.2368207 -2.232238 0.01528981 0.9998323 -0.01008433 114.6314 -0.2366552 0.0134176 0.9715011 0.7457277 0 0 0 1
15 1 0.9714734 -0.01246755 0.2368207 -2.764963 0.01528981 0.9998323 -0.01008433 114.6314 -0.2366552 0.0134176 0.9715011 0.7457277 0 0 0 1
16 0 0.9714812 -0.01246854 0.2367886 -2.231999 0.01530724 0.9998313 -0.01015358 114.6313 -0.236622 0.01348859 0.9715081 0.7536182 0 0 0 1
16 1 0.9714812 -0.01246854 0.2367886 -2.764724 0.01530724 0.9998313 -0.01015358 114.6313 -0.236622 0.01348859 0.9715081 0.7536182 0 0 0 1
17 0 0.9714617 -0.01246757 0.2368685 -2.231307 0.01527516 0.9998331 -0.01002139 114.6315 -0.2367041 0.0133536 0.97149 0.7378867 0 0 0 1
17 1 0.9714617 -0.01246757 0.2368685 -2.764032 0.01527516 0.9998331 -0.01002139 114.6315 -0.2367041 0.0133536 0.97149 0.7378867 0 0 0 1
18 0 0.9714633 -0.01242155 0.2368646 -2.225324 0.01525836 0.9998321 -0.01014699 114.6315 -0.2366988 0.0134716 0.9714897 0.7507837 0 0 0 1
18 1 0.9714633 -0.01242155 0.2368646 -2.758049 0.01525836 0.9998321 -0.01014699 114.6315 -0.2366988 0.0134716 0.9714897 0.7507838 0 0 0 1
19 0 0.9714605 -0.01246555 0.2368738 -2.229492 0.01530095 0.9998316 -0.01013546 114.6314 -0.2367076 0.01347059 0.9714876 0.7500575 0 0 0 1
19 1 0.9714605 -0.01246555 0.2368738 -2.762217 0.01530095 0.9998316 -0.01013546 114.6314 -0.2367076 0.01347059 0.9714876 0.7500575 0 0 0 1
20 0 0.9714692 -0.01253453 0.2368343 -2.236945 0.01538034 0.9998299 -0.01017222 114.6312 -0.2366665 0.01352459 0.9714968 0.7554448 0 0 0 1
20 1 0.9714692 -0.01253453 0.2368343 -2.76967 0.01538034 0.9998299 -0.01017222 114.6312 -0.2366665 0.01352459 0.9714968 0.7554448 0 0 0 1
21 0 0.9714529 -0.01249753 0.2369032 -2.232274 0.01534938 0.9998302 -0.01019738 114.6313 -0.2367355 0.01354259 0.9714797 0.7568702 0 0 0 1
21 1 0.9714529 -0.01249753 0.2369032 -2.764999 0.01534938 0.9998302 -0.01019738 114.6313 -0.2367355 0.01354259 0.9714797 0.7568703 0 0 0 1
22 0 0.9714637 -0.01251053 0.2368581 -2.233452 0.01535207 0.9998305 -0.01015615 114.6313 -0.2366909 0.01350259 0.9714912 0.7515435 0 0 0 1
22 1 0.9714637 -0.01251053 0.2368581 -2.766177 0.01535207 0.9998305 -0.01015615 114.6313 -0.2366909 0.01350259 0.9714912 0.7515435 0 0 0 1
23 0 0.9714674 -0.01251453 0.2368428 -2.233541 0.01535887 0.9998304 -0.01016807 114.6313 -0.2366754 0.01351559 0.9714948 0.7524808 0 0 0 1
23 1 0.9714674 -0.01251453 0.2368428 -2.766266 0.01535887 0.9998304 -0.01016807 114.6313 -0.2366754 0.01351559 0.9714948 0.7524808 0 0 0 1
24 0 0.9714577 -0.01257053 0.2368796 -2.239707 0.01540159 0.9998303 -0.01010468 114.6312 -0.2367124 0.01346459 0.9714864 0.7458654 0 0 0 1
24 1 0.9714577 -0.01257053 0.2368796 -2.772432 0.01540159 0.9998303 -0.01010468 114.6313 -0.2367124 0.01346459 0.9714864 0.7458653 0 0 0 1
25 0 0.9714698 -0.01252052 0.2368327 -2.233903 0.01537618 0.9998296 -0.01021442 114.6313 -0.2366645 0.01356458 0.9714968 0.7565074 0 0 0 1
25 1 0.9714698 -0.01252052 0.2368327 -2.766628 0.01537618 0.9998296 -0.01021442 114.6313 -0.2366645 0.01356458 0.9714968 0.7565074 0 0 0 1
26 0 0.9714648 -0.01249954 0.2368541 -2.231372 0.01534016 0.9998308 -0.01015396 114.6314 -0.236687 0.01349759 0.9714922 0.7481179 0 0 0 1
26 1 0.9714648 -0.01249954 0.2368541 -2.764097 0.01534016 0.9998308 -0.01015396 114.6314 -0.236687 0.01349759 0.9714922 0.7481178 0 0 0 1
27 0 0.9714511 -0.01251552 0.2369094 -2.23332 0.01537048 0.9998298 -0.01020759 114.6313 -0.2367413 0.01355759 0.9714781 0.7539322 0 0 0 1
27 1 0.9714511 -0.01251552 0.2369094 -2.766045 0.01537048 0.9998298 -0.01020759 114.6313 -0.2367413 0.01355759 0.9714781 0.7539324 0 0 0 1
28 0 0.9714679 -0.01249653 0.2368417 -2.230929 0.01534398 0.9998304 -0.01018304 114.6314 -0.2366743 0.01352659 0.9714949 0.7497079 0 0 0 1
28 1 0.9714679 -0.01249653 0.2368417 -2.763654 0.01534398 0.9998304 -0.01018304 114.6314 -0.2366743 0.01352659 0.9714949 0.7497078 0 0 0 1
29 0 0.9714519 -0.01256051 0.2369037 -2.237835 0.01542785 0.9998284 -0.01025338 114.6312 -0.2367343 0.01361558 0.9714791 0.7590731 0 0 0 1
29 1 0.9714519 -0.01256051 0.2369037 -2.77056 0.01542785 0.9998284 -0.01025338 114.6312 -0.2367343 0.01361558 0.9714791 0.7590731 0 0 0 1
30 0 0.9714606 -0.01251253 0.2368708 -2.232189 0.0153532 0.9998306 -0.01015159 114.6314 -0.2367036 0.01349859 0.9714881 0.7449563 0 0 0 1
30 1 0.9714606 -0.01251253 0.2368708 -2.764914 0.0153532 0.9998306 -0.01015159 114.6314 -0.2367036 0.01349859 0.9714881 0.7449563 0 0 0 1
31 0 0.9714661 -0.01250352 0.2368486 -2.231406 0.01536859 0.9998293 -0.01025414 114.6314 -0.23668 0.01360158 0.9714925 0.7562572 0 0 0 1
31 1 0.9714661 -0.01250352 0.2368486 -2.764131 0.01536859 0.9998293 -0.01025414 114.6314 -0.23668 0.01360158 0.9714925 0.7562572 0 0 0 1
32 0 0.9714684 -0.01249553 0.2368396 -2.230447 0.01533967 0.9998306 -0.01016971 114.6315 -0.2366724 0.01351259 0.9714956 0.7454584 0 0 0 1
32 1 0.9714684 -0.01249553 0.2368396 -2.763172 0.01533967 0.9998306 -0.01016971 114.6315 -0.2366724 0.01351259 0.9714956 0.7454584 0 0 0 1
33 0 0.9714488 -0.01249553 0.2369199 -2.230573 0.01535305 0.9998299 -0.01021993 114.6314 -0.2367519 0.01356559 0.9714754 0.7507637 0 0 0 1
33 1 0.9714488 -0.01249553 0.2369199 -2.763298 0.01535305 0.9998299 -0.01021993 114.6314 -0.2367519 0.01356559 0.9714754 0.7507638 0 0 0 1
34 0 0.9714665 -0.01247653 0.2368482 -2.228117 0.01533881 0.9998298 -0.01024597 114.6315 -0.23668 0.01358658 0.9714926 0.7525501 0 0 0 1
34 1 0.9714665 -0.01247653 0.2368482 -2.760843 0.01533881 0.9998298 -0.01024597 114.6315 -0.23668 0.01358658 0.9714926 0.75255 0 0 0 1
35 0 0.9714399 -0.01248654 0.236957 -2.229266 0.01533121 0.9998308 -0.0101661 114.6315 -0.23679 0.01350859 0.971467 0.7435535 0 0 0 1
35 1 0.9714399 -0.01248654 0.236957 -2.761991 0.01533121 0.9998308 -0.0101661 114.6315 -0.23679 0.01350859 0.971467 0.7435534 0 0 0 1
36 0 0.9714381 -0.01250853 0.2369632 -2.23181 0.01535596 0.9998303 -0.01017439 114.6315 -0.2367958 0.01352259 0.9714653 0.7450879 0 0 0 1
36 1 0.9714381 -0.01250853 0.2369632 -2.764534 0.01535596 0.9998303 -0.01017439 114.6315 -0.2367958 0.01352259 0.9714653 0.7450878 0 0 0 1
37 0 0.9714332 -0.01252153 0.2369827 -2.233261 0.01536666 0.9998303 -0.01016226 114.6314 -0.2368152 0.01351359 0.9714607 0.7439763 0 0 0 1
37 1 0.9714332 -0.01252153 0.2369827 -2.765986 0.01536666 0.9998303 -0.01016226 114.6314 -0.2368152 0.01351359 0.9714607 0.7439763 0 0 0 1
38 0 0.9714274 -0.01253553 0.2370057 -2.235103 0.01537198 0.9998306 -0.0101236 114.6314 -0.2368387 0.01347759 0.9714555 0.739657 0 0 0 1
38 1 0.9714274 -0.01253553 0.2370057 -2.767828 0.01537198 0.9998306 -0.0101236 114.6314 -0.2368387 0.01347759 0.9714555 0.7396569 0 0 0 1
39 0 0.9714353 -0.01252954 0.2369736 -2.234317 0.01536511 0.9998307 -0.01012262 114.6314 -0.2368066 0.01347459 0.9714634 0.7391585 0 0 0 1
39 1 0.9714353 -0.01252954 0.2369736 -2.767042 0.01536511 0.9998307 -0.01012262 114.6315 -0.2368066 0.01347459 0.9714634 0.7391583 0 0 0 1
40 0 0.9714553 -0.01248253 0.2368942 -2.229285 0.01533329 0.9998305 -0.01019524 114.6315 -0.2367268 0.01353659 0.971482 0.7462818 0 0 0 1
40 1 0.9714553 -0.01248253 0.2368942 -2.76201 0.01533329 0.9998305 -0.01019524 114.6315 -0.2367268 0.01353659 0.971482 0.7462818 0 0 0 1
41 0 0.9714627 -0.01248654 0.2368633 -2.229722 0.01532219 0.9998313 -0.01013454 114.6315 -0.2366968 0.01347459 0.9714901 0.7388604 0 0 0 1
41 1 0.9714627 -0.01248654 0.2368633 -2.762447 0.01532219 0.9998313 -0.01013454 114.6316 -0.2366968 0.01347459 0.9714901 0.7388605 0 0 0 1
42 0 0.9714739 -0.01250253 0.2368168 -2.232176 0.01535522 0.99983 -0.01020533 114.6314 -0.236649 0.01355059 0.9715007 0.7479175 0 0 0 1
42 1 0.9714739 -0.01250253 0.2368168 -2.764901 0.01535522 0.99983 -0.01020533 114.6314 -0.236649 0.01355059 0.9715007 0.7479175 0 0 0 1
43 0 0.9714799 -0.01244953 0.236795 -2.226436 0.01530493 0.9998306 -0.01022405 114.6315 -0.2366276 0.01355658 0.9715058 0.748823 0 0 0 1
43 1 0.9714799 -0.01244953 0.236795 -2.759161 0.01530493 0.9998306 -0.01022405 114.6315 -0.2366276 0.01355658 0.9715058 0.748823 0 0 0 1
44 0 0.9714526 -0.01242654 0.2369081 -2.224548 0.01527573 0.9998313 -0.01019468 114.6316 -0.2367414 0.01352259 0.9714786 0.7454513 0 0 0 1
44 1 0.9714526 -0.01242654 0.2369081 -2.757273 0.01527573 0.9998313 -0.01019468 114.6316 -0.2367414 0.01352259 0.9714786 0.7454513 0 0 0 1
45 0 0.9714771 -0.01241954 0.2368079 -2.224198 0.01526812 0.9998314 -0.01019888 114.6316 -0.2366413 0.01352359 0.971503 0.745676 0 0 0 1
45 1 0.9714771 -0.01241954 0.2368079 -2.756923 0.01526812 0.9998314 -0.01019888 114.6316 -0.2366413 0.01352359 0.971503 0.745676 0 0 0 1
46 0 0.9714873 -0.01244855 0.2367646 -2.227815 0.01527881 0.999832 -0.01012274 114.6316 -0.2365988 0.01345159 0.9715143 0.737291 0 0 0 1
46 1 0.9714873 -0.01244855 0.2367646 -2.76054 0.01527881 0.999832 -0.01012274 114.6316 -0.2365988 0.01345159 0.9715143 0.7372909 0 0 0 1
47 0 0.971502 -0.01241754 0.2367059 -2.224516 0.01526605 0.9998314 -0.01020484 114.6316 -0.2365393 0.01352759 0.9715278 0.7458174 0 0 0 1
47 1 0.971502 -0.01241754 0.2367059 -2.757241 0.01526605 0.9998314 -0.01020484 114.6316 -0.2365393 0.01352759 0.9715278 0.7458174 0 0 0 1
48 0 0.9715077 -0.01239655 0.2366835 -2.222942 0.0152473 0.9998316 -0.01021793 114.6316 -0.2365169 0.01353559 0.9715331 0.7471768 0 0 0 1
48 1 0.9715077 -0.01239655 0.2366835 -2.755667 0.0152473 0.9998316 -0.01021793 114.6317 -0.2365169 0.01353559 0.9715331 0.7471769 0 0 0 1
49 0 0.971497 -0.01241854 0.2367263 -2.226483 0.01526818 0.9998313 -0.01020817 114.6316 -0.2365596 0.01353159 0.9715227 0.7468344 0 0 0 1
49 1 0.971497 -0.01241854 0.2367263 -2.759208 0.01526818 0.9998313 -0.01020817 114.6316 -0.2365596 0.01353159 0.9715227 0.7468344 0 0 0 1
50 0 0.9715072 -0.01239054 0.2366859 -2.22446 0.01525237 0.999831 -0.01026401 114.6316 -0.2365187 0.01358158 0.971532 0.7527837 0 0 0 1
50 1 0.9715072 -0.01239054 0.2366859 -2.757185 0.01525237 0.999831 -0.01026401 114.6316 -0.2365187 0.01358158 0.971532 0.7527837 0 0 0 1
51 0 0.9715024 -0.01239155 0.2367055 -2.225717 0.01523748 0.9998319 -0.01019739 114.6316 -0.2365394 0.01351359 0.9715279 0.7451856 0 0 0 1
51 1 0.9715024 -0.01239155 0.2367055 -2.758442 0.01523748 0.9998319 -0.01019739 114.6316 -0.2365394 0.01351359 0.9715279 0.7451855 0 0 0 1
52 0 0.9715028 -0.01231456 0.2367078 -2.217352 0.01516672 0.9998326 -0.01023209 114.6318 -0.2365422 0.01353059 0.971527 0.7470569 0 0 0 1
52 1 0.9715028 -0.01231456 0.2367078 -2.750077 0.01516672 0.9998326 -0.01023209 114.6318 -0.2365422 0.01353059 0.971527 0.7470568 0 0 0 1
53 0 0.9714821 -0.01232856 0.2367922 -2.219452 0.01517719 0.9998327 -0.01021094 114.6318 -0.2366267 0.01351359 0.9715067 0.7453902 0 0 0 1
53 1 0.9714821 -0.01232856 0.2367922 -2.752177 0.01517719 0.9998327 -0.01021094 114.6318 -0.2366267 0.01351359 0.9715067 0.7453903 0 0 0 1
54 0 0.9714814 -0.01234155 0.2367945 -2.22149 0.01521065 0.9998313 -0.01029333 114.6316 -0.2366275 0.01360158 0.9715052 0.7555717 0 0 0 1
54 1 0.9714814 -0.01234155 0.2367945 -2.754215 0.01521065 0.9998313 -0.01029333 114.6316 -0.2366275 0.01360158 0.9715052 0.7555718 0 0 0 1
55 0 0.9714769 -0.01234456 0.2368127 -2.222824 0.01519035 0.9998326 -0.01019615 114.6317 -0.2366472 0.01350259 0.9715018 0.7446378 0 0 0 1
55 1 0.9714769 -0.01234456 0.2368127 -2.755549 0.01519035 0.9998326 -0.01019615 114.6317 -0.2366472 0.01350259 0.9715018 0.7446377 0 0 0 1
56 0 0.9714899 -0.01234456 0.2367593 -2.223817 0.01519026 0.9998326 -0.01019893 114.6317 -0.2365938 0.01350459 0.9715148 0.745338 0 0 0 1
56 1 0.9714899 -0.01234456 0.2367593 -2.756542 0.01519026 0.9998326 -0.01019893 114.6317 -0.2365938 0.01350459 0.9715148 0.7453381 0 0 0 1
57 0 0.9715029 -0.01234456 0.2367059 -2.224809 0.01519017 0.9998326 -0.01020171 114.6317 -0.2365403 0.01350659 0.9715278 0.746038 0 0 0 1
57 1 0.9715029 -0.01234456 0.2367059 -2.757535 0.01519017 0.9998326 -0.01020171 114.6317 -0.2365403 0.01350659 0.9715278 0.7460381 0 0 0 1
58 0 0.971505 -0.01232356 0.2366984 -2.223055 0.01517891 0.9998323 -0.01024468 114.6316 -0.2365324 0.01354559 0.9715292 0.7512092 0 0 0 1
58 1 0.971505 -0.01232356 0.2366984 -2.75578 0.01517891 0.9998323 -0.01024468 114.6317 -0.2365324 0.01354559 0.9715292 0.7512093 0 0 0 1
59 0 0.9715051 -0.01232356 0.236698 -2.223703 0.01517206 0.9998327 -0.01021651 114.6317 -0.2365325 0.01351659 0.9715295 0.748615 0 0 0 1
59 1 0.9715051 -0.01232356 0.236698 -2.756428 0.01517206 0.9998327 -0.01021651 114.6317 -0.2365325 0.01351659 0.9715295 0.7486148 0 0 0 1
60 0 0.9715105 -0.01231156 0.2366765 -2.223347 0.01515852 0.9998329 -0.01021289 114.6317 -0.2365112 0.01350959 0.9715348 0.7486627 0 0 0 1
60 1 0.9715105 -0.01231156 0.2366765 -2.756072 0.01515852 0.9998329 -0.01021289 114.6317 -0.2365112 0.01350959 0.9715348 0.7486627 0 0 0 1
61 0 0.9715016 -0.01231958 0.2367124 -2.225024 0.0151461 0.999834 -0.0101259 114.6317 -0.2365484 0.0134226 0.971527 0.7393405 0 0 0 1
61 1 0.9715016 -0.01231958 0.2367124 -2.757749 0.0151461 0.999834 -0.0101259 114.6317 -0.2365484 0.0134226 0.971527 0.7393405 0 0 0 1
62 0 0.9715046 -0.01225557 0.2367037 -2.219118 0.01511646 0.9998329 -0.01027526 114.6317 -0.2365382 0.01356059 0.9715276 0.7561461 0 0 0 1
62 1 0.9715046 -0.01225557 0.2367037 -2.751843 0.01511646 0.9998329 -0.01027526 114.6317 -0.2365382 0.01356059 0.9715276 0.7561461 0 0 0 1
63 0 0.9715177 -0.01227458 0.2366487 -2.222197 0.01511827 0.9998336 -0.01020555 114.6317 -0.2364841 0.01349259 0.9715417 0.7490216 0 0 0 1
63 1 0.9715177 -0.01227458 0.2366487 -2.754922 0.01511827 0.9998336 -0.01020555 114.6317 -0.2364841 0.01349259 0.9715417 0.7490217 0 0 0 1
64 0 0.9715214 -0.01216959 0.2366393 -2.211093 0.0150242 0.9998345 -0.01026356 114.6319 -0.2364752 0.01352659 0.9715434 0.7537626 0 0 0 1
64 1 0.9715214 -0.01216959 0.2366393 -2.743818 0.0150242 0.9998345 -0.01026356 114.6319 -0.2364752 0.01352659 0.9715434 0.7537626 0 0 0 1
65 0 0.9715093 -0.01230057 0.236682 -2.226738 0.01514387 0.9998333 -0.01019888 114.6316 -0.2365171 0.01349259 0.9715337 0.7504202 0 0 0 1
65 1 0.9715093 -0.01230057 0.236682 -2.759464 0.01514387 0.9998333 -0.01019888 114.6316 -0.2365171 0.01349259 0.9715337 0.7504204 0 0 0 1
66 0 0.971513 -0.01234055 0.2366646 -2.232229 0.01519625 0.999832 -0.01024605 114.6314 -0.2364984 0.01355059 0.9715374 0.7579952 0 0 0 1
66 1 0.971513 -0.01234055 0.2366646 -2.764954 0.01519625 0.999832 -0.01024605 114.6314 -0.2364984 0.01355059 0.9715374 0.7579953 0 0 0 1
67 0 0.9715296 -0.01225259 0.2366011 -2.223063 0.01508316 0.9998347 -0.01015708 114.6317 -0.2364376 0.0134366 0.9715538 0.745892 0 0 0 1
67 1 0.9715296 -0.01225259 0.2366011 -2.755789 0.01508316 0.9998347 -0.01015708 114.6317 -0.2364376 0.0134366 0.9715538 0.745892 0 0 0 1
68 0 0.9715034 -0.0122246 0.2367102 -2.220612 0.0150467 0.9998356 -0.01011926 114.6318 -0.2365475 0.0133926 0.9715276 0.7418129 0 0 0 1
68 1 0.9715034 -0.0122246 0.2367102 -2.753337 0.0150467 0.9998356 -0.01011926 114.6318 -0.2365475 0.0133926 0.9715276 0.7418129 0 0 0 1
69 0 0.9715022 -0.01225258 0.2367135 -2.224549 0.01509498 0.9998341 -0.01019906 114.6316 -0.2365492 0.01348159 0.971526 0.7527242 0 0 0 1
69 1 0.9715022 -0.01225258 0.2367135 -2.757274 0.01509498 0.9998341 -0.01019906 114.6316 -0.2365492 0.01348159 0.971526 0.7527242 0 0 0 1
70 0 0.9714701 -0.01223359 0.2368464 -2.223006 0.01506136 0.9998352 -0.01013348 114.6317 -0.2366834 0.0134116 0.9714943 0.7455765 0 0 0 1
70 1 0.9714701 -0.01223359 0.2368464 -2.755731 0.01506136 0.9998352 -0.01013348 114.6317 -0.2366834 0.0134116 0.9714943 0.7455766 0 0 0 1
71 0 0.9714709 -0.01222658 0.2368434 -2.222318 0.01507298 0.9998342 -0.01021097 114.6316 -0.2366793 0.01348959 0.9714942 0.7550349 0 0 0 1
71 1 0.9714709 -0.01222658 0.2368434 -2.755043 0.01507298 0.9998342 -0.01021097 114.6316 -0.2366793 0.01348959 0.9714942 0.7550349 0 0 0 1
72 0 0.9714606 -0.01226958 0.2368833 -2.227399 0.01510641 0.9998342 -0.01016422 114.6316 -0.2367193 0.0134526 0.971485 0.7512556 0 0 0 1
72 1 0.9714606 -0.01226958 0.2368833 -2.760124 0.01510641 0.9998342 -0.01016422 114.6316 -0.2367193 0.0134526 0.971485 0.7512558 0 0 0 1
73 0 0.97145 -0.01231257 0.2369249 -2.232093 0.01515737 0.9998332 -0.01018934 114.6314 -0.2367599 0.01348959 0.9714745 0.7558973 0 0 0 1
73 1 0.97145 -0.01231257 0.2369249 -2.764818 0.01515737 0.9998332 -0.01018934 114.6314 -0.2367599 0.01348959 0.9714745 0.7558972 0 0 0 1
74 0 0.9714582 -0.0122386 0.2368949 -2.223813 0.01506175 0.9998354 -0.01011114 114.6317 -0.2367321 0.0133906 0.9714827 0.7455778 0 0 0 1
74 1 0.9714582 -0.0122386 0.2368949 -2.756538 0.01506175 0.9998354 -0.01011114 114.6317 -0.2367321 0.0133906 0.9714827 0.7455778 0 0 0 1
75 0 0.9714431 -0.01229958 0.2369537 -2.231278 0.01513913 0.9998337 -0.01016768 114.6315 -0.2367892 0.01346459 0.9714677 0.7551836 0 0 0 1
75 1 0.9714431 -0.01229958 0.2369537 -2.764003 0.01513913 0.9998337 -0.01016768 114.6315 -0.2367892 0.01346459 0.9714677 0.7551837 0 0 0 1
76 0 0.9714625 -0.01224559 0.2368767 -2.225484 0.0150738 0.9998351 -0.01013211 114.6316 -0.2367136 0.0134136 0.9714869 0.7502245 0 0 0 1
76 1 0.9714625 -0.01224559 0.2368767 -2.758209 0.0150738 0.9998351 -0.01013211 114.6316 -0.2367136 0.0134136 0.9714869 0.7502245 0 0 0 1
77 0 0.9714487 -0.01229359 0.2369312 -2.230647 0.01511461 0.9998348 -0.01009367 114.6315 -0.236768 0.0133866 0.971474 0.7477121 0 0 0 1
77 1 0.9714487 -0.01229359 0.2369312 -2.763372 0.01511461 0.9998348 -0.01009367 114.6315 -0.236768 0.0133866 0.971474 0.7477121 0 0 0 1
78 0 0.9714351 -0.01232158 0.2369853 -2.233478 0.01514946 0.9998341 -0.01011534 114.6314 -0.2368213 0.0134166 0.9714606 0.7513566 0 0 0 1
78 1 0.9714351 -0.01232158 0.2369853 -2.766203 0.01514946 0.9998341 -0.01011534 114.6314 -0.2368213 0.0134166 0.9714606 0.7513566 0 0 0 1
79 0 0.9714502 -0.01228859 0.2369251 -2.229444 0.01510543 0.9998351 -0.01007746 114.6315 -0.2367622 0.0133686 0.9714757 0.7462788 0 0 0 1
79 1 0.9714502 -0.01228859 0.2369251 -2.762168 0.01510543 0.9998351 -0.01007746 114.6315 -0.2367622 0.0133686 0.9714757 0.7462788 0 0 0 1
80 0 0.9714358 -0.01228658 0.2369844 -2.228749 0.01512303 0.9998341 -0.01015474 114.6315 -0.2368203 0.0134486 0.9714604 0.7558552 0 0 0 1
80 1 0.9714358 -0.01228658 0.2369844 -2.761474 0.01512303 0.9998341 -0.01015474 114.6315 -0.2368203 0.0134486 0.9714604 0.7558551 0 0 0 1
81 0 0.9714448 -0.01231359 0.2369459 -2.231743 0.01513182 0.9998347 -0.01007899 114.6315 -0.2367826 0.0133766 0.9714705 0.7480776 0 0 0 1
81 1 0.9714448 -0.01231359 0.2369459 -2.764468 0.01513182 0.9998347 -0.01007899 114.6315 -0.2367826 0.0133766 0.9714705 0.7480778 0 0 0 1
82 0 0.9714159 -0.01230757 0.2370648 -2.231185 0.01515398 0.9998333 -0.01018834 114.6314 -0.2368999 0.01348959 0.9714404 0.7609456 0 0 0 1
82 1 0.9714159 -0.01230757 0.2370648 -2.76391 0.01515398 0.9998333 -0.01018834 114.6314 -0.2368999 0.01348959 0.9714404 0.7609457 0 0 0 1
83 0 0.9714088 -0.01232058 0.2370932 -2.233092 0.01514962 0.9998341 -0.0101139 114.6314 -0.2369292 0.0134166 0.9714343 0.7527848 0 0 0 1
83 1 0.9714088 -0.01232058 0.2370932 -2.765817 0.01514962 0.9998341 -0.0101139 114.6314 -0.2369292 0.0134166 0.9714343 0.7527848 0 0 0 1
84 0 0.9713878 -0.01230558 0.2371799 -2.231652 0.01514543 0.9998337 -0.01015496 114.6314 -0.2370155 0.01345659 0.9714127 0.7576761 0 0 0 1
84 1 0.9713878 -0.01230558 0.2371799 -2.764377 0.01514543 0.9998337 -0.01015496 114.6314 -0.2370155 0.01345659 0.9714127 0.7576762 0 0 0 1
85 0 0.9713944 -0.01232958 0.2371515 -2.234653 0.01515778 0.9998341 -0.010106 114.6314 -0.2369876 0.0134116 0.9714201 0.7528595 0 0 0 1
85 1 0.9713944 -0.01232958 0.2371515 -2.767378 0.01515778 0.9998341 -0.010106 114.6314 -0.2369876 0.0134116 0.9714201 0.7528594 0 0 0 1
86 0 0.9713786 -0.01230958 0.2372176 -2.232382 0.01514568 0.9998339 -0.01013691 114.6314 -0.2370534 0.01343959 0.9714037 0.7565812 0 0 0 1
86 1 0.9713786 -0.01230958 0.2372176 -2.765107 0.01514568 0.9998339 -0.01013691 114.6314 -0.2370534 0.01343959 0.9714037 0.7565813 0 0 0 1
87 0 0.971374 -0.01235258 0.2372338 -2.237345 0.01517102 0.9998343 -0.01005846 114.6313 -0.2370702 0.0133696 0.9714005 0.7485356 0 0 0 1
87 1 0.971374 -0.01235258 0.2372338 -2.77007 0.01517102 0.9998343 -0.01005846 114.6314 -0.2370702 0.0133696 0.9714005 0.7485357 0 0 0 1
88 0 0.9713526 -0.01237957 0.2373199 -2.240112 0.01520596 0.9998335 -0.01008277 114.6313 -0.2371556 0.0134026 0.9713792 0.7522424 0 0 0 1
88 1 0.9713526 -0.01237957 0.2373199 -2.772837 0.01520596 0.9998335 -0.01008277 114.6313 -0.2371556 0.0134026 0.9713792 0.7522423 0 0 0 1
89 0 0.9713489 -0.01235258 0.2373368 -2.236994 0.01517423 0.9998342 -0.01006559 114.6313 -0.2371732 0.0133786 0.9713753 0.7500384 0 0 0 1
89 1 0.9713489 -0.01235258 0.2373368 -2.769719 0.01517423 0.9998342 -0.01006559 114.6313 -0.2371732 0.0133786 0.9713753 0.7500384 0 0 0 1
90 0 0.9713288 -0.01237457 0.237418 -2.239185 0.01520331 0.9998335 -0.01008727 114.6313 -0.2372536 0.0134076 0.9713552 0.7532005 0 0 0 1
90 1 0.9713288 -0.01237457 0.237418 -2.77191 0.01520331 0.9998335 -0.01008727 114.6313 -0.2372536 0.0134076 0.9713552 0.7532004 0 0 0 1
91 0 0.9713307 -0.01236056 0.2374108 -2.237728 0.0152041 0.9998329 -0.01014997 114.6312 -0.2372457 0.0134686 0.9713563 0.7601653 0 0 0 1
91 1 0.9713307 -0.01236056 0.2374108 -2.770453 0.0152041 0.9998329 -0.01014997 114.6313 -0.2372457 0.0134686 0.9713563 0.7601653 0 0 0 1
92 0 0.9713178 -0.01237057 0.2374629 -2.238843 0.01520464 0.9998333 -0.01010695 114.6313 -0.2372983 0.0134276 0.971344 0.7556642 0 0 0 1
92 1 0.9713178 -0.01237057 0.2374629 -2.771568 0.01520464 0.9998333 -0.01010695 114.6313 -0.2372983 0.0134276 0.971344 0.7556642 0 0 0 1
93 0 0.9713294 -0.01230657 0.237419 -2.231199 0.01515008 0.9998336 -0.01015585 114.6314 -0.2372545 0.0134616 0.9713542 0.7595366 0 0 0 1
93 1 0.9713294 -0.01230657 0.237419 -2.763924 0.01515008 0.9998336 -0.01015585 114.6314 -0.2372545 0.0134616 0.9713542 0.7595366 0 0 0 1
94 0 0.9713235 -0.01237558 0.2374392 -2.238825 0.01519857 0.9998339 -0.01006242 114.6313 -0.2372752 0.0133826 0.9713503 0.7505954 0 0 0 1
94 1 0.9713235 -0.01237558 0.2374392 -2.77155 0.01519857 0.9998339 -0.01006242 114.6313 -0.2372752 0.0133826 0.9713503 0.7505953 0 0 0 1
95 0 0.9713085 -0.01237357 0.2375008 -2.238243 0.01520676 0.9998333 -0.01010079 114.6313 -0.2373362 0.0134226 0.9713348 0.755176 0 0 0 1
95 1 0.9713085 -0.01237357 0.2375008 -2.770967 0.01520676 0.9998333 -0.01010079 114.6313 -0.2373362 0.0134226 0.9713348 0.7551761 0 0 0 1
96 0 0.971323 -0.01232858 0.237444 -2.233241 0.01516388 0.9998338 -0.01011818 114.6314 -0.2372798 0.0134286 0.9713485 0.7561336 0 0 0 1
96 1 0.971323 -0.01232858 0.237444 -2.765966 0.01516388 0.9998338 -0.01011818 114.6314 -0.2372798 0.0134286 0.9713485 0.7561334 0 0 0 1
97 0 0.9713226 -0.01235157 0.2374443 -2.234987 0.01518789 0.9998335 -0.01011952 114.6313 -0.2372798 0.0134356 0.9713485 0.7562778 0 0 0 1
97 1 0.9713226 -0.01235157 0.2374443 -2.767712 0.01518789 0.9998335 -0.01011952 114.6313 -0.2372798 0.0134356 0.9713485 0.7562778 0 0 0 1
98 0 0.9713132 -0.01240356 0.23748 -2.240269 0.01524279 0.9998326 -0.01012314 114.6312 -0.2373147 0.0134526 0.9713397 0.7574731 0 0 0 1
98 1 0.9713132 -0.01240356 0.23748 -2.772994 0.01524279 0.9998326 -0.01012314 114.6312 -0.2373147 0.0134526 0.9713397 0.7574732 0 0 0 1
99 0 0.971315 -0.01243955 0.237471 -2.243829 0.01528478 0.9998317 -0.01014388 114.6311 -0.2373049 0.01348259 0.9713417 0.759876 0 0 0 1
99 1 0.971315 -0.01243955 0.237471 -2.776554 0.01528478 0.9998317 -0.01014388 114.6311 -0.2373049 0.01348259 0.9713417 0.7598761 0 0 0 1
100 0 0.9713121 -0.01238456 0.2374856 -2.237346 0.01522226 0.9998329 -0.01011881 114.6313 -0.2373206 0.01344359 0.9713383 0.7550347 0 0 0 1
100 1 0.9713121 -0.01238456 0.2374856 -2.770072 0.01522226 0.9998329 -0.01011881 114.6313 -0.2373206 0.01344359 0.9713383 0.7550348 0 0 0 1
101 0 0.9713176 -0.01238856 0.2374628 -2.237535 0.01523516 0.9998323 -0.01015611 114.6313 -0.2372971 0.01348259 0.9713436 0.7590825 0 0 0 1
101 1 0.9713176 -0.01238856 0.2374628 -2.770261 0.01523516 0.9998323 -0.01015611 114.6313 -0.2372971 0.01348259 0.9713436 0.7590823 0 0 0 1
102 0 0.9712985 -0.01239955 0.2375405 -2.238616 0.01526231 0.9998313 -0.0102164 114.6312 -0.2373737 0.01354859 0.9713239 0.7660652 0 0 0 1
102 1 0.9712985 -0.01239955 0.2375405 -2.771341 0.01526231 0.9998313 -0.0102164 114.6312 -0.2373737 0.01354859 0.9713239 0.7660654 0 0 0 1
103 0 0.9712989 -0.01246254 0.2375354 -2.245328 0.01530897 0.9998314 -0.01014226 114.6311 -0.237369 0.01348759 0.9713259 0.7585601 0 0 0 1
103 1 0.9712989 -0.01246254 0.2375354 -2.778053 0.01530897 0.9998314 -0.01014226 114.6311 -0.237369 0.01348759 0.9713259 0.75856 0 0 0 1
104 0 0.9713017 -0.01242953 0.2375258 -2.241004 0.0153041 0.9998302 -0.01026196 114.6311 -0.2373579 0.01360258 0.971327 0.7709525 0 0 0 1
104 1 0.9713017 -0.01242953 0.2375258 -2.773729 0.0153041 0.9998302 -0.01026196 114.6311 -0.2373579 0.01360258 0.971327 0.7709526 0 0 0 1
105 0 0.9712827 -0.01243753 0.2376032 -2.241588 0.01530557 0.9998305 -0.0102297 114.6311 -0.2374357 0.01357258 0.9713084 0.7671104 0 0 0 1
105 1 0.9712827 -0.01243753 0.2376032 -2.774313 0.01530557 0.9998305 -0.0102297 114.6311 -0.2374357 0.01357258 0.9713084 0.7671103 0 0 0 1
106 0 0.9712893 -0.01243853 0.2375762 -2.241661 0.01530863 0.9998304 -0.0102396 114.6311 -0.2374085 0.01358258 0.9713149 0.7679714 0 0 0 1
106 1 0.9712893 -0.01243853 0.2375762 -2.774385 0.01530863 0.9998304 -0.0102396 114.6311 -0.2374085 0.01358258 0.9713149 0.7679715 0 0 0 1
107 0 0.9713103 -0.01251553 0.237486 -2.24995 0.01536752 0.9998303 -0.01016155 114.631 -0.2373185 0.01351959 0.9713378 0.7598115 0 0 0 1
107 1 0.9713103 -0.01251553 0.237486 -2.782675 0.01536752 0.9998303 -0.01016155 114.631 -0.2373185 0.01351959 0.9713378 0.7598114 0 0 0 1
108 0 0.9712826 -0.01244953 0.2376029 -2.242275 0.01532553 0.9998299 -0.01026086 114.6311 -0.2374347 0.01360758 0.9713082 0.7689227 0 0 0 1
108 1 0.9712826 -0.01244953 0.2376029 -2.775 0.01532553 0.9998299 -0.01026086 114.6311 -0.2374347 0.01360758 0.9713082 0.7689225 0 0 0 1
109 0 0.9712842 -0.01247853 0.2375948 -2.245177 0.01534198 0.9998302 -0.0102065 114.6311 -0.2374271 0.01355858 0.9713107 0.7627584 0 0 0 1
109 1 0.9712842 -0.01247853 0.2375948 -2.777902 0.01534198 0.9998302 -0.0102065 114.6311 -0.2374271 0.01355858 0.9713107 0.7627583 0 0 0 1
110 0 0.9712682 -0.01255452 0.237656 -2.252967 0.01542118 0.999829 -0.01020691 114.6309 -0.2374872 0.01357858 0.9712958 0.7641432 0 0 0 1
110 1 0.9712682 -0.01255452 0.237656 -2.785693 0.01542118 0.999829 -0.01020691 114.6309 -0.2374872 0.01357858 0.9712958 0.7641433 0 0 0 1
111 0 0.9712536 -0.01250253 0.2377184 -2.246734 0.01536801 0.9998298 -0.01020467 114.6311 -0.2375503 0.01356459 0.9712805 0.7620932 0 0 0 1
111 1 0.9712536 -0.01250253 0.2377184 -2.779459 0.01536801 0.9998298 -0.01020467 114.6311 -0.2375503 0.01356459 0.9712805 0.7620933 0 0 0 1
112 0 0.9712472 -0.01247653 0.2377463 -2.242708 0.0153421 0.9998302 -0.01020652 114.6312 -0.2375786 0.01356058 0.9712737 0.7606395 0 0 0 1
112 1 0.9712472 -0.01247653 0.2377463 -2.775434 0.0153421 0.9998302 -0.01020652 114.6312 -0.2375786 0.01356058 0.9712737 0.7606394 0 0 0 1
113 0 0.9712531 -0.01250552 0.2377205 -2.245556 0.01537474 0.9998296 -0.01021947 114.6311 -0.2375522 0.01358058 0.9712799 0.7623605 0 0 0 1
113 1 0.9712531 -0.01250552 0.2377205 -2.778281 0.01537474 0.9998296 -0.01021947 114.6311 -0.2375522 0.01358058 0.9712799 0.7623604 0 0 0 1
114 0 0.9712522 -0.01246054 0.2377264 -2.240116 0.01532137 0.9998307 -0.01019024 114.6312 -0.2375592 0.01353959 0.9712787 0.7569894 0 0 0 1
114 1 0.9712522 -0.01246054 0.2377264 -2.772841 0.01532137 0.9998307 -0.01019024 114.6312 -0.2375592 0.01353959 0.9712787 0.7569894 0 0 0 1
115 0 0.9712356 -0.01247552 0.2377935 -2.241369 0.01535279 0.9998296 -0.01025167 114.6312 -0.2376251 0.01360758 0.9712616 0.7637717 0 0 0 1
115 1 0.9712356 -0.01247552 0.2377935 -2.774094 0.01535279 0.9998296 -0.01025167 114.6312 -0.2376251 0.01360758 0.9712616 0.7637717 0 0 0 1
116 0 0.9712375 -0.01254052 0.2377825 -2.248232 0.01539799 0.9998298 -0.01016354 114.6311 -0.2376146 0.01353259 0.9712653 0.7546625 0 0 0 1
116 1 0.9712375 -0.01254052 0.2377825 -2.780957 0.01539799 0.9998298 -0.01016354 114.6311 -0.2376146 0.01353259 0.9712653 0.7546625 0 0 0 1
117 0 0.971239 -0.01246053 0.2377804 -2.238826 0.01533191 0.9998301 -0.01023019 114.6313 -0.2376125 0.01358158 0.9712651 0.7595016 0 0 0 1
117 1 0.971239 -0.01246053 0.2377804 -2.771551 0.01533191 0.9998301 -0.01023019 114.6313 -0.2376125 0.01358158 0.9712651 0.7595016 0 0 0 1
118 0 0.971238 -0.01244453 0.2377854 -2.236544 0.0153207 0.9998301 -0.01025139 114.6313 -0.2376174 0.01359958 0.9712636 0.7603477 0 0 0 1
118 1 0.971238 -0.01244453 0.2377854 -2.769269 0.0153207 0.9998301 -0.01025139 114.6313 -0.2376174 0.01359958 0.9712636 0.7603477 0 0 0 1
119 0 0.9712475 -0.01242952 0.2377474 -2.233984 0.01532853 0.9998289 -0.01034881 114.6313 -0.2375781 0.01369557 0.9712719 0.7704293 0 0 0 1
119 1 0.9712475 -0.01242952 0.2377474 -2.766709 0.01532853 0.9998289 -0.01034881 114.6313 -0.2375781 0.01369557 0.9712719 0.7704294 0 0 0 1
120 0 0.9712356 -0.01250352 0.2377923 -2.24204 0.01536976 0.9998298 -0.01020327 114.6312 -0.2376242 0.01356458 0.9712625 0.7547067 0 0 0 1
120 1 0.9712356 -0.01250352 0.2377923 -2.774765 0.01536976 0.9998298 -0.01020327 114.6312 -0.2376242 0.01356458 0.9712625 0.7547067 0 0 0 1
121 0 0.9712601 -0.0125375 0.23769 -2.24547 0.01542615 0.999828 -0.01029686 114.6311 -0.23752 0.01366758 0.9712865 0.7653146 0 0 0 1
121 1 0.9712601 -0.0125375 0.23769 -2.778195 0.01542615 0.999828 -0.01029686 114.6311 -0.23752 0.01366758 0.9712865 0.7653146 0 0 0 1
122 0 0.9712692 -0.01246552 0.2376567 -2.236756 0.01534567 0.9998295 -0.01027272 114.6313 -0.2374881 0.01362458 0.9712949 0.759344 0 0 0 1
122 1 0.9712692 -0.01246552 0.2376567 -2.769481 0.01534567 0.9998295 -0.01027272 114.6313 -0.2374881 0.01362458 0.9712949 0.759344 0 0 0 1
123 0 0.9712554 -0.01244351 0.2377145 -2.234023 0.01534058 0.9998289 -0.01034115 114.6313 -0.2375452 0.01369057 0.97128 0.7657803 0 0 0 1
123 1 0.9712554 -0.01244351 0.2377145 -2.766748 0.01534058 0.9998289 -0.01034115 114.6313 -0.2375452 0.01369057 0.97128 0.7657804 0 0 0 1
124 0 0.9712677 -0.01249151 0.2376616 -2.239363 0.01538521 0.9998283 -0.01032476 114.6312 -0.2374918 0.01368457 0.9712932 0.764071 0 0 0 1
124 1 0.9712677 -0.01249151 0.2376616 -2.772088 0.01538521 0.9998283 -0.01032476 114.6312 -0.2374918 0.01368457 0.9712932 0.764071 0 0 0 1
125 0 0.9712731 -0.01248451 0.2376397 -2.238579 0.01537082 0.9998288 -0.01029665 114.6313 -0.2374705 0.01365358 0.9712988 0.7598375 0 0 0 1
125 1 0.9712731 -0.01248451 0.2376397 -2.771304 0.01537082 0.9998288 -0.01029665 114.6313 -0.2374705 0.01365358 0.9712988 0.7598376 0 0 0 1
126 0 0.9712832 -0.01245451 0.2376001 -2.235132 0.01535076 0.9998287 -0.01034326 114.6314 -0.2374305 0.01369357 0.971308 0.7635461 0 0 0 1
126 1 0.9712832 -0.01245451 0.2376001 -2.767857 0.01535076 0.9998287 -0.01034326 114.6314 -0.2374305 0.01369357 0.971308 0.7635461 0 0 0 1
127 0 0.9712844 -0.0125025 0.2375928 -2.240449 0.01539659 0.9998281 -0.01032906 114.6313 -0.2374228 0.01369057 0.9713099 0.7621925 0 0 0 1
127 1 0.9712844 -0.0125025 0.2375928 -2.773174 0.01539659 0.9998281 -0.01032906 114.6313 -0.2374228 0.01369057 0.9713099 0.7621924 0 0 0 1
128 0 0.9712994 -0.0124405 0.2375346 -2.233722 0.01535117 0.999828 -0.01040784 114.6314 -0.2373642 0.01375557 0.9713233 0.7688497 0 0 0 1
128 1 0.9712994 -0.0124405 0.2375346 -2.766447 0.01535117 0.999828 -0.01040784 114.6314 -0.2373642 0.01375557 0.9713233 0.7688497 0 0 0 1
129 0 0.9713009 -0.01242952 0.2375292 -2.232503 0.01531268 0.9998297 -0.01029688 114.6315 -0.2373607 0.01363858 0.9713258 0.7549706 0 0 0 1
129 1 0.9713009 -0.01242952 0.2375292 -2.765229 0.01531268 0.9998297 -0.01029688 114.6315 -0.2373607 0.01363858 0.9713258 0.7549706 0 0 0 1
130 0 0.9712947 -0.0124555 0.2375531 -2.235657 0.01536238 0.999828 -0.01038942 114.6313 -0.2373828 0.01374057 0.971319 0.7661939 0 0 0 1
130 1 0.9712947 -0.0124555 0.2375531 -2.768382 0.01536238 0.999828 -0.01038942 114.6313 -0.2373828 0.01374057 0.971319 0.7661939 0 0 0 1
131 0 0.971299 -0.01245351 0.2375357 -2.235497 0.01534436 0.9998289 -0.01032508 114.6314 -0.2373665 0.01367357 0.971324 0.757979 0 0 0 1
131 1 0.971299 -0.01245351 0.2375357 -2.768222 0.01534436 0.9998289 -0.01032508 114.6314 -0.2373665 0.01367357 0.971324 0.7579789 0 0 0 1
132 0 0.9712996 -0.01242053 0.2375347 -2.231843 0.0153002 0.9998301 -0.01028339 114.6315 -0.2373666 0.01362258 0.9713246 0.7516217 0 0 0 1
132 1 0.9712996 -0.01242053 0.2375347 -2.764567 0.0153002 0.9998301 -0.01028339 114.6315 -0.2373666 0.01362258 0.9713246 0.7516218 0 0 0 1
133 0 0.9713274 -0.01248551 0.2374176 -2.239559 0.01537466 0.9998285 -0.0103213 114.6313 -0.237248 0.01367558 0.9713529 0.7574664 0 0 0 1
133 1 0.9713274 -0.01248551 0.2374176 -2.772285 0.01537466 0.9998285 -0.0103213 114.6313 -0.237248 0.01367558 0.9713529 0.7574664 0 0 0 1
134 0 0.9713364 -0.01242852 0.237384 -2.233386 0.01532131 0.9998291 -0.01034507 114.6315 -0.2372148 0.01368557 0.9713608 0.7586084 0 0 0 1
134 1 0.9713364 -0.01242852 0.237384 -2.766111 0.01532131 0.9998291 -0.01034507 114.6315 -0.2372148 0.01368557 0.9713608 0.7586085 0 0 0 1
135 0 0.971343 -0.0124235 0.2373573 -2.233329 0.01534367 0.9998276 -0.01045937 114.6314 -0.2371864 0.01380156 0.9713661 0.7716718 0 0 0 1
135 1 0.971343 -0.0124235 0.2373573 -2.766054 0.01534367 0.9998276 -0.01045937 114.6314 -0.2371864 0.01380156 0.9713661 0.7716718 0 0 0 1
136 0 0.9713327 -0.01242552 0.2373991 -2.23372 0.01530955 0.9998296 -0.01030863 114.6315 -0.2372306 0.01364758 0.9713575 0.7539364 0 0 0 1
136 1 0.9713327 -0.01242552 0.2373991 -2.766445 0.01530955 0.9998296 -0.01030863 114.6315 -0.2372306 0.01364758 0.9713575 0.7539364 0 0 0 1
137 0 0.9713359 -0.01241851 0.2373863 -2.233299 0.01532111 0.9998287 -0.01038626 114.6314 -0.2372167 0.01372557 0.9713598 0.762612 0 0 0 1
137 1 0.9713359 -0.01241851 0.2373863 -2.766025 0.01532111 0.9998287 -0.01038626 114.6314 -0.2372167 0.01372557 0.9713598 0.762612 0 0 0 1
138 0 0.9713421 -0.01246452 0.2373586 -2.238393 0.01534628 0.9998292 -0.0102971 114.6314 -0.2371897 0.01364458 0.9713675 0.7531255 0 0 0 1
138 1 0.9713421 -0.01246452 0.2373586 -2.771118 0.01534628 0.9998292 -0.0102971 114.6314 -0.2371897 0.01364458 0.9713675 0.7531253 0 0 0 1
139 0 0.9713449 -0.01236352 0.2373526 -2.22696 0.01526448 0.9998295 -0.01038818 114.6316 -0.2371837 0.01371357 0.971368 0.760982 0 0 0 1
139 1 0.9713449 -0.01236352 0.2373526 -2.759686 0.01526448 0.9998295 -0.01038818 114.6316 -0.2371837 0.01371357 0.971368 0.760982 0 0 0 1
140 0 0.9713381 -0.01241252 0.2373779 -2.232705 0.01530286 0.9998295 -0.0103373 114.6315 -0.2372091 0.01367357 0.9713624 0.7560092 0 0 0 1
140 1 0.9713381 -0.01241252 0.2373779 -2.76543 0.01530286 0.9998295 -0.0103373 114.6315 -0.2372091 0.01367357 0.9713624 0.7560093 0 0 0 1
141 0 0.9713503 -0.01244051 0.2373264 -2.235914 0.01534159 0.9998284 -0.01038102 114.6314 -0.2371565 0.01372457 0.9713745 0.7617705 0 0 0 1
141 1 0.9713503 -0.01244051 0.2373264 -2.76864 0.01534159 0.9998284 -0.01038102 114.6314 -0.2371565 0.01372457 0.9713745 0.7617705 0 0 0 1
142 0 0.9713498 -0.01241453 0.2373299 -2.23294 0.01529789 0.9998298 -0.01031135 114.6315 -0.2371615 0.01364658 0.9713744 0.7525759 0 0 0 1
142 1 0.9713498 -0.01241453 0.2373299 -2.765665 0.01529789 0.9998298 -0.01031135 114.6315 -0.2371615 0.01364658 0.9713744 0.752576 0 0 0 1
143 0 0.9713773 -0.01232853 0.2372217 -2.22335 0.01522056 0.9998304 -0.01036356 114.6317 -0.2370537 0.01367757 0.9714003 0.75594 0 0 0 1
143 1 0.9713773 -0.01232853 0.2372217 -2.756075 0.01522056 0.9998304 -0.01036356 114.6317 -0.2370537 0.01367757 0.9714003 0.75594 0 0 0 1
144 0 0.9713764 -0.01234653 0.2372246 -2.225428 0.0152357 0.9998304 -0.01034953 114.6317 -0.2370566 0.01366757 0.9713997 0.7545164 0 0 0 1
144 1 0.9713764 -0.01234653 0.2372246 -2.758153 0.0152357 0.9998304 -0.01034953 114.6317 -0.2370566 0.01366757 0.9713997 0.7545164 0 0 0 1
145 0 0.9713819 -0.01241652 0.2371984 -2.23354 0.01530791 0.9998292 -0.01035181 114.6315 -0.2370294 0.01368657 0.9714061 0.7562979 0 0 0 1
145 1 0.9713819 -0.01241652 0.2371984 -2.766265 0.01530791 0.9998292 -0.01035181 114.6315 -0.2370294 0.01368657 0.9714061 0.756298 0 0 0 1
146 0 0.9713804 -0.01232453 0.2372092 -2.222949 0.01522057 0.9998302 -0.01038122 114.6317 -0.237041 0.01369457 0.9714031 0.7570321 0 0 0 1
146 1 0.9713804 -0.01232453 0.2372092 -2.755674 0.01522057 0.9998302 -0.01038122 114.6317 -0.237041 0.01369457 0.9714031 0.7570323 0 0 0 1
147 0 0.9713879 -0.01239754 0.2371746 -2.230879 0.0152641 0.9998309 -0.01025371 114.6316 -0.2370073 0.01358058 0.971413 0.7436325 0 0 0 1
147 1 0.9713879 -0.01239754 0.2371746 -2.763604 0.0152641 0.9998309 -0.01025371 114.6316 -0.2370073 0.01358058 0.971413 0.7436326 0 0 0 1
148 0 0.971377 -0.0125115 0.2372133 -2.243534 0.01540698 0.9998277 -0.01035626 114.6313 -0.2370429 0.01371457 0.9714024 0.7587888 0 0 0 1
148 1 0.971377 -0.0125115 0.2372133 -2.776258 0.01540698 0.9998277 -0.01035626 114.6313 -0.2370429 0.01371457 0.9714024 0.7587889 0 0 0 1
149 0 0.9713948 -0.0124665 0.237143 -2.238403 0.01536275 0.9998282 -0.01036901 114.6314 -0.236973 0.01371557 0.9714194 0.7584327 0 0 0 1
149 1 0.9713948 -0.0124665 0.237143 -2.771128 0.01536275 0.9998282 -0.01036901 114.6314 -0.236973 0.01371557 0.9714194 0.7584326 0 0 0 1
150 0 0.9713835 -0.01234453 0.2371954 -2.224359 0.01523203 0.9998305 -0.01034463 114.6317 -0.2370275 0.01366157 0.9714069 0.7519704 0 0 0 1
150 1 0.9713835 -0.01234453 0.2371954 -2.757084 0.01523203 0.9998305 -0.01034463 114.6317 -0.2370275 0.01366157 0.9714069 0.7519704 0 0 0 1
151 0 0.9713782 -0.01239953 0.2372144 -2.230447 0.01528447 0.9998299 -0.01032644 114.6316 -0.237046 0.01365658 0.9714024 0.7505561 0 0 0 1
151 1 0.9713782 -0.01239953 0.2372144 -2.763172 0.01528447 0.9998299 -0.01032644 114.6316 -0.237046 0.01365658 0.9714024 0.7505561 0 0 0 1
152 0 0.9713938 -0.01247151 0.2371467 -2.2388 0.01536315 0.9998284 -0.01034931 114.6314 -0.2369769 0.01369657 0.9714187 0.7547682 0 0 0 1
152 1 0.9713938 -0.01247151 0.2371467 -2.771525 0.01536315 0.9998284 -0.01034931 114.6314 -0.2369769 0.01369657 0.9714187 0.7547681 0 0 0 1
153 0 0.9713804 -0.01241453 0.2372044 -2.232271 0.01529016 0.9998302 -0.0102871 114.6316 -0.2370365 0.01361958 0.9714053 0.7457761 0 0 0 1
153 1 0.9713804 -0.01241453 0.2372044 -2.764996 0.01529016 0.9998302 -0.0102871 114.6316 -0.2370365 0.01361958 0.9714053 0.7457762 0 0 0 1
154 0 0.9713614 -0.01236054 0.2372851 -2.225842 0.01523359 0.9998311 -0.01027823 114.6317 -0.237118 0.01359858 0.9713857 0.7427452 0 0 0 1
154 1 0.9713614 -0.01236054 0.2372851 -2.758566 0.01523359 0.9998311 -0.01027823 114.6317 -0.237118 0.01359858 0.9713857 0.7427451 0 0 0 1
155 0 0.9713848 -0.01241951 0.2371861 -2.232091 0.01531804 0.9998288 -0.01038141 114.6315 -0.2370166 0.01371757 0.9714088 0.7558033 0 0 0 1
155 1 0.9713848 -0.01241951 0.2371861 -2.764816 0.01531804 0.9998288 -0.01038141 114.6315 -0.2370166 0.01371757 0.9714088 0.7558033 0 0 0 1
156 0 0.9713703 -0.01243152 0.2372452 -2.232916 0.0153218 0.9998291 -0.01034266 114.6316 -0.2370761 0.01368157 0.9713948 0.7514271 0 0 0 1
156 1 0.9713703 -0.01243152 0.2372452 -2.765641 0.0153218 0.9998291 -0.01034266 114.6315 -0.2370761 0.01368157 0.9713948 0.7514271 0 0 0 1
157 0 0.9714214 -0.01241152 0.237037 -2.229737 0.01530015 0.9998294 -0.01035068 114.6316 -0.2368681 0.01368157 0.9714455 0.751219 0 0 0 1
157 1 0.9714214 -0.01241152 0.237037 -2.762462 0.01530015 0.9998294 -0.01035068 114.6316 -0.2368681 0.01368157 0.9714455 0.751219 0 0 0 1
158 0 0.9713947 -0.01243852 0.2371446 -2.231994 0.01531687 0.9998296 -0.01029887 114.6316 -0.2369761 0.01363658 0.9714198 0.7456718 0 0 0 1
158 1 0.9713947 -0.01243852 0.2371446 -2.764719 0.01531687 0.9998296 -0.01029887 114.6316 -0.2369761 0.01363658 0.9714198 0.7456719 0 0 0 1
159 0 0.971391 -0.01235153 0.2371646 -2.221251 0.01524205 0.9998302 -0.01035803 114.6318 -0.2369964 0.01367657 0.9714143 0.7505575 0 0 0 1
159 1 0.971391 -0.01235153 0.2371646 -2.753976 0.01524205 0.9998302 -0.01035803 114.6318 -0.2369964 0.01367657 0.9714143 0.7505575 0 0 0 1
160 0 0.9714039 -0.01240155 0.237109 -2.226591 0.01525593 0.9998315 -0.01020716 114.6318 -0.2369424 0.01353259 0.9714295 0.7344623 0 0 0 1
160 1 0.9714039 -0.01240155 0.237109 -2.759316 0.01525593 0.9998315 -0.01020716 114.6318 -0.2369424 0.01353259 0.9714295 0.7344624 0 0 0 1
161 0 0.971409 -0.01230856 0.2370929 -2.215656 0.01517324 0.9998322 -0.0102615 114.632 -0.2369268 0.01356559 0.9714328 0.7385913 0 0 0 1
161 1 0.971409 -0.01230856 0.2370929 -2.748381 0.01517324 0.9998322 -0.0102615 114.6319 -0.2369268 0.01356559 0.9714328 0.738591 0 0 0 1
162 0 0.9714105 -0.01241553 0.2370813 -2.227524 0.01529457 0.9998299 -0.01030823 114.6317 -0.236913 0.01363958 0.9714351 0.7470701 0 0 0 1
162 1 0.9714105 -0.01241553 0.2370813 -2.760249 0.01529457 0.9998299 -0.01030823 114.6317 -0.236913 0.01363958 0.9714351 0.7470702 0 0 0 1
163 0 0.9714044 -0.01243354 0.2371051 -2.229132 0.01528223 0.9998314 -0.0101802 114.6317 -0.2369386 0.01351259 0.9714307 0.7333439 0 0 0 1
163 1 0.9714044 -0.01243354 0.2371051 -2.761857 0.01528223 0.9998314 -0.0101802 114.6317 -0.2369386 0.01351259 0.9714307 0.733344 0 0 0 1
164 0 0.971418 -0.01237655 0.2370524 -2.222687 0.01522939 0.9998319 -0.01020717 114.6318 -0.2368862 0.01352559 0.9714432 0.7348058 0 0 0 1
164 1 0.971418 -0.01237655 0.2370524 -2.755412 0.01522939 0.9998319 -0.01020717 114.6318 -0.2368862 0.01352559 0.9714432 0.7348058 0 0 0 1
165 0 0.9714229 -0.01238255 0.2370322 -2.223542 0.01523998 0.9998316 -0.01022646 114.6318 -0.2368657 0.01354659 0.9714479 0.7375686 0 0 0 1
165 1 0.9714229 -0.01238255 0.2370322 -2.756268 0.01523998 0.9998316 -0.01022646 114.6318 -0.2368657 0.01354659 0.9714479 0.7375687 0 0 0 1
166 0 0.9714218 -0.01238655 0.2370363 -2.223705 0.01524698 0.9998313 -0.01023808 114.6318 -0.2368695 0.01355958 0.9714469 0.7391999 0 0 0 1
166 1 0.9714218 -0.01238655 0.2370363 -2.75643 0.01524698 0.9998313 -0.01023808 114.6318 -0.2368695 0.01355958 0.9714469 0.7391998 0 0 0 1
167 0 0.971428 -0.01237456 0.2370118 -2.22225 0.01521353 0.9998327 -0.0101529 114.6319 -0.2368465 0.01346859 0.9714537 0.7290387 0 0 0 1
167 1 0.971428 -0.01237456 0.2370118 -2.754975 0.01521353 0.9998327 -0.0101529 114.6319 -0.2368465 0.01346859 0.9714537 0.7290386 0 0 0 1
168 0 0.9714255 -0.01234655 0.2370232 -2.219245 0.01520799 0.9998319 -0.01024776 114.6318 -0.2368568 0.01355959 0.9714499 0.7396913 0 0 0 1
168 1 0.9714255 -0.01234655 0.2370232 -2.75197 0.01520799 0.9998319 -0.01024776 114.6319 -0.2368568 0.01355959 0.9714499 0.7396914 0 0 0 1
169 0 0.9714284 -0.01233556 0.2370122 -2.218162 0.0151908 0.9998323 -0.01022431 114.6319 -0.2368463 0.01353259 0.9714529 0.7366995 0 0 0 1
169 1 0.9714284 -0.01233556 0.2370122 -2.750887 0.0151908 0.9998323 -0.01022431 114.6319 -0.2368463 0.01353259 0.9714529 0.7366996 0 0 0 1
170 0 0.9714209 -0.01233856 0.2370424 -2.218849 0.01519593 0.9998322 -0.0102309 114.6319 -0.2368764 0.01354059 0.9714454 0.7385291 0 0 0 1
170 1 0.9714209 -0.01233856 0.2370424 -2.751574 0.01519593 0.9998322 -0.0102309 114.6319 -0.2368764 0.01354059 0.9714454 0.7385292 0 0 0 1
171 0 0.9714295 -0.01235355 0.2370067 -2.220667 0.01521154 0.9998319 -0.01023373 114.6318 -0.2368404 0.01354659 0.9714541 0.7394908 0 0 0 1
171 1 0.9714295 -0.01235355 0.2370067 -2.753392 0.01521154 0.9998319 -0.01023373 114.6318 -0.2368404 0.01354659 0.9714541 0.7394908 0 0 0 1
172 0 0.9714186 -0.01228656 0.2370547 -2.213249 0.01515028 0.9998326 -0.01026245 114.632 -0.2368889 0.01356058 0.9714421 0.7414479 0 0 0 1
172 1 0.9714186 -0.01228656 0.2370547 -2.745974 0.01515028 0.9998326 -0.01026245 114.632 -0.2368889 0.01356058 0.9714421 0.7414479 0 0 0 1
173 0 0.9714375 -0.01232956 0.2369753 -2.218281 0.01518837 0.9998322 -0.01024185 114.6319 -0.2368093 0.01354859 0.9714617 0.7397793 0 0 0 1
173 1 0.9714375 -0.01232956 0.2369753 -2.751006 0.01518837 0.9998322 -0.01024185 114.6319 -0.2368093 0.01354859 0.9714617 0.7397794 0 0 0 1
174 0 0.9714269 -0.01231657 0.237019 -2.216554 0.01515963 0.9998333 -0.01017624 114.6319 -0.2368542 0.01347859 0.9714517 0.7337633 0 0 0 1
174 1 0.9714269 -0.01231657 0.237019 -2.749279 0.01515963 0.9998333 -0.01017624 114.6319 -0.2368542 0.01347859 0.9714517 0.7337635 0 0 0 1
175 0 0.9714553 -0.01225158 0.236906 -2.209173 0.01509934 0.9998339 -0.0102099 114.632 -0.2367415 0.01349559 0.9714789 0.7369993 0 0 0 1
175 1 0.9714553 -0.01225158 0.236906 -2.741898 0.01509934 0.9998339 -0.0102099 114.632 -0.2367415 0.01349559 0.9714789 0.7369994 0 0 0 1
176 0 0.9714566 -0.01227558 0.2368996 -2.211746 0.01510626 0.9998345 -0.01013728 114.632 -0.2367359 0.0134266 0.9714813 0.730885 0 0 0 1
176 1 0.9714566 -0.01227558 0.2368996 -2.744471 0.01510626 0.9998345 -0.01013728 114.632 -0.2367359 0.0134266 0.9714813 0.7308849 0 0 0 1
177 0 0.9714612 -0.01234257 0.2368772 -2.218992 0.01517891 0.9998332 -0.01015383 114.6318 -0.2367124 0.01345959 0.9714865 0.735453 0 0 0 1
177 1 0.9714612 -0.01234257 0.2368772 -2.751717 0.01517891 0.9998332 -0.01015383 114.6318 -0.2367124 0.01345959 0.9714865 0.735453 0 0 0 1
178 0 0.9714687 -0.01234966 0.2368461 -2.221437 0.01504701 0.9998409 -0.009584273 114.6322 -0.23669 0.01287465 0.9714999 0.6673586 0 0 0 1
178 1 0.9714687 -0.01234966 0.2368461 -2.754162 0.01504701 0.9998409 -0.009584273 114.6322 -0.23669 0.01287465 0.9714999 0.6673588 0 0 0 1
179 0 0.9714739 -0.01218581 0.2368333 -2.207242 0.01470235 0.9998527 -0.008862514 114.6331 -0.2366904 0.01209171 0.9715099 0.5710909 0 0 0 1
179 1 0.9714739 -0.01218581 0.2368333 -2.739967 0.01470235 0.9998527 -0.008862514 114.6331 -0.2366904 0.01209171 0.9715099 0.5710911 0 0 0 1
180 0 0.9714741 -0.01225083 0.2368291 -2.221455 0.01470963 0.9998547 -0.008617889 114.6331 -0.2366891 0.01185572 0.9715131 0.5324134 0 0 0 1
180 1 0.9714741 -0.01225083 0.2368291 -2.754179 0.01470963 0.9998547 -0.008617889 114.6331 -0.2366891 0.01185572 0.9715131 0.5324134 0 0 0 1
181 0 0.9714487 -0.01197385 0.2369473 -2.200584 0.01448397 0.9998559 -0.00885561 114.6337 -0.2368071 0.01203471 0.9714822 0.5372693 0 0 0 1
181 1 0.9714487 -0.01197385 0.2369473 -2.733309 0.01448397 0.9998559 -0.00885561 114.6337 -0.2368071 0.01203471 0.9714822 0.5372693 0 0 0 1
182 0 0.9714751 -0.01147191 0.2368639 -2.157234 0.0140119 0.9998609 -0.009042735 114.6349 -0.2367272 0.0121037 0.9715008 0.5230675 0 0 0 1
182 1 0.9714751 -0.01147191 0.2368639 -2.689959 0.0140119 0.9998609 -0.009042735 114.6349 -0.2367272 0.0121037 0.9715008 0.5230675 0 0 0 1
183 0 0.9714644 -0.01123996 0.2369189 -2.145567 0.0137596 0.999865 -0.008984174 114.6355 -0.2367859 0.01198771 0.9714879 0.4859955 0 0 0 1
183 1 0.9714644 -0.01123996 0.2369189 -2.678292 0.0137596 0.999865 -0.008984174 114.6355 -0.2367859 0.01198771 0.9714879 0.4859955 0 0 0 1
184 0 0.9714563 -0.01094803 0.2369659 -2.130582 0.01341674 0.9998712 -0.00880783 114.6364 -0.236839 0.01173573 0.971478 0.4269481 0 0 0 1
184 1 0.9714563 -0.01094803 0.2369659 -2.663307 0.01341674 0.9998712 -0.00880783 114.6364 -0.236839 0.01173573 0.971478 0.4269482 0 0 0 1
185 0 0.9714969 -0.01080111 0.2368061 -2.13265 0.0131568 0.9998784 -0.008369714 114.6371 -0.2366869 0.01124676 0.9715209 0.3399874 0 0 0 1
185 1 0.9714969 -0.01080111 0.2368061 -2.665375 0.0131568 0.9998784 -0.008369714 114.6371 -0.2366869 0.01124676 0.9715209 0.3399873 0 0 0 1
186 0 0.9715176 -0.01120817 0.2367024 -2.200292 0.01333538 0.9998838 -0.007387721 114.6366 -0.2365921 0.01033382 0.9715541 0.1988529 0 0 0 1
186 1 0.9715176 -0.01120817 0.2367024 -2.733016 0.01333538 0.9998838 -0.007387721 114.6366 -0.2365921 0.01033382 0.9715541 0.198853 0 0 0 1
187 0 0.9715278 -0.0117863 0.2366322 -2.293558 0.01346628 0.9998943 -0.005484497 114.6356 -0.2365426 0.008514896 0.9715838 -0.05792484 0 0 0 1
187 1 0.9715278 -0.0117863 0.2366322 -2.826283 0.01346628 0.9998943 -0.005484497 114.6356 -0.2365426 0.008514896 0.9715838 -0.05792484 0 0 0 1
188 0 0.9716392 -0.01246742 0.2361397 -2.402075 0.0136369 0.9999015 -0.003319897 114.6336 -0.2360751 0.006445955 0.9717134 -0.3501184 0 0 0 1
188 1 0.9716392 -0.01246742 0.2361397 -2.9348 0.0136369 0.9999015 -0.003319897 114.6336 -0.2360751 0.006445955 0.9717134 -0.3501183 0 0 0 1
189 0 0.9718121 -0.01280051 0.2354089 -2.477971 0.01355235 0.9999069 -0.001576065 114.6319 -0.2353669 0.004721984 0.9718952 -0.6144524 0 0 0 1
189 1 0.9718121 -0.01280051 0.2354089 -3.010696 0.01355235 0.9999069 -0.001576065 114.6319 -0.2353669 0.004721984 0.9718952 -0.6144524 0 0 0 1
190 0 0.9720969 -0.01287455 0.234226 -2.537799 0.01341606 0.9999098 -0.0007186522 114.6308 -0.2341956 0.00384099 0.9721819 -0.8054817 0 0 0 1
190 1 0.9720969 -0.01287455 0.234226 -3.070524 0.01341606 0.9999098 -0.0007186522 114.6308 -0.2341956 0.00384099 0.9721819 -0.8054818 0 0 0 1
191 0 0.9723803 -0.01291955 0.2330444 -2.598005 0.01343331 0.9999096 -0.0006174899 114.6302 -0.2330153 0.003730992 0.9724659 -0.9157231 0 0 0 1
191 1 0.9723803 -0.01291955 0.2330444 -3.13073 0.01343331 0.9999096 -0.0006174899 114.6302 -0.2330153 0.003730992 0.9724659 -0.9157231 0 0 0 1
192 0 0.9727491 -0.01314352 0.2314875 -2.686786 0.01368885 0.999906 -0.000749621 114.6294 -0.2314559 0.00389799 0.9728376 -1.010509 0 0 0 1
192 1 0.9727491 -0.01314352 0.2314875 -3.219512 0.01368885 0.999906 -0.000749621 114.6294 -0.2314559 0.00389799 0.9728376 -1.010509 0 0 0 1
193 0 0.973219 -0.01316156 0.229503 -2.768024 0.01351827 0.9999086 1.796789E-05 114.6279 -0.2294823 0.003084995 0.973308 -1.245789 0 0 0 1
193 1 0.973219 -0.01316156 0.229503 -3.300749 0.01351827 0.9999086 1.796789E-05 114.6279 -0.2294823 0.003084995 0.973308 -1.245789 0 0 0 1
194 0 0.9736912 -0.01298761 0.2275013 -2.829725 0.01306314 0.999914 0.001173762 114.6259 -0.227497 0.001828999 0.9737771 -1.53581 0 0 0 1
194 1 0.9736912 -0.01298761 0.2275013 -3.36245 0.01306314 0.999914 0.001173762 114.6259 -0.227497 0.001828999 0.9737771 -1.535811 0 0 0 1
195 0 0.9743047 -0.01230168 0.2248977 -2.851348 0.0122004 0.9999239 0.001840125 114.6254 -0.2249032 0.0009509998 0.9743807 -1.815401 0 0 0 1
195 1 0.9743047 -0.01230168 0.2248977 -3.384073 0.0122004 0.9999239 0.001840125 114.6254 -0.2249032 0.0009509998 0.9743807 -1.815401 0 0 0 1
196 0 0.9748963 -0.01179673 0.2223468 -2.894334 0.01146091 0.9999304 0.002800602 114.6235 -0.2223643 -0.000182 0.9749636 -2.125842 0 0 0 1
196 1 0.9748963 -0.01179673 0.2223468 -3.427059 0.01146091 0.9999304 0.002800602 114.6235 -0.2223643 -0.000182 0.9749636 -2.125842 0 0 0 1
197 0 0.9755059 -0.01189171 0.2196513 -3.014314 0.01127281 0.9999282 0.004070798 114.6187 -0.2196839 -0.001495 0.97557 -2.476712 0 0 0 1
197 1 0.9755059 -0.01189171 0.2196513 -3.547039 0.01127281 0.9999282 0.004070798 114.6187 -0.2196839 -0.001495 0.97557 -2.476712 0 0 0 1
198 0 0.9762556 -0.01254559 0.2162583 -3.220431 0.01145739 0.9999146 0.00628498 114.6085 -0.2163187 -0.003657992 0.976316 -2.967137 0 0 0 1
198 1 0.9762556 -0.01254559 0.2162583 -3.753156 0.01145739 0.9999146 0.00628498 114.6085 -0.2163187 -0.003657992 0.976316 -2.967137 0 0 0 1
199 0 0.9769551 -0.01264853 0.2130699 -3.363581 0.01137315 0.9999093 0.007210422 114.6025 -0.2131417 -0.004620983 0.9770104 -3.321022 0 0 0 1
199 1 0.9769551 -0.01264853 0.2130699 -3.896306 0.01137315 0.9999093 0.007210422 114.6025 -0.2131417 -0.004620983 0.9770104 -3.321022 0 0 0 1
200 0 0.9776959 -0.01237353 0.2096608 -3.474484 0.01106015 0.9999112 0.007435706 114.5993 -0.2097342 -0.00495098 0.9777459 -3.623586 0 0 0 1
200 1 0.9776959 -0.01237353 0.2096608 -4.007209 0.01106015 0.9999112 0.007435706 114.5993 -0.2097342 -0.00495098 0.9777459 -3.623586 0 0 0 1
201 0 0.978521 -0.01118662 0.2058431 -3.509936 0.009908084 0.9999247 0.007241019 114.5994 -0.2059086 -0.005045979 0.9785582 -3.949005 0 0 0 1
201 1 0.978521 -0.01118662 0.2058431 -4.042661 0.009908084 0.9999247 0.007241019 114.5994 -0.2059086 -0.005045979 0.9785582 -3.949005 0 0 0 1
202 0 0.979211 -0.01096972 0.2025476 -3.65014 0.01010376 0.9999349 0.005308853 114.6047 -0.2025926 -0.003151995 0.9792581 -4.041144 0 0 0 1
202 1 0.979211 -0.01096972 0.2025476 -4.182865 0.01010376 0.9999349 0.005308853 114.6047 -0.2025926 -0.003151995 0.9792581 -4.041144 0 0 0 1
203 0 0.9798681 -0.01151273 0.1993138 -3.906455 0.01094201 0.9999323 0.003964711 114.6056 -0.199346 -0.001703999 0.9799277 -4.238954 0 0 0 1
203 1 0.9798681 -0.01151273 0.1993138 -4.439179 0.01094201 0.9999323 0.003964711 114.6056 -0.199346 -0.001703999 0.9799277 -4.238954 0 0 0 1
204 0 0.9803364 -0.0106678 0.1970448 -3.998267 0.01031713 0.9999428 0.002806115 114.6107 -0.1970635 -0.0007179999 0.9803905 -4.471536 0 0 0 1
204 1 0.9803364 -0.0106678 0.1970448 -4.530992 0.01031713 0.9999428 0.002806115 114.6107 -0.1970635 -0.0007179999 0.9803905 -4.471536 0 0 0 1
205 0 0.9806442 -0.008423892 0.1956172 -3.942696 0.008542246 0.9999635 0.0002386299 114.6276 -0.1956121 0.001437 0.9806803 -4.580668 0 0 0 1
205 1 0.9806442 -0.008423892 0.1956172 -4.475421 0.008542246 0.9999635 0.0002386299 114.6276 -0.1956121 0.001437 0.9806803 -4.580669 0 0 0 1
206 0 0.9807856 -0.006763919 0.1949713 -3.982338 0.007208684 0.9999728 -0.001571709 114.6404 -0.1949553 0.002946996 0.9808077 -4.808202 0 0 0 1
206 1 0.9807856 -0.006763919 0.1949713 -4.515063 0.007208684 0.9999728 -0.001571709 114.6404 -0.1949553 0.002946996 0.9808077 -4.808203 0 0 0 1
207 0 0.980695 -0.005978923 0.1954523 -4.109797 0.006595556 0.9999751 -0.002504219 114.6473 -0.1954324 0.003744991 0.98071 -5.08816 0 0 0 1
207 1 0.980695 -0.005978923 0.1954523 -4.642522 0.006595556 0.9999751 -0.002504219 114.6473 -0.1954324 0.003744991 0.98071 -5.08816 0 0 0 1
208 0 0.9803877 -0.005845904 0.1969917 -4.321736 0.006648903 0.999972 -0.003415184 114.6529 -0.1969662 0.004657984 0.9803992 -5.360526 0 0 0 1
208 1 0.9803877 -0.005845904 0.1969917 -4.854461 0.006648903 0.999972 -0.003415184 114.6529 -0.1969662 0.004657984 0.9803992 -5.360525 0 0 0 1
209 0 0.9798521 -0.005102911 0.1996594 -4.49863 0.006021976 0.9999739 -0.003996148 114.6594 -0.1996338 0.005117978 0.9798572 -5.727922 0 0 0 1
209 1 0.9798521 -0.005102911 0.1996594 -5.031354 0.006021976 0.9999739 -0.003996148 114.6594 -0.1996338 0.005117978 0.9798572 -5.727922 0 0 0 1
210 0 0.9790227 -0.003836941 0.2037149 -4.608232 0.004799665 0.9999796 -0.00423199 114.666 -0.2036945 0.005120978 0.9790211 -6.111335 0 0 0 1
210 1 0.9790227 -0.003836941 0.2037149 -5.140957 0.004799665 0.9999796 -0.00423199 114.666 -0.2036945 0.005120978 0.9790211 -6.111335 0 0 0 1
211 0 0.9778556 -0.00258896 0.2092647 -4.736091 0.003652216 0.9999823 -0.004694655 114.6744 -0.2092489 0.005354974 0.9778478 -6.469877 0 0 0 1
211 1 0.9778556 -0.00258896 0.2092647 -5.268816 0.003652216 0.9999823 -0.004694655 114.6744 -0.2092489 0.005354974 0.9778478 -6.469877 0 0 0 1
212 0 0.9761032 -0.0004949915 0.217307 -4.816918 0.00174744 0.999983 -0.005571375 114.6894 -0.2173005 0.005817967 0.9760874 -6.841315 0 0 0 1
212 1 0.9761032 -0.0004949915 0.217307 -5.349643 0.00174744 0.999983 -0.005571375 114.6894 -0.2173005 0.005817967 0.9760874 -6.841315 0 0 0 1
213 0 0.9737939 0.001645977 0.2274262 -4.893041 -0.0004149774 0.999985 -0.00546045 114.6978 -0.2274318 0.005222976 0.97378 -7.288684 0 0 0 1
213 1 0.9737939 0.001645977 0.2274262 -5.425766 -0.0004149774 0.999985 -0.00546045 114.6978 -0.2274318 0.005222976 0.97378 -7.288684 0 0 0 1
214 0 0.9704529 0.004850937 0.2412417 -4.91167 -0.003682321 0.9999792 -0.005294762 114.7094 -0.2412624 0.004249988 0.9704506 -7.811706 0 0 0 1
214 1 0.9704529 0.004850937 0.2412417 -5.444395 -0.003682321 0.9999792 -0.005294762 114.7094 -0.2412624 0.004249988 0.9704506 -7.811705 0 0 0 1
215 0 0.9666126 0.007834841 0.2561224 -4.951699 -0.00642976 0.9999593 -0.006322896 114.7299 -0.2561615 0.004464986 0.9666237 -8.154283 0 0 0 1
215 1 0.9666126 0.007834841 0.2561224 -5.484424 -0.00642976 0.9999593 -0.006322896 114.7299 -0.2561615 0.004464986 0.9666237 -8.154283 0 0 0 1
216 0 0.9618573 0.008952718 0.273405 -5.236526 -0.006958843 0.9999416 -0.008261668 114.7539 -0.273463 0.006043963 0.9618635 -8.332612 0 0 0 1
216 1 0.9618573 0.008952718 0.273405 -5.769252 -0.006958843 0.9999416 -0.008261668 114.7539 -0.273463 0.006043963 0.9618635 -8.332613 0 0 0 1
217 0 0.9560205 0.009391611 0.2931496 -5.631064 -0.006832703 0.9999291 -0.009751821 114.7735 -0.2932204 0.007319937 0.9560168 -8.534198 0 0 0 1
217 1 0.9560205 0.009391611 0.2931496 -6.163789 -0.006832703 0.9999291 -0.009751821 114.7735 -0.2932204 0.007319937 0.9560168 -8.534197 0 0 0 1
218 0 0.9482772 0.01037148 0.317274 -6.047254 -0.007288246 0.999914 -0.01090323 114.7934 -0.3173597 0.008026915 0.9482713 -8.817621 0 0 0 1
218 1 0.9482772 0.01037148 0.317274 -6.579979 -0.007288246 0.999914 -0.01090323 114.7934 -0.3173597 0.008026915 0.9482713 -8.817622 0 0 0 1
219 0 0.939783 0.01330694 0.3415126 -6.233706 -0.009096257 0.9998616 -0.01392802 114.8377 -0.3416507 0.009982833 0.939774 -8.903422 0 0 0 1
219 1 0.939783 0.01330694 0.3415126 -6.76643 -0.009096257 0.9998616 -0.01392802 114.8377 -0.3416507 0.009982833 0.939774 -8.903422 0 0 0 1
220 0 0.9296549 0.01329363 0.3681915 -6.797354 -0.007880773 0.9998377 -0.016201 114.8677 -0.3683472 0.0121597 0.9296088 -8.939556 0 0 0 1
220 1 0.9296549 0.01329363 0.3681915 -7.330079 -0.007880773 0.9998377 -0.016201 114.8677 -0.3683472 0.0121597 0.9296088 -8.939556 0 0 0 1
221 0 0.916844 0.01435418 0.3989876 -7.32628 -0.00772671 0.9998043 -0.01821405 114.9011 -0.399171 0.01361658 0.9167754 -9.064011 0 0 0 1
221 1 0.916844 0.01435418 0.3989876 -7.859004 -0.00772671 0.9998043 -0.01821405 114.9011 -0.399171 0.01361658 0.9167754 -9.064011 0 0 0 1
222 0 0.9033929 0.01421998 0.4285779 -7.969118 -0.006528698 0.9997903 -0.01941074 114.9226 -0.4287641 0.01473747 0.9032963 -9.170853 0 0 0 1
222 1 0.9033929 0.01421998 0.4285779 -8.501842 -0.006528698 0.9997903 -0.01941074 114.9226 -0.4287641 0.01473747 0.9032963 -9.170852 0 0 0 1
223 0 0.8866283 0.01318273 0.4622947 -8.810343 -0.003864509 0.9997699 -0.02109761 114.9474 -0.4624665 0.01691919 0.8864753 -9.149716 0 0 0 1
223 1 0.8866283 0.01318273 0.4622947 -9.343068 -0.003864509 0.9997699 -0.02109761 114.9474 -0.4624665 0.01691919 0.8864753 -9.149717 0 0 0 1
224 0 0.8701255 0.01067307 0.4927147 -9.767211 -0.0004263995 0.9997814 -0.02090403 114.9451 -0.4928301 0.01797903 0.8699398 -9.217261 0 0 0 1
224 1 0.8701255 0.01067307 0.4927147 -10.29994 -0.0004263995 0.9997814 -0.02090403 114.9451 -0.4928301 0.01797903 0.8699398 -9.217262 0 0 0 1
225 0 0.8520258 0.009750368 0.5234089 -10.56149 0.0008052075 0.9998009 -0.01993562 114.9402 -0.5234992 0.01740712 0.8518484 -9.441621 0 0 0 1
225 1 0.8520258 0.009750368 0.5234089 -11.09422 0.0008052075 0.9998009 -0.01993562 114.9402 -0.5234992 0.01740712 0.8518484 -9.44162 0 0 0 1
226 0 0.8298243 0.01128413 0.5579107 -11.17747 0.0001171213 0.999792 -0.02039569 114.9634 -0.5580248 0.01699018 0.8296503 -9.61551 0 0 0 1
226 1 0.8298243 0.01128413 0.5579107 -11.7102 0.0001171213 0.999792 -0.02039569 114.9634 -0.5580248 0.01699018 0.8296503 -9.615509 0 0 0 1
227 0 0.8079907 0.01113429 0.58909 -11.92689 0.0006024502 0.9998053 -0.01972347 114.9645 -0.5891949 0.01629128 0.8078267 -9.77808 0 0 0 1
227 1 0.8079907 0.01113429 0.58909 -12.45962 0.0006024502 0.9998053 -0.01972347 114.9645 -0.5891949 0.01629128 0.8078267 -9.77808 0 0 0 1
228 0 0.7843074 0.009889806 0.6202936 -12.81817 0.001213176 0.9998466 -0.01747526 114.9394 -0.6203712 0.0144585 0.784175 -10.03104 0 0 0 1
228 1 0.7843074 0.009889806 0.6202936 -13.35089 0.001213176 0.9998466 -0.01747526 114.9394 -0.6203712 0.0144585 0.784175 -10.03104 0 0 0 1
229 0 0.7564542 0.01291602 0.6539191 -13.3135 0.0005933307 0.999791 -0.02043395 115.0025 -0.6540464 0.01584534 0.7562885 -9.879291 0 0 0 1
229 1 0.7564542 0.01291602 0.6539191 -13.84623 0.0005933307 0.999791 -0.02043395 115.0025 -0.6540464 0.01584534 0.7562885 -9.87929 0 0 0 1
230 0 0.7296695 0.01732716 0.6835805 -13.58233 2.905168E-05 0.9996781 -0.02537051 115.0993 -0.6838 0.01853194 0.7294341 -9.545618 0 0 0 1
230 1 0.7296695 0.01732716 0.6835805 -14.11506 2.905168E-05 0.9996781 -0.02537051 115.0993 -0.6838 0.01853194 0.7294341 -9.545618 0 0 0 1
231 0 0.6987645 0.01907148 0.7150975 -14.23621 0.001971625 0.9995894 -0.0285854 115.1647 -0.7153491 0.02138437 0.69844 -9.160348 0 0 0 1
231 1 0.6987645 0.01907148 0.7150975 -14.76894 0.001971625 0.9995894 -0.0285854 115.1647 -0.7153491 0.02138437 0.69844 -9.160349 0 0 0 1
232 0 0.6692322 0.02163862 0.7427382 -14.72089 0.002561088 0.9995028 -0.03142672 115.2299 -0.743049 0.02293399 0.668844 -8.896124 0 0 0 1
232 1 0.6692322 0.02163862 0.7427382 -15.25361 0.002561088 0.9995028 -0.03142672 115.2299 -0.743049 0.02293399 0.668844 -8.896124 0 0 0 1
233 0 0.6378902 0.02373836 0.7697614 -15.26839 0.002742758 0.9994485 -0.03309447 115.2788 -0.7701225 0.02322191 0.6374733 -8.732891 0 0 0 1
233 1 0.6378902 0.02373836 0.7697614 -15.80112 0.002742758 0.9994485 -0.03309447 115.2788 -0.7701225 0.02322191 0.6374733 -8.732889 0 0 0 1
234 0 0.6019411 0.02461935 0.7981609 -16.03215 0.004433881 0.9994062 -0.03417064 115.317 -0.7985281 0.02410766 0.6014745 -8.452981 0 0 0 1
234 1 0.6019411 0.02461935 0.7981609 -16.56487 0.004433881 0.9994062 -0.03417064 115.317 -0.7985281 0.02410766 0.6014745 -8.452982 0 0 0 1
235 0 0.5685103 0.02443131 0.8223134 -16.82978 0.00615782 0.9994045 -0.03395002 115.3306 -0.8226532 0.02436459 0.5680213 -8.241013 0 0 0 1
235 1 0.5685103 0.02443131 0.8223134 -17.36251 0.00615782 0.9994045 -0.03395002 115.3306 -0.8226532 0.02436459 0.5680213 -8.241013 0 0 0 1
236 0 0.5340612 0.02532383 0.8450665 -17.49977 0.008333956 0.9993451 -0.0352139 115.3719 -0.8454048 0.02584912 0.5335003 -7.859896 0 0 0 1
236 1 0.5340612 0.02532383 0.8450665 -18.0325 0.008333956 0.9993451 -0.0352139 115.3719 -0.8454048 0.02584912 0.5335003 -7.859896 0 0 0 1
237 0 0.4952154 0.02478867 0.8684165 -18.40267 0.01086053 0.9993381 -0.03471901 115.3826 -0.8687024 0.02662485 0.4946184 -7.515117 0 0 0 1
237 1 0.4952154 0.02478867 0.8684165 -18.9354 0.01086053 0.9993381 -0.03471901 115.3826 -0.8687024 0.02662485 0.4946184 -7.515118 0 0 0 1
238 0 0.4595013 0.02436649 0.8878429 -19.20474 0.01436954 0.9992888 -0.03486201 115.4022 -0.8880609 0.02877703 0.4588243 -7.024131 0 0 0 1
238 1 0.4595013 0.02436649 0.8878429 -19.73747 0.01436954 0.9992888 -0.03486201 115.4022 -0.8880609 0.02877703 0.4588243 -7.024131 0 0 0 1
239 0 0.4228172 0.02432441 0.9058885 -19.961 0.01720819 0.9992439 -0.03486294 115.4222 -0.9060516 0.03032935 0.422079 -6.575804 0 0 0 1
239 1 0.4228172 0.02432441 0.9058885 -20.49373 0.01720819 0.9992439 -0.03486294 115.4222 -0.9060516 0.03032935 0.422079 -6.575804 0 0 0 1
240 0 0.3815478 0.02540185 0.9240001 -20.66003 0.01802354 0.9992278 -0.03491242 115.4525 -0.9241734 0.02997451 0.3807954 -6.289874 0 0 0 1
240 1 0.3815478 0.02540185 0.9240001 -21.19276 0.01802354 0.9992278 -0.03491242 115.4525 -0.9241734 0.02997451 0.3807954 -6.289872 0 0 0 1
241 0 0.3444262 0.03021118 0.9383272 -20.84046 0.01628853 0.9991393 -0.03814808 115.5545 -0.9386721 0.02842317 0.3436377 -6.172876 0 0 0 1
241 1 0.3444262 0.03021118 0.9383272 -21.37319 0.01628853 0.9991393 -0.03814808 115.5545 -0.9386721 0.02842317 0.3436377 -6.172876 0 0 0 1
242 0 0.3068815 0.02924707 0.9512983 -21.67568 0.01431648 0.9992728 -0.03534041 115.5226 -0.9516401 0.02446456 0.3062396 -6.321462 0 0 0 1
242 1 0.3068815 0.02924707 0.9512983 -22.2084 0.01431648 0.9992728 -0.03534041 115.5226 -0.9516401 0.02446456 0.3062396 -6.321463 0 0 0 1
243 0 0.2664182 0.02687545 0.9634829 -22.72162 0.01200341 0.9994411 -0.03119761 115.455 -0.9637829 0.01987669 0.2659467 -6.531823 0 0 0 1
243 1 0.2664182 0.02687545 0.9634829 -23.25434 0.01200341 0.9994411 -0.03119761 115.455 -0.9637829 0.01987669 0.2659467 -6.531823 0 0 0 1
244 0 0.2300585 0.03121176 0.9726763 -22.92115 0.008740821 0.999379 -0.034136 115.5459 -0.9731376 0.01635527 0.2296428 -6.646924 0 0 0 1
244 1 0.2300585 0.03121176 0.9726763 -23.45387 0.008740821 0.999379 -0.034136 115.5459 -0.9731376 0.01635527 0.2296428 -6.646924 0 0 0 1
245 0 0.190686 0.0300588 0.9811908 -23.80906 0.009621465 0.9994258 -0.03248728 115.5325 -0.981604 0.01563536 0.1902874 -6.426675 0 0 0 1
245 1 0.190686 0.0300588 0.9811908 -24.34178 0.009621465 0.9994258 -0.03248728 115.5325 -0.981604 0.01563536 0.1902874 -6.426676 0 0 0 1
246 0 0.1578194 0.03207236 0.9869471 -24.23562 0.01081526 0.9993563 -0.03420505 115.6009 -0.9874088 0.01607231 0.157371 -6.172116 0 0 0 1
246 1 0.1578194 0.03207236 0.9869471 -24.76834 0.01081526 0.9993563 -0.03420505 115.6009 -0.9874088 0.01607231 0.157371 -6.172116 0 0 0 1
247 0 0.1245291 0.03288087 0.991671 -24.79825 0.009769765 0.9993617 -0.0343627 115.6256 -0.9921679 0.01396755 0.1241283 -6.188266 0 0 0 1
247 1 0.1245291 0.03288087 0.991671 -25.33098 0.009769765 0.9993617 -0.0343627 115.6256 -0.9921679 0.01396755 0.1241283 -6.188267 0 0 0 1
248 0 0.0896582 0.03268941 0.995436 -25.52377 0.007408221 0.9994117 -0.03348722 115.6187 -0.995945 0.01037681 0.08936328 -6.389521 0 0 0 1
248 1 0.0896582 0.03268941 0.995436 -26.05649 0.007408221 0.9994117 -0.03348722 115.6187 -0.995945 0.01037681 0.08936328 -6.389521 0 0 0 1
249 0 0.05883509 0.03516704 0.9976482 -25.86973 0.00429255 0.9993612 -0.03548057 115.6761 -0.9982585 0.006369957 0.0586465 -6.668359 0 0 0 1
249 1 0.05883509 0.03516704 0.9976482 -26.40245 0.00429255 0.9993612 -0.03548057 115.6761 -0.9982585 0.006369957 0.0586465 -6.668359 0 0 0 1
250 0 0.03096265 0.03096059 0.9990408 -26.96012 0.004495902 0.9995057 -0.03111433 115.5782 -0.9995104 0.005454971 0.03080815 -6.672416 0 0 0 1
250 1 0.03096265 0.03096059 0.9990408 -27.49284 0.004495902 0.9995057 -0.03111433 115.5782 -0.9995104 0.005454971 0.03080815 -6.672415 0 0 0 1
251 0 0.004509211 0.02858776 0.9995812 -27.87452 0.00479098 0.9995792 -0.02860932 115.5286 -0.9999784 0.004917979 0.004370332 -6.737141 0 0 0 1
251 1 0.004509211 0.02858776 0.9995812 -28.40725 0.00479098 0.9995792 -0.02860932 115.5286 -0.9999784 0.004917979 0.004370332 -6.737141 0 0 0 1
252 0 -0.01611817 0.02541304 0.9995472 -28.8035 0.004634544 0.9996681 -0.02534138 115.4495 -0.9998594 0.004223987 -0.0162307 -6.916842 0 0 0 1
252 1 -0.01611817 0.02541304 0.9995472 -29.33622 0.004634544 0.9996681 -0.02534138 115.4495 -0.9998594 0.004223987 -0.0162307 -6.916842 0 0 0 1
253 0 -0.03256571 0.02165714 0.9992351 -29.77422 0.004710238 0.9997574 -0.02151495 115.3515 -0.9994586 0.004005989 -0.03265977 -7.167849 0 0 0 1
253 1 -0.03256571 0.02165714 0.9992351 -30.30695 0.004710238 0.9997574 -0.02151495 115.3515 -0.9994586 0.004005989 -0.03265977 -7.167849 0 0 0 1
254 0 -0.04736519 0.01897865 0.9986974 -30.65661 0.005589633 0.9998088 -0.01873468 115.2888 -0.998862 0.004694983 -0.04746222 -7.437784 0 0 0 1
254 1 -0.04736519 0.01897865 0.9986974 -31.18934 0.005589633 0.9998088 -0.01873468 115.2888 -0.998862 0.004694983 -0.04746222 -7.437784 0 0 0 1
255 0 -0.05790293 0.01619712 0.9981909 -31.48759 0.005534834 0.9998582 -0.01590311 115.2125 -0.998307 0.004603984 -0.05798435 -7.856186 0 0 0 1
255 1 -0.05790293 0.01619712 0.9981909 -32.02031 0.005534834 0.9998582 -0.01590311 115.2125 -0.998307 0.004603984 -0.05798435 -7.856186 0 0 0 1
256 0 -0.06560946 0.01402943 0.9977468 -32.27483 0.004881372 0.9998937 -0.01373863 115.1488 -0.9978335 0.00396899 -0.06567097 -8.504585 0 0 0 1
256 1 -0.06560946 0.01402943 0.9977468 -32.80756 0.004881372 0.9998937 -0.01373863 115.1488 -0.9978335 0.00396899 -0.06567097 -8.504585 0 0 0 1
257 0 -0.0694294 0.01294659 0.9975029 -32.86884 0.003703391 0.9999123 -0.01272009 115.1117 -0.99758 0.002810996 -0.06947124 -9.268093 0 0 0 1
257 1 -0.0694294 0.01294659 0.9975029 -33.40157 0.003703391 0.9999123 -0.01272009 115.1117 -0.99758 0.002810996 -0.06947124 -9.268093 0 0 0 1
258 0 -0.07125247 0.01096078 0.9973981 -33.54932 0.001452358 0.9999397 -0.01088495 115.0315 -0.9974572 0.0006729998 -0.07126415 -10.21362 0 0 0 1
258 1 -0.07125247 0.01096078 0.9973981 -34.08204 0.001452358 0.9999397 -0.01088495 115.0315 -0.9974572 0.0006729998 -0.07126415 -10.21362 0 0 0 1
259 0 -0.07144713 0.008687889 0.9974067 -34.29557 0.001308012 0.999962 -0.008616452 114.9599 -0.9974436 0.0006889999 -0.07145584 -11.04992 0 0 0 1
259 1 -0.07144713 0.008687889 0.9974067 -34.8283 0.001308012 0.999962 -0.008616452 114.9599 -0.9974436 0.0006889999 -0.07145584 -11.04992 0 0 0 1
260 0 -0.07102847 0.007967886 0.9974425 -34.8175 0.003332042 0.9999644 -0.007750755 114.9637 -0.9974688 0.002772997 -0.07105243 -11.59802 0 0 0 1
260 1 -0.07102847 0.007967886 0.9974425 -35.35023 0.003332042 0.9999644 -0.007750755 114.9637 -0.9974688 0.002772997 -0.07105243 -11.59802 0 0 0 1
261 0 -0.06985104 0.008519692 0.9975211 -35.1886 0.007496413 0.9999398 -0.008015417 115.0393 -0.9975293 0.006917945 -0.06991076 -11.94031 0 0 0 1
261 1 -0.06985104 0.008519692 0.9975211 -35.72133 0.007496413 0.9999398 -0.008015417 115.0393 -0.9975293 0.006917945 -0.06991076 -11.94031 0 0 0 1
262 0 -0.06875157 0.01160939 0.9975664 -35.3155 0.008545261 0.9999025 -0.01104765 115.1701 -0.9975974 0.007764922 -0.06884408 -12.73598 0 0 0 1
262 1 -0.06875157 0.01160939 0.9975664 -35.84823 0.008545261 0.9999025 -0.01104765 115.1701 -0.9975974 0.007764922 -0.06884408 -12.73598 0 0 0 1
263 0 -0.0674783 0.01468806 0.9976128 -35.39889 0.008512759 0.9998637 -0.0141454 115.2881 -0.9976845 0.007537929 -0.06759417 -13.5872 0 0 0 1
263 1 -0.0674783 0.01468806 0.9976128 -35.93161 0.008512759 0.9998637 -0.0141454 115.2881 -0.9976845 0.007537929 -0.06759417 -13.5872 0 0 0 1
264 0 -0.06638968 0.01628469 0.9976609 -35.70094 0.009601424 0.999831 -0.01568118 115.3736 -0.9977475 0.008537895 -0.06653488 -14.37484 0 0 0 1
264 1 -0.06638968 0.01628469 0.9976609 -36.23366 0.009601424 0.999831 -0.01568118 115.3736 -0.9977475 0.008537895 -0.06653488 -14.37484 0 0 0 1
265 0 -0.06521094 0.01738712 0.99772 -36.01483 0.01187643 0.9997909 -0.01664696 115.4613 -0.9978008 0.01076379 -0.06540382 -14.951 0 0 0 1
265 1 -0.06521094 0.01738712 0.99772 -36.54755 0.01187643 0.9997909 -0.01664696 115.4613 -0.9978008 0.01076379 -0.06540382 -14.951 0 0 0 1
266 0 -0.06418586 0.01744724 0.9977855 -36.4529 0.01574439 0.9997404 -0.01646862 115.5407 -0.9978139 0.01465247 -0.06444395 -15.33469 0 0 0 1
266 1 -0.06418586 0.01744724 0.9977855 -36.98563 0.01574439 0.9997404 -0.01646862 115.5407 -0.9978139 0.01465247 -0.06444395 -15.33469 0 0 0 1
267 0 -0.06287003 0.01617351 0.9978907 -37.08561 0.02529531 0.9995733 -0.0146071 115.6677 -0.9977012 0.0243236 -0.06325233 -15.15084 0 0 0 1
267 1 -0.06287003 0.01617351 0.9978907 -37.61834 0.02529531 0.9995733 -0.0146071 115.6677 -0.9977012 0.0243236 -0.06325233 -15.15084 0 0 0 1
268 0 -0.06156874 0.01943476 0.9979137 -37.15403 0.03322982 0.9992961 -0.01741149 115.9382 -0.9975496 0.03208849 -0.0621711 -15.09823 0 0 0 1
268 1 -0.06156874 0.01943476 0.9979137 -37.68676 0.03322982 0.9992961 -0.01741149 115.9382 -0.9975496 0.03208849 -0.0621711 -15.09823 0 0 0 1
269 0 -0.06142282 0.01880562 0.9979347 -37.68445 0.03075567 0.9993834 -0.01693991 115.91 -0.9976379 0.02965166 -0.06196332 -16.18267 0 0 0 1
269 1 -0.06142282 0.01880562 0.9979347 -38.21717 0.03075567 0.9993834 -0.01693991 115.91 -0.9976379 0.02965166 -0.06196332 -16.18267 0 0 0 1
